0.999995 -0.00303355 5.19695e-19 0.100608 0.00303354 0.999993 0.00234152 -0.0700021 -7.10312e-06 -0.00234151 0.999997 0.0777388 0 0 0 1 
0.999984 -0.00569107 9.63807e-19 0.188745 0.00569102 0.999974 0.00434432 -0.12948 -2.47238e-05 -0.00434425 0.999991 0.144361 0 0 0 1 
0.999968 -0.00798256 1.33572e-18 0.264743 0.00798242 0.99995 0.00602309 -0.179034 -4.80797e-05 -0.0060229 0.999982 0.200295 0 0 0 1 
0.999951 -0.0098656 1.63199e-18 0.327194 0.00986533 0.999924 0.00736173 -0.218339 -7.26279e-05 -0.00736137 0.999973 0.244954 0 0 0 1 
0.999935 -0.0114207 1.86331e-18 0.37877 0.0114203 0.999899 0.00840807 -0.248907 -9.60263e-05 -0.00840752 0.999965 0.279897 0 0 0 1 
0.999919 -0.0126915 2.04019e-18 0.420916 0.012691 0.999877 0.00920921 -0.272199 -0.000116879 -0.00920847 0.999958 0.306673 0 0 0 1 
0.999906 -0.0137109 2.16589e-18 0.454725 0.0137102 0.999858 0.00977975 -0.288689 -0.000134089 -0.00977883 0.999952 0.325751 0 0 0 1 
0.999894 -0.0145299 2.25199e-18 0.481887 0.0145291 0.999843 0.0101717 -0.299935 -0.000147794 -0.0101707 0.999948 0.338864 0 0 0 1 
0.999885 -0.0151926 2.30486e-18 0.503864 0.0151917 0.99983 0.0104139 -0.306791 -0.000158214 -0.0104127 0.999946 0.346966 0 0 0 1 
0.999876 -0.0157492 2.33329e-18 0.522326 0.0157484 0.99982 0.0105459 -0.310421 -0.000166091 -0.0105446 0.999944 0.351383 0 0 0 1 
0.999869 -0.0161964 2.33652e-18 0.537157 0.0161955 0.999813 0.0105643 -0.310729 -0.000171104 -0.0105629 0.999944 0.351996 0 0 0 1 
0.999863 -0.0165608 2.3194e-18 0.549242 0.0165599 0.999808 0.0104909 -0.308354 -0.000173738 -0.0104895 0.999945 0.349536 0 0 0 1 
0.999858 -0.0168673 2.28555e-18 0.559407 0.0168664 0.999804 0.0103421 -0.303773 -0.000174444 -0.0103407 0.999947 0.344555 0 0 0 1 
0.999854 -0.0171165 2.23549e-18 0.567673 0.0171157 0.999802 0.0101203 -0.297051 -0.000173224 -0.0101188 0.999949 0.337128 0 0 0 1 
0.99985 -0.0173401 2.17192e-18 0.575089 0.0173393 0.999801 0.00983768 -0.288539 -0.000170587 -0.0098362 0.999952 0.327671 0 0 0 1 
0.999847 -0.0175115 2.0929e-18 0.580773 0.0175107 0.999802 0.00948532 -0.277982 -0.000166102 -0.00948386 0.999955 0.315884 0 0 0 1 
0.999844 -0.0176465 1.99971e-18 0.58525 0.0176458 0.999803 0.0090691 -0.265545 -0.000160038 -0.00906769 0.999959 0.301965 0 0 0 1 
0.999843 -0.0177426 1.89198e-18 0.588438 0.017742 0.999806 0.00858719 -0.251172 -0.000152359 -0.00858583 0.999963 0.285857 0 0 0 1 
0.999841 -0.0178096 1.77077e-18 0.590658 0.017809 0.999809 0.00804447 -0.235001 -0.000143268 -0.00804319 0.999968 0.267725 0 0 0 1 
0.999841 -0.0178457 1.63614e-18 0.591856 0.0178452 0.999813 0.00744108 -0.217033 -0.000132791 -0.0074399 0.999972 0.247576 0 0 0 1 
0.999841 -0.017858 1.4886e-18 0.592263 0.0178576 0.999818 0.00677934 -0.197329 -0.000121065 -0.00677826 0.999977 0.225491 0 0 0 1 
0.999841 -0.0178494 1.32865e-18 0.591979 0.0178491 0.999822 0.00606144 -0.17595 -0.000108193 -0.00606047 0.999982 0.201548 0 0 0 1 
0.999841 -0.0178227 1.15659e-18 0.591093 0.0178224 0.999827 0.0052887 -0.152929 -9.42588e-05 -0.00528786 0.999986 0.175792 0 0 0 1 
0.999842 -0.0177855 9.73511e-19 0.589858 0.0177853 0.999832 0.00446603 -0.128404 -7.94305e-05 -0.00446533 0.99999 0.148393 0 0 0 1 
0.999843 -0.0177373 7.79229e-19 0.588259 0.0177371 0.999836 0.00359254 -0.102345 -6.37217e-05 -0.00359197 0.999994 0.119322 0 0 0 1 
0.999844 -0.0176769 5.73303e-19 0.586258 0.0176768 0.99984 0.00266614 -0.0746843 -4.71291e-05 -0.00266572 0.999996 0.0885158 0 0 0 1 
0.999845 -0.017605 3.55556e-19 0.583872 0.0176049 0.999844 0.00168597 -0.0453921 -2.96815e-05 -0.00168571 0.999999 0.0559496 0 0 0 1 
0.999847 -0.0175111 1.24365e-19 0.580758 0.0175111 0.999846 0.00064454 -0.0142441 -1.12866e-05 -0.000644442 1 0.0213793 0 0 0 1 
0.999849 -0.0173851 -1.22035e-19 0.57658 0.0173851 0.999849 -0.000466303 0.019005 8.10671e-06 0.000466232 1 -0.0154594 0 0 0 1 
0.999852 -0.0172113 -3.86459e-19 0.570816 0.0172113 0.99985 -0.00165952 0.0547438 2.85625e-05 0.00165927 0.999999 -0.0549888 0 0 0 1 
0.999856 -0.0169587 -6.73321e-19 0.562438 0.0169586 0.999852 -0.00295546 0.093578 5.01207e-05 0.00295503 0.999996 -0.0978731 0 0 0 1 
0.999862 -0.0165931 -9.87712e-19 0.550313 0.0165929 0.999853 -0.0043776 0.136212 7.2638e-05 0.004377 0.99999 -0.144877 0 0 0 1 
0.999871 -0.0160726 -1.33506e-18 0.533051 0.0160723 0.999853 -0.0059511 0.183404 9.56496e-05 0.00595033 0.999982 -0.196812 0 0 0 1 
0.999882 -0.0153394 -1.72247e-18 0.508734 0.0153389 0.999853 -0.00770878 0.236151 0.000118248 0.00770787 0.99997 -0.254742 0 0 0 1 
0.999897 -0.0143353 -2.15609e-18 0.475433 0.0143346 0.99985 -0.00967932 0.295341 0.000138756 0.00967832 0.999953 -0.319578 0 0 0 1 
0.999915 -0.0130012 -2.64139e-18 0.431186 0.0130002 0.999845 -0.0118881 0.36179 0.000154559 0.0118871 0.999929 -0.392118 0 0 0 1 
0.999936 -0.0112857 -3.18146e-18 0.374291 0.0112845 0.999833 -0.0143496 0.436016 0.000161945 0.0143487 0.999897 -0.472789 0 0 0 1 
0.999958 -0.00915501 -3.77599e-18 0.303627 0.00915367 0.999813 -0.0170627 0.518099 0.000156209 0.017062 0.999854 -0.561496 0 0 0 1 
0.999978 -0.006595 -4.42177e-18 0.218724 0.00659368 0.999778 -0.0200123 0.607732 0.000131981 0.0200119 0.9998 -0.65769 0 0 0 1 
0.999993 -0.00362378 -5.1115e-18 0.120183 0.00362281 0.999725 -0.0231645 0.704051 8.39429e-05 0.0231643 0.999732 -0.760199 0 0 0 1 
1 -0.000278572 -5.83578e-18 0.0092389 0.000278475 0.999649 -0.0264753 0.805886 7.37529e-06 0.0264753 0.999649 -0.867542 0 0 0 1 
0.999994 0.00337907 -6.58344e-18 -0.112067 -0.00337756 0.999547 -0.0298925 0.911784 -0.000101009 0.0298923 0.999553 -0.977976 0 0 0 1 
0.999974 0.0072785 -7.34349e-18 -0.241393 -0.00727445 0.999417 -0.0333646 1.02028 -0.000242844 0.0333637 0.999443 -1.08981 0 0 0 1 
0.999936 0.0113439 -8.10568e-18 -0.376222 -0.0113362 0.999257 -0.0368436 1.12996 -0.000417951 0.0368413 0.999321 -1.20148 0 0 0 1 
0.99988 0.0155081 -8.86183e-18 -0.51433 -0.0154955 0.999068 -0.0402916 1.23967 -0.000624848 0.0402868 0.999188 -1.31176 0 0 0 1 
0.999806 0.0197147 -9.60569e-18 -0.653841 -0.0196959 0.998851 -0.0436793 1.34847 -0.000861123 0.0436708 0.999046 -1.41972 0 0 0 1 
0.999714 0.0239151 -1.03324e-17 -0.793149 -0.0238887 0.99861 -0.0469842 1.45563 -0.00112363 0.0469707 0.998896 -1.52466 0 0 0 1 
0.999606 0.0280744 -1.10387e-17 -0.931092 -0.028039 0.998346 -0.0501915 1.5606 -0.0014091 0.0501717 0.99874 -1.62614 0 0 0 1 
0.999482 0.0321736 -1.17239e-17 -1.06704 -0.0321279 0.998062 -0.0532982 1.66323 -0.0017148 0.0532706 0.998579 -1.72409 0 0 0 1 
0.999345 0.0361978 -1.23877e-17 -1.20051 -0.0361404 0.997759 -0.0563023 1.76338 -0.00203802 0.0562654 0.998414 -1.81847 0 0 0 1 
0.999194 0.0401466 -1.30324e-17 -1.33147 -0.0400762 0.99744 -0.0592158 1.86136 -0.00237731 0.0591681 0.998245 -1.90968 0 0 0 1 
0.999031 0.0440183 -1.36606e-17 -1.45987 -0.0439335 0.997106 -0.0620498 1.95749 -0.00273133 0.0619897 0.998073 -1.99809 0 0 0 1 
0.998856 0.0478214 -1.42772e-17 -1.58601 -0.0477208 0.996755 -0.0648279 2.05246 -0.00310016 0.0647537 0.997896 -2.08446 0 0 0 1 
0.998669 0.0515718 -1.48883e-17 -1.71039 -0.0514539 0.996386 -0.0675777 2.14718 -0.0034851 0.0674878 0.997714 -2.16966 0 0 0 1 
0.998471 0.0552811 -1.55001e-17 -1.83341 -0.0551443 0.995999 -0.0703283 2.24256 -0.00388783 0.0702208 0.997524 -2.2546 0 0 0 1 
0.99826 0.0589662 -1.612e-17 -1.95562 -0.0588084 0.995588 -0.0731145 2.33975 -0.00431128 0.0729872 0.997324 -2.34034 0 0 0 1 
0.998037 0.0626347 -1.67537e-17 -2.07729 -0.0624537 0.995153 -0.0759626 2.43964 -0.0047579 0.0758135 0.997111 -2.42769 0 0 0 1 
0.9978 0.0662997 -1.7408e-17 -2.19884 -0.066093 0.994689 -0.0789044 2.54328 -0.00523134 0.0787308 0.996882 -2.51759 0 0 0 1 
0.99755 0.0699619 -1.80866e-17 -2.3203 -0.0697266 0.994194 -0.0819587 2.65133 -0.00573399 0.0817578 0.996636 -2.61059 0 0 0 1 
0.997286 0.0736247 -1.87934e-17 -2.44178 -0.0733574 0.993665 -0.0851436 2.76443 -0.00626868 0.0849126 0.996369 -2.7072 0 0 0 1 
0.99701 0.0772729 -1.95286e-17 -2.56277 -0.07697 0.993101 -0.0884622 2.88266 -0.00683573 0.0881977 0.99608 -2.80748 0 0 0 1 
0.996722 0.0809019 -2.02927e-17 -2.68313 -0.0805594 0.992503 -0.0919171 3.00617 -0.00743627 0.0916158 0.995767 -2.91146 0 0 0 1 
0.996424 0.0844895 -2.10824e-17 -2.80211 -0.0841034 0.991871 -0.0954951 3.13447 -0.00806834 0.0951537 0.99543 -3.01869 0 0 0 1 
0.996118 0.0880229 -2.18945e-17 -2.9193 -0.0875889 0.991207 -0.0991828 3.26711 -0.00873036 0.0987978 0.995069 -3.12872 0 0 0 1 
0.995807 0.0914804 -2.27239e-17 -3.03396 -0.0909943 0.990515 -0.102957 3.4033 -0.00941859 0.102526 0.994686 -3.24086 0 0 0 1 
0.995492 0.0948474 -2.35656e-17 -3.14563 -0.0943049 0.989798 -0.106798 3.54227 -0.0101295 0.106316 0.994281 -3.35442 0 0 0 1 
0.995176 0.0981079 -2.44142e-17 -3.25376 -0.0975051 0.989062 -0.110679 3.68315 -0.0108585 0.110145 0.993856 -3.46868 0 0 0 1 
0.994861 0.10125 -2.52651e-17 -3.35797 -0.100583 0.988309 -0.114582 3.82521 -0.0116014 0.113993 0.993414 -3.58302 0 0 0 1 
0.99455 0.104263 -2.61138e-17 -3.45791 -0.103529 0.987544 -0.118485 3.96766 -0.0123536 0.117839 0.992956 -3.69684 0 0 0 1 
0.994244 0.107142 -2.69569e-17 -3.55337 -0.106336 0.986771 -0.122374 4.10994 -0.0131113 0.121669 0.992484 -3.8097 0 0 0 1 
0.993945 0.10988 -2.77917e-17 -3.64419 -0.109001 0.985994 -0.126235 4.25156 -0.0138707 0.12547 0.992 -3.92126 0 0 0 1 
0.993656 0.112466 -2.86148e-17 -3.72997 -0.111511 0.985216 -0.130055 4.39195 -0.0146268 0.12923 0.991507 -4.03113 0 0 0 1 
0.993377 0.114898 -2.94245e-17 -3.81061 -0.113864 0.984442 -0.133824 4.53071 -0.0153761 0.132938 0.991005 -4.13906 0 0 0 1 
0.993113 0.117164 -3.02182e-17 -3.88578 -0.116051 0.983675 -0.137533 4.66741 -0.016114 0.136586 0.990497 -4.24481 0 0 0 1 
0.992864 0.119252 -3.09929e-17 -3.95502 -0.118058 0.982921 -0.141167 4.80142 -0.0168344 0.140159 0.989986 -4.34799 0 0 0 1 
0.992634 0.121152 -3.17459e-17 -4.01803 -0.119877 0.982185 -0.144714 4.93225 -0.0175324 0.143648 0.989474 -4.44831 0 0 0 1 
0.992426 0.122844 -3.24724e-17 -4.07414 -0.121488 0.981474 -0.148151 5.05895 -0.0181995 0.147029 0.988965 -4.54519 0 0 0 1 
0.992245 0.124298 -3.31657e-17 -4.12238 -0.122865 0.980799 -0.151449 5.18028 -0.0188249 0.150275 0.988465 -4.63785 0 0 0 1 
0.992095 0.12549 -3.38186e-17 -4.16189 -0.123981 0.980171 -0.154574 5.29485 -0.0193974 0.153352 0.987981 -4.72539 0 0 0 1 
0.991982 0.12638 -3.44211e-17 -4.19142 -0.124803 0.979604 -0.157478 5.40076 -0.0199021 0.156215 0.987523 -4.80658 0 0 0 1 
0.991911 0.126934 -3.4962e-17 -4.2098 -0.125297 0.979115 -0.160108 5.4959 -0.0203232 0.158813 0.987099 -4.88005 0 0 0 1 
0.991888 0.127112 -3.54281e-17 -4.21569 -0.125424 0.978721 -0.162402 5.57778 -0.0206432 0.161084 0.986725 -4.94414 0 0 0 1 
0.991918 0.126884 -3.58081e-17 -4.20813 -0.12516 0.978437 -0.164302 5.6442 -0.0208473 0.162975 0.98641 -4.99738 0 0 0 1 
0.992001 0.126233 -3.60915e-17 -4.18655 -0.124487 0.978277 -0.165759 5.69321 -0.0209244 0.164433 0.986166 -5.03845 0 0 0 1 
0.992137 0.12516 -3.6272e-17 -4.15096 -0.123408 0.978248 -0.166738 5.72355 -0.020869 0.165427 0.986001 -5.06645 0 0 0 1 
0.992323 0.123676 -3.63465e-17 -4.10174 -0.121935 0.97835 -0.167221 5.73466 -0.0206813 0.165937 0.985919 -5.08093 0 0 0 1 
0.992553 0.121813 -3.63175e-17 -4.03995 -0.120098 0.978578 -0.167217 5.72698 -0.0203693 0.165972 0.98592 -5.08209 0 0 0 1 
0.99282 0.119619 -3.61926e-17 -3.9672 -0.117944 0.978918 -0.166759 5.70197 -0.0199476 0.165562 0.985998 -5.07082 0 0 0 1 
0.993115 0.117141 -3.59817e-17 -3.88502 -0.115518 0.979355 -0.165892 5.66146 -0.0194328 0.16475 0.986144 -5.04827 0 0 0 1 
0.993432 0.114427 -3.56975e-17 -3.79499 -0.112865 0.979869 -0.164674 5.60784 -0.0188431 0.163592 0.986348 -5.016 0 0 0 1 
0.993762 0.111525 -3.53533e-17 -3.69876 -0.110031 0.980444 -0.163167 5.54361 -0.0181973 0.162149 0.986598 -4.97567 0 0 0 1 
0.9941 0.108471 -3.49615e-17 -3.59746 -0.107048 0.981061 -0.161432 5.47109 -0.0175107 0.16048 0.986884 -4.92885 0 0 0 1 
0.994441 0.105297 -3.45336e-17 -3.4922 -0.103949 0.981706 -0.159522 5.39236 -0.0167972 0.158635 0.987194 -4.87699 0 0 0 1 
0.994782 0.102027 -3.40788e-17 -3.38374 -0.100754 0.982369 -0.157481 5.30917 -0.0160673 0.156659 0.987522 -4.82129 0 0 0 1 
0.99512 0.098668 -3.36031e-17 -3.27234 -0.0974703 0.983041 -0.155338 5.2226 -0.0153269 0.15458 0.987861 -4.76252 0 0 0 1 
0.995455 0.0952378 -3.31122e-17 -3.15858 -0.0941148 0.983716 -0.153121 5.1337 -0.0145829 0.152425 0.988207 -4.70142 0 0 0 1 
0.995783 0.0917397 -3.26083e-17 -3.04256 -0.09069 0.98439 -0.150839 5.0429 -0.0138379 0.150203 0.988558 -4.63827 0 0 0 1 
0.996105 0.0881774 -3.20927e-17 -2.92442 -0.0871997 0.98506 -0.148499 4.95045 -0.0130943 0.147921 0.988913 -4.5732 0 0 0 1 
0.996419 0.0845565 -3.15657e-17 -2.80433 -0.0836491 0.985727 -0.146102 4.85645 -0.0123539 0.145579 0.989269 -4.50624 0 0 0 1 
0.996724 0.0808767 -3.10269e-17 -2.68229 -0.0800379 0.986387 -0.143646 4.76083 -0.0116176 0.143175 0.989629 -4.4373 0 0 0 1 
0.99702 0.0771422 -3.04754e-17 -2.55844 -0.0763702 0.987042 -0.141125 4.66352 -0.0108867 0.140705 0.989992 -4.36625 0 0 0 1 
0.997306 0.0733524 -2.99112e-17 -2.43275 -0.0726451 0.987689 -0.138541 4.56453 -0.0101623 0.138168 0.990357 -4.29305 0 0 0 1 
0.997581 0.0695112 -2.93345e-17 -2.30535 -0.0688664 0.988327 -0.135893 4.46391 -0.00944607 0.135564 0.990724 -4.21771 0 0 0 1 
0.997845 0.0656149 -2.87461e-17 -2.17613 -0.0650303 0.988955 -0.133186 4.36186 -0.00873895 0.132899 0.991091 -4.14034 0 0 0 1 
0.998097 0.0616691 -2.8148e-17 -2.04527 -0.0611423 0.989571 -0.130428 4.25875 -0.00804341 0.13018 0.991458 -4.06118 0 0 0 1 
0.998336 0.0576669 -2.75421e-17 -1.91253 -0.0571953 0.990171 -0.127631 4.15492 -0.00736011 0.127419 0.991822 -3.98052 0 0 0 1 
0.998562 0.0536131 -2.69318e-17 -1.77809 -0.0531939 0.990754 -0.124809 4.05093 -0.00669141 0.12463 0.992181 -3.89879 0 0 0 1 
0.998774 0.0495014 -2.63201e-17 -1.64172 -0.0491318 0.991316 -0.121977 3.94732 -0.00603805 0.121828 0.992533 -3.81642 0 0 0 1 
0.998972 0.0453287 -2.57106e-17 -1.50333 -0.0450058 0.991855 -0.119152 3.84468 -0.00540101 0.11903 0.992876 -3.73392 0 0 0 1 
0.999155 0.04109 -2.51075e-17 -1.36276 -0.0408109 0.992369 -0.116354 3.74372 -0.00478101 0.116256 0.993208 -3.65189 0 0 0 1 
0.999324 0.0367751 -2.45148e-17 -1.21965 -0.036537 0.992854 -0.113602 3.64506 -0.00417773 0.113525 0.993526 -3.57088 0 0 0 1 
0.999476 0.0323652 -2.39361e-17 -1.0734 -0.0321656 0.99331 -0.110912 3.54926 -0.00358971 0.110854 0.99383 -3.49141 0 0 0 1 
0.999612 0.0278398 -2.33751e-17 -0.923313 -0.0276761 0.993733 -0.108302 3.45692 -0.00301511 0.10826 0.994118 -3.41401 0 0 0 1 
0.999732 0.0231689 -2.28344e-17 -0.768401 -0.0230389 0.994122 -0.105783 3.36843 -0.00245088 0.105755 0.994389 -3.33906 0 0 0 1 
0.999832 0.018327 -2.23173e-17 -0.607819 -0.0182288 0.994476 -0.10337 3.28431 -0.00189447 0.103353 0.994643 -3.267 0 0 0 1 
0.999912 0.0132837 -2.18255e-17 -0.440557 -0.0132157 0.994792 -0.101069 3.20479 -0.00134257 0.10106 0.994879 -3.19805 0 0 0 1 
0.999968 0.00802523 -2.13606e-17 -0.266158 -0.0079859 0.995067 -0.0988849 3.13016 -0.000793575 0.0988817 0.995099 -3.1324 0 0 0 1 
0.999997 0.0025414 -2.0923e-17 -0.084286 -0.00252946 0.995299 -0.096818 3.06045 -0.000246053 0.0968177 0.995302 -3.07004 0 0 0 1 
1 -0.000202976 -2.07027e-17 0.00673172 0.000202043 0.995403 -0.0957715 3.02559 1.94393e-05 0.0957715 0.995403 -3.03838 0 0 0 1 
0.999995 -0.00314945 -2.05127e-17 0.104452 0.00313524 0.995485 -0.0948653 2.99569 0.000298773 0.0948648 0.99549 -3.01091 0 0 0 1 
0.99998 -0.00627229 -2.03521e-17 0.208022 0.00624446 0.995544 -0.0940934 2.97059 0.000590181 0.0940916 0.995563 -2.98746 0 0 0 1 
0.999954 -0.00954297 -2.02199e-17 0.316494 0.00950121 0.995579 -0.0934504 2.95015 0.000891794 0.0934461 0.995624 -2.96788 0 0 0 1 
0.999916 -0.0129254 -2.01143e-17 0.428674 0.0128695 0.99559 -0.0929272 2.93408 0.00120112 0.0929195 0.995673 -2.95188 0 0 0 1 
0.999866 -0.0163874 -2.00331e-17 0.543493 0.0163172 0.995578 -0.0925122 2.92203 0.00151604 0.0924997 0.995712 -2.93912 0 0 0 1 
0.999802 -0.0198999 -1.99741e-17 0.659983 0.0198151 0.995544 -0.0921948 2.91364 0.00183467 0.0921766 0.995741 -2.92928 0 0 0 1 
0.999725 -0.0234447 -1.99336e-17 0.777547 0.0233453 0.995489 -0.0919581 2.90835 0.00215593 0.0919329 0.995763 -2.92186 0 0 0 1 
0.999635 -0.027013 -1.9908e-17 0.895892 0.026899 0.995416 -0.0917845 2.90558 0.00247938 0.091751 0.995779 -2.9163 0 0 0 1 
0.999532 -0.0305956 -1.98948e-17 1.01471 0.0304668 0.995324 -0.0916615 2.90492 0.00280444 0.0916186 0.99579 -2.91225 0 0 0 1 
0.999415 -0.0341996 -1.98898e-17 1.13424 0.0340559 0.995216 -0.0915699 2.90576 0.00313165 0.0915164 0.995799 -2.90912 0 0 0 1 
0.999284 -0.0378302 -1.989e-17 1.25465 0.0376715 0.995093 -0.091495 2.9076 0.00346128 0.0914295 0.995806 -2.90644 0 0 0 1 
0.999139 -0.0414904 -1.98932e-17 1.37604 0.0413166 0.994954 -0.0914258 2.91011 0.00379329 0.091347 0.995812 -2.9039 0 0 0 1 
0.998978 -0.0451935 -1.9896e-17 1.49885 0.0450045 0.994802 -0.0913459 2.91278 0.00412824 0.0912525 0.995819 -2.90098 0 0 0 1 
0.998802 -0.0489422 -1.98971e-17 1.62318 0.0487381 0.994635 -0.0912482 2.91538 0.00446589 0.0911389 0.995828 -2.89748 0 0 0 1 
0.998608 -0.0527468 -1.98939e-17 1.74936 0.0525274 0.994454 -0.0911208 2.91757 0.00480633 0.0909939 0.99584 -2.89303 0 0 0 1 
0.998396 -0.0566091 -1.98856e-17 1.87745 0.0563745 0.994258 -0.0909586 2.9192 0.00514909 0.0908127 0.995855 -2.88746 0 0 0 1 
0.998166 -0.0605335 -1.98713e-17 2.0076 0.0602837 0.994047 -0.0907569 2.92015 0.00549384 0.0905905 0.995873 -2.88064 0 0 0 1 
0.997916 -0.0645217 -1.98501e-17 2.13987 0.0642568 0.99382 -0.0905113 2.92029 0.00583994 0.0903227 0.995895 -2.87243 0 0 0 1 
0.997646 -0.0685686 -1.98229e-17 2.27409 0.0682889 0.993577 -0.0902256 2.91978 0.00618664 0.0900133 0.995921 -2.86295 0 0 0 1 
0.997355 -0.0726784 -1.97889e-17 2.41039 0.0723841 0.993317 -0.0898957 2.9185 0.00653348 0.089658 0.995951 -2.85206 0 0 0 1 
0.997043 -0.0768416 -1.97497e-17 2.54847 0.076533 0.993039 -0.0895285 2.9167 0.00687951 0.0892638 0.995984 -2.83998 0 0 0 1 
0.996709 -0.0810577 -1.97054e-17 2.68829 0.0807351 0.992743 -0.089125 2.91443 0.00722427 0.0888318 0.99602 -2.82673 0 0 0 1 
0.996354 -0.0853189 -1.96575e-17 2.82962 0.0849827 0.992427 -0.0886919 2.91191 0.0075671 0.0883685 0.996059 -2.81253 0 0 0 1 
0.995976 -0.0896237 -1.96061e-17 2.97238 0.0892741 0.992092 -0.0882294 2.90917 0.00790744 0.0878743 0.9961 -2.79737 0 0 0 1 
0.995575 -0.0939674 -1.95523e-17 3.11645 0.093605 0.991736 -0.0877421 2.90635 0.0082449 0.0873539 0.996143 -2.7814 0 0 0 1 
0.995153 -0.0983395 -1.94967e-17 3.26145 0.0979646 0.991359 -0.0872346 2.90361 0.00857861 0.0868117 0.996188 -2.76476 0 0 0 1 
0.994705 -0.102774 -1.9436e-17 3.40851 0.102387 0.99096 -0.0866877 2.90044 0.00890921 0.0862286 0.996236 -2.74685 0 0 0 1 
0.994235 -0.107225 -1.93746e-17 3.55613 0.106827 0.990541 -0.0861248 2.89747 0.00923472 0.0856283 0.996284 -2.72841 0 0 0 1 
0.993738 -0.111738 -1.93074e-17 3.70582 0.111329 0.990097 -0.0855193 2.89401 0.00955578 0.0849838 0.996337 -2.7086 0 0 0 1 
0.993217 -0.116271 -1.92386e-17 3.85616 0.115852 0.989632 -0.084893 2.89064 0.00987062 0.0843172 0.99639 -2.6881 0 0 0 1 
0.992669 -0.120868 -1.91632e-17 4.0086 0.120438 0.989142 -0.0842192 2.88669 0.0101794 0.0836018 0.996447 -2.66609 0 0 0 1 
0.992095 -0.125486 -1.90851e-17 4.16175 0.125047 0.988629 -0.0835187 2.88267 0.0104804 0.0828585 0.996506 -2.6432 0 0 0 1 
0.991489 -0.130191 -1.89969e-17 4.3178 0.129744 0.988088 -0.0827516 2.8776 0.0107735 0.0820473 0.99657 -2.61822 0 0 0 1 
0.990857 -0.134919 -1.89051e-17 4.47462 0.134465 0.987524 -0.0819533 2.87238 0.0110571 0.081204 0.996636 -2.59223 0 0 0 1 
0.990192 -0.139715 -1.88046e-17 4.63367 0.139255 0.98693 -0.0810951 2.86631 0.0113302 0.0802997 0.996706 -2.56435 0 0 0 1 
0.989496 -0.144557 -1.86973e-17 4.79426 0.144092 0.98631 -0.080188 2.85967 0.0115918 0.0793458 0.99678 -2.53491 0 0 0 1 
0.98877 -0.149448 -1.85826e-17 4.95646 0.148978 0.985661 -0.0792281 2.85238 0.0118404 0.0783383 0.996857 -2.5038 0 0 0 1 
0.988007 -0.154406 -1.84577e-17 5.12092 0.153934 0.984982 -0.0782006 2.8441 0.0120747 0.0772628 0.996938 -2.47056 0 0 0 1 
0.987209 -0.159434 -1.83226e-17 5.28767 0.15896 0.98427 -0.0771047 2.83484 0.0122931 0.0761184 0.997023 -2.43517 0 0 0 1 
0.986375 -0.16451 -1.81794e-17 5.45599 0.164034 0.983526 -0.0759514 2.82489 0.0124947 0.0749166 0.997112 -2.39797 0 0 0 1 
0.985504 -0.169652 -1.80256e-17 5.62654 0.169178 0.982749 -0.074727 2.81396 0.0126776 0.0736438 0.997204 -2.35853 0 0 0 1 
0.984597 -0.17484 -1.78635e-17 5.7986 0.174368 0.981938 -0.0734443 2.80237 0.012841 0.072313 0.997299 -2.31725 0 0 0 1 
0.98365 -0.180092 -1.76915e-17 5.97278 0.179623 0.98109 -0.0720929 2.78993 0.0129834 0.0709142 0.997398 -2.27382 0 0 0 1 
0.982666 -0.185385 -1.75119e-17 6.14832 0.184921 0.980208 -0.0706857 2.77698 0.0131041 0.0694605 0.997499 -2.22863 0 0 0 1 
0.981641 -0.190737 -1.73232e-17 6.32584 0.19028 0.979287 -0.069214 2.76337 0.0132017 0.0679433 0.997602 -2.18141 0 0 0 1 
0.980579 -0.196125 -1.71283e-17 6.50452 0.195675 0.97833 -0.0676926 2.74948 0.0132762 0.0663779 0.997706 -2.13262 0 0 0 1 
0.979475 -0.201568 -1.69253e-17 6.68503 0.201127 0.977332 -0.0661106 2.73511 0.0133258 0.0647537 0.997812 -2.08194 0 0 0 1 
0.978336 -0.207021 -1.67191e-17 6.8659 0.20659 0.9763 -0.0644961 2.72091 0.0133521 0.0630988 0.997918 -2.03022 0 0 0 1 
0.977156 -0.212525 -1.65052e-17 7.04842 0.212105 0.975226 -0.0628228 2.70633 0.0133514 0.0613877 0.998025 -1.97667 0 0 0 1 
0.975936 -0.218056 -1.62854e-17 7.23188 0.217649 0.974113 -0.0611015 2.6916 0.0133236 0.0596312 0.998132 -1.92163 0 0 0 1 
0.974678 -0.223615 -1.6059e-17 7.41624 0.223221 0.972961 -0.0593283 2.67661 0.0132667 0.057826 0.998239 -1.86497 0 0 0 1 
0.973379 -0.2292 -1.5824e-17 7.60144 0.22882 0.971769 -0.0574949 2.66112 0.0131778 0.0559644 0.998346 -1.80644 0 0 0 1 
0.972047 -0.234784 -1.55801e-17 7.78667 0.234421 0.970544 -0.055603 2.64501 0.0130547 0.0540488 0.998453 -1.74613 0 0 0 1 
0.970688 -0.240343 -1.53259e-17 7.97101 0.239997 0.96929 -0.0536495 2.62799 0.0128943 0.052077 0.99856 -1.68394 0 0 0 1 
0.969305 -0.245863 -1.50566e-17 8.1541 0.245536 0.968013 -0.0516142 2.6093 0.01269 0.0500299 0.998667 -1.61926 0 0 0 1 
0.967918 -0.251266 -1.47718e-17 8.33327 0.250957 0.966731 -0.0495085 2.58862 0.0124398 0.0479202 0.998774 -1.55249 0 0 0 1 
0.966554 -0.256463 -1.44709e-17 8.50564 0.256175 0.96547 -0.0473428 2.56547 0.0121417 0.0457594 0.998879 -1.48398 0 0 0 1 
0.965246 -0.261343 -1.41539e-17 8.66749 0.261077 0.964262 -0.0451376 2.53938 0.0117964 0.0435689 0.998981 -1.41439 0 0 0 1 
0.964028 -0.265801 -1.38195e-17 8.81535 0.265556 0.96314 -0.0429053 2.50962 0.0114043 0.0413619 0.999079 -1.34415 0 0 0 1 
0.962955 -0.269662 -1.34754e-17 8.94337 0.269438 0.962157 -0.0407135 2.47648 0.0109789 0.0392052 0.999171 -1.27537 0 0 0 1 
0.962064 -0.272823 -1.31236e-17 9.04824 0.27262 0.961347 -0.0385914 2.43966 0.0105286 0.0371274 0.999255 -1.20899 0 0 0 1 
0.961387 -0.2752 -1.27694e-17 9.12705 0.275016 0.960744 -0.0365811 2.39938 0.0100671 0.0351686 0.999331 -1.14629 0 0 0 1 
0.960951 -0.27672 -1.24211e-17 9.17745 0.276553 0.960371 -0.0347356 2.35638 0.00961203 0.0333792 0.999397 -1.08892 0 0 0 1 
0.960753 -0.277405 -1.20822e-17 9.2002 0.277254 0.960227 -0.0330691 2.31114 0.00917355 0.0317712 0.999453 -1.03729 0 0 0 1 
0.960784 -0.277297 -1.1758e-17 9.19659 0.277158 0.960305 -0.0316 2.26451 0.00876259 0.0303608 0.999501 -0.99194 0 0 0 1 
0.961013 -0.276503 -1.14489e-17 9.17027 0.276376 0.960571 -0.0303122 2.21702 0.00838142 0.0291304 0.99954 -0.952331 0 0 0 1 
0.961404 -0.27514 -1.11553e-17 9.12508 0.275023 0.960994 -0.0291872 2.16924 0.00803057 0.0280607 0.999574 -0.917856 0 0 0 1 
0.961921 -0.273328 -1.08763e-17 9.06496 0.273219 0.961538 -0.0282001 2.12159 0.00770786 0.0271262 0.999602 -0.887715 0 0 0 1 
0.962534 -0.271161 -1.06117e-17 8.99309 0.271059 0.962174 -0.0273332 2.07448 0.00741168 0.0263091 0.999626 -0.861337 0 0 0 1 
0.963205 -0.268767 -1.03554e-17 8.91371 0.268672 0.962866 -0.0265374 2.02768 0.00713237 0.0255609 0.999648 -0.837167 0 0 0 1 
0.963914 -0.266212 -1.01062e-17 8.82897 0.266124 0.963594 -0.0257956 1.98129 0.00686709 0.0248647 0.999667 -0.81466 0 0 0 1 
0.96465 -0.263533 -9.86381e-18 8.74011 0.26345 0.964347 -0.0250999 1.93545 0.00661464 0.0242126 0.999685 -0.793564 0 0 0 1 
0.965398 -0.260781 -9.62462e-18 8.64885 0.260703 0.96511 -0.0244258 1.88991 0.00636978 0.0235806 0.999702 -0.773103 0 0 0 1 
0.966149 -0.257986 -9.38727e-18 8.55616 0.257913 0.965876 -0.023762 1.8446 0.00613028 0.0229576 0.999718 -0.752924 0 0 0 1 
0.966896 -0.255172 -9.15006e-18 8.46284 0.255104 0.966638 -0.0230971 1.79938 0.00589374 0.0223325 0.999733 -0.732657 0 0 0 1 
0.967638 -0.252344 -8.91261e-18 8.36902 0.25228 0.967394 -0.0224286 1.75423 0.00565972 0.0217028 0.999748 -0.71223 0 0 0 1 
0.968374 -0.249503 -8.67523e-18 8.27481 0.249444 0.968145 -0.0217575 1.70921 0.00542857 0.0210694 0.999763 -0.691669 0 0 0 1 
0.969099 -0.246671 -8.43578e-18 8.18087 0.246616 0.968884 -0.0210711 1.66409 0.00519762 0.02042 0.999778 -0.670572 0 0 0 1 
0.969824 -0.243807 -8.19841e-18 8.08591 0.243756 0.969622 -0.0203938 1.61931 0.00497216 0.0197784 0.999792 -0.649715 0 0 0 1 
0.970532 -0.240972 -7.95741e-18 7.99188 0.240925 0.970344 -0.0196913 1.57429 0.00474506 0.0191111 0.999806 -0.628005 0 0 0 1 
0.971239 -0.238106 -7.71901e-18 7.89682 0.238063 0.971064 -0.0190003 1.52968 0.00452409 0.0184539 0.999819 -0.606611 0 0 0 1 
0.971936 -0.235246 -7.47966e-18 7.80198 0.235207 0.971773 -0.0182994 1.48513 0.00430486 0.0177858 0.999833 -0.584847 0 0 0 1 
0.972627 -0.232372 -7.2417e-18 7.70667 0.232336 0.972476 -0.017602 1.44089 0.00409021 0.0171201 0.999845 -0.563145 0 0 0 1 
0.973313 -0.229482 -7.00573e-18 7.61083 0.22945 0.973174 -0.016911 1.39703 0.00388077 0.0164597 0.999857 -0.541598 0 0 0 1 
0.97399 -0.226593 -6.77039e-18 7.515 0.226563 0.973861 -0.016218 1.35343 0.00367488 0.0157961 0.999868 -0.519936 0 0 0 1 
0.974667 -0.223663 -6.54074e-18 7.41781 0.223636 0.974549 -0.0155513 1.31063 0.00347825 0.0151574 0.999879 -0.499069 0 0 0 1 
0.975344 -0.220688 -6.31744e-18 7.31917 0.220664 0.975236 -0.0149141 1.26873 0.00329137 0.0145464 0.999889 -0.479097 0 0 0 1 
0.976019 -0.217687 -6.09965e-18 7.21963 0.217665 0.975919 -0.0143002 1.22766 0.00311297 0.0139573 0.999898 -0.459828 0 0 0 1 
0.976694 -0.214636 -5.89004e-18 7.11844 0.214616 0.976602 -0.0137243 1.18772 0.00294573 0.0134045 0.999906 -0.441736 0 0 0 1 
0.977371 -0.211533 -5.68969e-18 7.01554 0.211515 0.977286 -0.0131913 1.14906 0.0027904 0.0128928 0.999913 -0.424982 0 0 0 1 
0.978048 -0.208378 -5.49911e-18 6.91089 0.208361 0.97797 -0.0127032 1.11174 0.00264707 0.0124244 0.999919 -0.409636 0 0 0 1 
0.978731 -0.205148 -5.32128e-18 6.80377 0.205133 0.978657 -0.0122759 1.07611 0.00251837 0.0120148 0.999925 -0.396211 0 0 0 1 
0.979409 -0.201885 -5.15211e-18 6.69554 0.20187 0.97934 -0.0118856 1.04175 0.00239951 0.0116408 0.999929 -0.383951 0 0 0 1 
0.980091 -0.198548 -4.9959e-18 6.58488 0.198535 0.980026 -0.011556 1.00913 0.00229441 0.0113259 0.999933 -0.373623 0 0 0 1 
0.980771 -0.19516 -4.85044e-18 6.47252 0.195148 0.980709 -0.0112742 0.978015 0.00220028 0.0110575 0.999936 -0.364816 0 0 0 1 
0.981445 -0.191742 -4.714e-18 6.35916 0.191731 0.981386 -0.01103 0.948248 0.00211491 0.0108253 0.999939 -0.357198 0 0 0 1 
0.982116 -0.188277 -4.5876e-18 6.24425 0.188266 0.982058 -0.0108293 0.91992 0.00203892 0.0106357 0.999941 -0.350975 0 0 0 1 
0.982779 -0.184787 -4.46934e-18 6.12848 0.184776 0.982723 -0.0106613 0.89284 0.00197007 0.0104777 0.999943 -0.34579 0 0 0 1 
0.983433 -0.181274 -4.35864e-18 6.01198 0.181264 0.983378 -0.0105226 0.866944 0.00190748 0.0103483 0.999945 -0.341542 0 0 0 1 
0.984077 -0.17774 -4.25518e-18 5.89479 0.177731 0.984024 -0.0104117 0.842195 0.00185058 0.0102459 0.999946 -0.338181 0 0 0 1 
0.984709 -0.174209 -4.15624e-18 5.77767 0.1742 0.984656 -0.0103137 0.818287 0.00179674 0.010156 0.999947 -0.33523 0 0 0 1 
0.985326 -0.170683 -4.06156e-18 5.66072 0.170674 0.985275 -0.0102273 0.795191 0.00174562 0.0100772 0.999948 -0.332643 0 0 0 1 
0.985933 -0.167142 -3.97267e-18 5.54329 0.167133 0.985882 -0.0101613 0.773066 0.00169838 0.0100183 0.999948 -0.330711 0 0 0 1 
0.986525 -0.163609 -3.88735e-18 5.42612 0.163601 0.986475 -0.0101034 0.751665 0.00165301 0.00996729 0.999949 -0.329036 0 0 0 1 
0.9871 -0.160107 -3.80293e-18 5.30998 0.160099 0.98705 -0.0100397 0.730682 0.00160742 0.00991015 0.99995 -0.32716 0 0 0 1 
0.98766 -0.156616 -3.7212e-18 5.19421 0.156609 0.98761 -0.00998007 0.710308 0.00156304 0.00985691 0.99995 -0.325412 0 0 0 1 
0.988205 -0.153139 -3.64169e-18 5.07888 0.153131 0.988156 -0.00992233 0.690478 0.00151949 0.00980529 0.999951 -0.323717 0 0 0 1 
0.988732 -0.149697 -3.56219e-18 4.96471 0.149689 0.988684 -0.00985475 0.670941 0.00147522 0.00974371 0.999951 -0.321695 0 0 0 1 
0.989245 -0.14627 -3.48439e-18 4.85107 0.146263 0.989197 -0.00978678 0.651875 0.00143151 0.00968152 0.999952 -0.319653 0 0 0 1 
0.989737 -0.142902 -3.40386e-18 4.73938 0.142896 0.98969 -0.00969502 0.632774 0.00138544 0.00959552 0.999953 -0.316827 0 0 0 1 
0.990215 -0.139552 -3.32504e-18 4.62826 0.139545 0.990169 -0.00960318 0.614139 0.00134014 0.00950921 0.999954 -0.313991 0 0 0 1 
0.990676 -0.136239 -3.24609e-18 4.51839 0.136233 0.990631 -0.00950146 0.595759 0.00129447 0.00941287 0.999955 -0.310825 0 0 0 1 
0.991124 -0.132944 -3.16931e-18 4.40912 0.132938 0.99108 -0.00940197 0.577902 0.00124994 0.00931852 0.999956 -0.307724 0 0 0 1 
0.991555 -0.129685 -3.09374e-18 4.30101 0.129679 0.991512 -0.00929927 0.56047 0.00120597 0.00922074 0.999957 -0.30451 0 0 0 1 
0.991972 -0.12646 -3.02015e-18 4.19407 0.126455 0.99193 -0.00919699 0.54356 0.00116305 0.00912315 0.999958 -0.301302 0 0 0 1 
0.992379 -0.123225 -2.95443e-18 4.08676 0.123219 0.992337 -0.00912519 0.527884 0.00112445 0.00905564 0.999958 -0.299083 0 0 0 1 
0.992772 -0.120018 -2.89349e-18 3.98042 0.120013 0.992731 -0.00906711 0.513095 0.00108822 0.00900157 0.999959 -0.297306 0 0 0 1 
0.993156 -0.116796 -2.84287e-18 3.87355 0.116791 0.993115 -0.00905099 0.499863 0.00105712 0.00898905 0.999959 -0.296894 0 0 0 1 
0.993529 -0.113578 -2.80093e-18 3.76682 0.113573 0.993488 -0.00906803 0.488004 0.00102993 0.00900935 0.999959 -0.297563 0 0 0 1 
0.993894 -0.110343 -2.76991e-18 3.65955 0.110338 0.993852 -0.00912962 0.477784 0.00100739 0.00907387 0.999958 -0.299686 0 0 0 1 
0.994247 -0.107115 -2.74669e-18 3.55248 0.10711 0.994204 -0.00922027 0.46882 0.000987626 0.00916722 0.999957 -0.302757 0 0 0 1 
0.994588 -0.103898 -2.72944e-18 3.4458 0.103894 0.994545 -0.00933137 0.460869 0.000969513 0.00928087 0.999956 -0.306496 0 0 0 1 
0.994915 -0.100721 -2.71331e-18 3.34042 0.100716 0.99487 -0.00943952 0.45331 0.000950756 0.00939152 0.999955 -0.310135 0 0 0 1 
0.995224 -0.0976153 -2.69217e-18 3.23743 0.0976109 0.995179 -0.00951539 0.445346 0.000928848 0.00946994 0.999955 -0.312714 0 0 0 1 
0.995514 -0.0946151 -2.65933e-18 3.13793 0.0946108 0.995469 -0.00952735 0.4361 0.000901431 0.00948461 0.999955 -0.313197 0 0 0 1 
0.995784 -0.0917335 -2.60985e-18 3.04236 0.0917294 0.995739 -0.00945287 0.424899 0.000867144 0.00941301 0.999955 -0.310844 0 0 0 1 
0.996027 -0.0890518 -2.53164e-18 2.95342 0.089048 0.995985 -0.00923376 0.410186 0.000822283 0.00919707 0.999957 -0.303744 0 0 0 1 
0.996244 -0.0865864 -2.41989e-18 2.87166 0.0865831 0.996205 -0.00884842 0.391303 0.000766154 0.00881519 0.999961 -0.291183 0 0 0 1 
0.996434 -0.0843746 -2.26739e-18 2.7983 0.0843718 0.9964 -0.00826353 0.367298 0.000697232 0.00823406 0.999966 -0.27206 0 0 0 1 
0.996593 -0.0824762 -2.06625e-18 2.73534 0.0824739 0.996565 -0.00744176 0.33716 0.000613768 0.00741641 0.999972 -0.245136 0 0 0 1 
0.99672 -0.0809256 -1.811e-18 2.68391 0.080924 0.9967 -0.00635819 0.300191 0.00051454 0.00633734 0.99998 -0.209573 0 0 0 1 
0.996816 -0.0797405 -1.49974e-18 2.64461 0.0797395 0.996803 -0.00500487 0.256169 0.000399091 0.00498893 0.999987 -0.165083 0 0 0 1 
0.99688 -0.0789352 -1.13113e-18 2.6179 0.0789347 0.996874 -0.00337636 0.204963 0.000266513 0.00336582 0.999994 -0.111457 0 0 0 1 
0.996913 -0.0785204 -7.05209e-19 2.60414 0.0785203 0.996911 -0.00147372 0.146645 0.000115717 0.00146917 0.999999 -0.0486926 0 0 0 1 
0.996914 -0.0785037 -2.23131e-19 2.60359 0.0785037 0.996914 0.000697105 0.0814486 -5.47253e-05 -0.000694953 1 0.0230555 0 0 0 1 
0.996882 -0.0789014 3.14517e-19 2.61678 0.078901 0.996878 0.00313319 0.00956147 -0.000247213 -0.00312342 0.999995 0.103736 0 0 0 1 
0.996822 -0.0796661 9.00587e-19 2.64214 0.0796648 0.996805 0.00579959 -0.0680196 -0.000462031 -0.00578116 0.999983 0.192238 0 0 0 1 
0.996729 -0.0808143 1.53439e-18 2.68022 0.0808112 0.996692 0.00869338 -0.151075 -0.000702549 -0.00866494 0.999962 0.288508 0 0 0 1 
0.996606 -0.0823153 2.20978e-18 2.73 0.0823096 0.996537 0.0117854 -0.238714 -0.000970115 -0.0117454 0.999931 0.391621 0 0 0 1 
0.996454 -0.0841398 2.922e-18 2.79051 0.0841303 0.996341 0.0150528 -0.330233 -0.00126654 -0.0149994 0.999887 0.500856 0 0 0 1 
0.996269 -0.0862993 3.66971e-18 2.86213 0.0862846 0.996099 0.0184902 -0.425327 -0.00159569 -0.0184212 0.999829 0.616072 0 0 0 1 
0.996057 -0.0887173 4.44342e-18 2.94233 0.0886957 0.995815 0.022052 -0.522751 -0.00195639 -0.021965 0.999757 0.73577 0 0 0 1 
0.995812 -0.0914265 5.24442e-18 3.03218 0.0913962 0.995482 0.0257458 -0.622526 -0.00235385 -0.025638 0.999669 0.860234 0 0 0 1 
0.995539 -0.09435 6.06372e-18 3.12914 0.0943089 0.995105 0.0295284 -0.723506 -0.002786 -0.0293966 0.999564 0.988026 0 0 0 1 
0.995236 -0.0974973 6.90073e-18 3.23352 0.0974429 0.994681 0.033398 -0.82552 -0.00325621 -0.0332389 0.999442 1.11911 0 0 0 1 
0.994903 -0.100837 7.75125e-18 3.34428 0.100767 0.994209 0.0373351 -0.928005 -0.00376476 -0.0371448 0.999303 1.25283 0 0 0 1 
0.994542 -0.104337 8.61132e-18 3.46036 0.104248 0.993693 0.0413211 -1.03045 -0.00431132 -0.0410956 0.999146 1.38856 0 0 0 1 
0.994154 -0.107967 9.4772e-18 3.58074 0.107856 0.993132 0.0453383 -1.13238 -0.00489504 -0.0450732 0.998972 1.52571 0 0 0 1 
0.993737 -0.111741 1.03495e-17 3.70592 0.111605 0.992525 0.0493907 -1.2338 -0.00551898 -0.0490814 0.99878 1.66441 0 0 0 1 
0.993295 -0.115609 1.12227e-17 3.8342 0.115444 0.991875 0.0534522 -1.33409 -0.00617958 -0.0530938 0.99857 1.80375 0 0 0 1 
0.992824 -0.119588 1.20982e-17 3.96615 0.11939 0.991179 0.0575297 -1.43335 -0.00687985 -0.0571169 0.998344 1.94398 0 0 0 1 
0.992323 -0.12367 1.29745e-17 4.10154 0.123435 0.990438 0.0616176 -1.5314 -0.00762025 -0.0611446 0.9981 2.08488 0 0 0 1 
0.991799 -0.12781 1.38473e-17 4.23885 0.127534 0.989656 0.0656943 -1.62777 -0.00839641 -0.0651555 0.99784 2.2257 0 0 0 1 
0.991243 -0.132047 1.47194e-17 4.37937 0.131725 0.988828 0.0697753 -1.72272 -0.00921363 -0.0691643 0.997563 2.36696 0 0 0 1 
0.990663 -0.136334 1.55863e-17 4.52154 0.135962 0.987959 0.0738386 -1.8158 -0.0100667 -0.0731491 0.99727 2.5079 0 0 0 1 
0.990054 -0.140688 1.64494e-17 4.66596 0.140261 0.987046 0.0778912 -1.90712 -0.0109584 -0.0771165 0.996962 2.64873 0 0 0 1 
0.989419 -0.145088 1.73063e-17 4.81186 0.1446 0.986093 0.0819227 -1.99645 -0.011886 -0.0810558 0.996639 2.78907 0 0 0 1 
0.988754 -0.149549 1.8158e-17 4.95981 0.148996 0.985096 0.0859382 -2.08387 -0.012852 -0.0849717 0.9963 2.92909 0 0 0 1 
0.988067 -0.154028 1.90005e-17 5.10835 0.153404 0.984064 0.0899182 -2.16903 -0.0138499 -0.0888452 0.995949 3.06809 0 0 0 1 
0.987349 -0.158562 1.98367e-17 5.25875 0.157862 0.982989 0.0938781 -2.25215 -0.0148855 -0.0926904 0.995584 3.20658 0 0 0 1 
0.986608 -0.16311 2.06628e-17 5.40958 0.162328 0.981878 0.0977992 -2.33296 -0.015952 -0.0964894 0.995206 3.3439 0 0 0 1 
0.985844 -0.167668 2.1478e-17 5.56073 0.166799 0.980734 0.101678 -2.41138 -0.0170481 -0.100238 0.994817 3.4799 0 0 0 1 
0.985056 -0.172233 2.22823e-17 5.71213 0.171271 0.979558 0.105513 -2.48743 -0.0181729 -0.103937 0.994418 3.61454 0 0 0 1 
0.984243 -0.176823 2.30759e-17 5.86435 0.175763 0.978345 0.10931 -2.56111 -0.0193285 -0.107588 0.994008 3.74793 0 0 0 1 
0.983415 -0.181372 2.38529e-17 6.01525 0.18021 0.977112 0.113036 -2.63199 -0.0205017 -0.111162 0.993591 3.87897 0 0 0 1 
0.982561 -0.185941 2.46174e-17 6.16675 0.18467 0.975846 0.116715 -2.70037 -0.0217021 -0.11468 0.993165 4.00841 0 0 0 1 
0.981694 -0.190466 2.53658e-17 6.31682 0.189082 0.974561 0.120327 -2.76612 -0.0229181 -0.118124 0.992734 4.13557 0 0 0 1 
0.980815 -0.194943 2.60961e-17 6.46532 0.193442 0.973262 0.123861 -2.82904 -0.0241457 -0.121484 0.9923 4.26006 0 0 0 1 
0.97992 -0.199393 2.68108e-17 6.6129 0.19777 0.971943 0.127331 -2.88942 -0.0253888 -0.124774 0.99186 4.38234 0 0 0 1 
0.979015 -0.203789 2.75046e-17 6.75869 0.20204 0.970615 0.130711 -2.9468 -0.0266375 -0.127968 0.99142 4.50148 0 0 0 1 
0.978105 -0.208112 2.81775e-17 6.90206 0.206235 0.969284 0.134002 -3.00134 -0.0278873 -0.131068 0.990981 4.61745 0 0 0 1 
0.977195 -0.212342 2.88285e-17 7.04238 0.210335 0.967955 0.137194 -3.05305 -0.0291321 -0.134065 0.990544 4.72998 0 0 0 1 
0.976279 -0.216518 2.94584e-17 7.18086 0.214377 0.966623 0.140297 -3.10194 -0.0303768 -0.136969 0.99011 4.8393 0 0 0 1 
0.975364 -0.220603 3.00667e-17 7.31633 0.218326 0.965297 0.143303 -3.14816 -0.0316131 -0.139773 0.989679 4.94522 0 0 0 1 
0.974447 -0.224617 3.06536e-17 7.44947 0.222203 0.963974 0.146217 -3.19171 -0.0328429 -0.142481 0.989253 5.04783 0 0 0 1 
0.973533 -0.228544 3.12186e-17 7.57972 0.225992 0.962661 0.149034 -3.23266 -0.0340608 -0.145089 0.988832 5.14695 0 0 0 1 
0.972623 -0.232388 3.17626e-17 7.70719 0.229696 0.961358 0.151757 -3.27114 -0.0352665 -0.147602 0.988418 5.24272 0 0 0 1 
0.971711 -0.236174 3.22894e-17 7.83276 0.233342 0.960057 0.154406 -3.30749 -0.0364668 -0.150038 0.988007 5.33582 0 0 0 1 
0.970802 -0.239882 3.27953e-17 7.95575 0.236909 0.958768 0.156964 -3.34145 -0.0376528 -0.152381 0.987604 5.4256 0 0 0 1 
0.969896 -0.243519 3.32831e-17 8.07637 0.240404 0.957489 0.159441 -3.37333 -0.038827 -0.154641 0.987207 5.51248 0 0 0 1 
0.968984 -0.247125 3.37542e-17 8.19594 0.243867 0.956208 0.16185 -3.40313 -0.0399971 -0.15683 0.986815 5.59683 0 0 0 1 
0.968073 -0.250669 3.42106e-17 8.31347 0.247267 0.954934 0.164194 -3.43121 -0.0411583 -0.158952 0.986428 5.67883 0 0 0 1 
0.967159 -0.254173 3.46542e-17 8.42969 0.250626 0.953661 0.166484 -3.45769 -0.0423157 -0.161017 0.986044 5.75882 0 0 0 1 
0.966237 -0.257654 3.50831e-17 8.54513 0.25396 0.952386 0.168715 -3.48233 -0.0434701 -0.163019 0.985665 5.8366 0 0 0 1 
0.965317 -0.261081 3.54995e-17 8.6588 0.257241 0.951117 0.170891 -3.50551 -0.0446164 -0.164964 0.98529 5.91236 0 0 0 1 
0.964393 -0.264473 3.5903e-17 8.7713 0.260485 0.949849 0.173014 -3.52716 -0.0457575 -0.166853 0.984919 5.98613 0 0 0 1 
0.963461 -0.26785 3.62953e-17 8.88331 0.263713 0.948577 0.175092 -3.54731 -0.0468984 -0.168694 0.984552 6.05821 0 0 0 1 
0.962523 -0.271198 3.66774e-17 8.99435 0.26691 0.947304 0.177129 -3.56618 -0.048037 -0.17049 0.984188 6.12871 0 0 0 1 
0.961582 -0.274518 3.70496e-17 9.10444 0.270078 0.94603 0.179125 -3.58381 -0.049173 -0.172243 0.983826 6.19769 0 0 0 1 
0.960631 -0.277828 3.74118e-17 9.2142 0.273234 0.94475 0.181083 -3.6001 -0.0503098 -0.173954 0.983468 6.26517 0 0 0 1 
0.959675 -0.28111 3.77647e-17 9.32308 0.276363 0.943469 0.183003 -3.61522 -0.0514441 -0.175624 0.983112 6.33122 0 0 0 1 
0.95871 -0.284385 3.81082e-17 9.43167 0.279482 0.942182 0.184888 -3.62908 -0.0525793 -0.177254 0.98276 6.39587 0 0 0 1 
0.957734 -0.287657 3.84456e-17 9.54019 0.282596 0.940884 0.186752 -3.64197 -0.0537203 -0.178858 0.982407 6.45965 0 0 0 1 
0.956753 -0.290902 3.8773e-17 9.64781 0.285683 0.939588 0.188575 -3.65365 -0.0548567 -0.180419 0.982059 6.52187 0 0 0 1 
0.955761 -0.294146 3.90947e-17 9.7554 0.288766 0.93828 0.190379 -3.66442 -0.0559991 -0.181957 0.981711 6.5833 0 0 0 1 
0.954764 -0.297364 3.94069e-17 9.86214 0.291823 0.936974 0.192145 -3.67406 -0.057137 -0.183453 0.981367 6.64325 0 0 0 1 
0.95375 -0.300602 3.97147e-17 9.96951 0.294897 0.935649 0.1939 -3.68278 -0.0582866 -0.184932 0.981021 6.70266 0 0 0 1 
0.952736 -0.303799 4.0014e-17 10.0755 0.297929 0.934329 0.195619 -3.69058 -0.0594286 -0.186373 0.98068 6.76069 0 0 0 1 
0.951712 -0.306993 4.03068e-17 10.1815 0.300958 0.933001 0.197315 -3.69742 -0.0605744 -0.187787 0.98034 6.81778 0 0 0 1 
