0.999998 0.000137174 -0.00197924 -0.0559338 -0.000131444 0.999996 0.00289485 0.0421562 0.00197963 -0.00289458 0.999994 0.107462 0 0 0 1 
0.999993 0.000295477 -0.00375896 -0.109345 -0.000275146 0.999985 0.00540799 0.0761118 0.0037605 -0.00540691 0.999978 0.18605 0 0 0 1 
0.999986 0.000472159 -0.00533888 -0.159969 -0.000431822 0.999971 0.00755405 0.102177 0.00534229 -0.00755163 0.999957 0.238021 0 0 0 1 
0.999977 0.000676401 -0.00668558 -0.207578 -0.000614144 0.999956 0.00930978 0.119973 0.00669159 -0.00930546 0.999934 0.263824 0 0 0 1 
0.999969 0.000877864 -0.00784299 -0.251044 -0.000793679 0.999942 0.0107305 0.130895 0.00785196 -0.0107239 0.999912 0.267944 0 0 0 1 
0.99996 0.00108042 -0.008832 -0.29102 -0.00097556 0.999929 0.0118684 0.136022 0.0088442 -0.0118593 0.999891 0.254461 0 0 0 1 
0.999952 0.00126282 -0.00966919 -0.326388 -0.00113958 0.999918 0.0127397 0.135985 0.00968448 -0.0127281 0.999872 0.225382 0 0 0 1 
0.999945 0.00143157 -0.0103823 -0.358163 -0.00129235 0.999909 0.0134034 0.131927 0.0104006 -0.0133893 0.999856 0.184576 0 0 0 1 
0.999938 0.00157499 -0.0109967 -0.386098 -0.00142215 0.999902 0.0138929 0.124654 0.0110175 -0.0138764 0.999843 0.134371 0 0 0 1 
0.999932 0.00168943 -0.0115421 -0.410598 -0.00152484 0.999897 0.0142544 0.115105 0.011565 -0.0142359 0.999832 0.0775359 0 0 0 1 
0.999926 0.00177237 -0.0120153 -0.431401 -0.00159827 0.999894 0.0144834 0.103275 0.0120397 -0.0144631 0.999823 0.014095 0 0 0 1 
0.999921 0.0018232 -0.0124324 -0.448818 -0.00164155 0.999892 0.0146053 0.0896676 0.0124577 -0.0145837 0.999816 -0.0544903 0 0 0 1 
0.999916 0.00183714 -0.0128084 -0.462863 -0.00164957 0.999891 0.0146396 0.0747041 0.0128339 -0.0146173 0.999811 -0.127111 0 0 0 1 
0.999912 0.00181567 -0.0131435 -0.473628 -0.00162387 0.999892 0.0145888 0.0584412 0.0131685 -0.0145662 0.999807 -0.20358 0 0 0 1 
0.999908 0.00174376 -0.0134575 -0.480554 -0.00154901 0.999894 0.0144684 0.0413004 0.0134813 -0.0144462 0.999805 -0.283033 0 0 0 1 
0.999904 0.00163502 -0.0137332 -0.484152 -0.00143906 0.999897 0.0142667 0.0229889 0.0137551 -0.0142455 0.999804 -0.366039 0 0 0 1 
0.999901 0.0014815 -0.0139805 -0.484112 -0.00128588 0.999901 0.0139911 0.00372572 0.0139999 -0.0139717 0.999804 -0.452175 0 0 0 1 
0.999898 0.00128318 -0.0141978 -0.480384 -0.00108952 0.999906 0.0136394 -0.0165031 0.014214 -0.0136225 0.999806 -0.541522 0 0 0 1 
0.999896 0.00103657 -0.014391 -0.472868 -0.000846355 0.999912 0.0132175 -0.0375414 0.0144034 -0.013204 0.999809 -0.633748 0 0 0 1 
0.999894 0.000743162 -0.0145589 -0.461632 -0.000557892 0.999919 0.0127255 -0.0593775 0.0145671 -0.0127161 0.999813 -0.728838 0 0 0 1 
0.999892 0.000399136 -0.0147057 -0.446513 -0.000220216 0.999926 0.0121663 -0.0819053 0.0147095 -0.0121617 0.999818 -0.826622 0 0 0 1 
0.99989 4.10581e-06 -0.0148333 -0.427522 0.000167123 0.999933 0.0115423 -0.105053 0.0148323 -0.0115435 0.999823 -0.926956 0 0 0 1 
0.999888 -0.000443016 -0.0149431 -0.40462 0.000605269 0.999941 0.0108552 -0.128761 0.0149374 -0.0108631 0.999829 -1.02975 0 0 0 1 
0.999886 -0.000943766 -0.01504 -0.377806 0.00109591 0.999948 0.0101108 -0.152889 0.0150296 -0.0101261 0.999836 -1.13468 0 0 0 1 
0.999885 -0.00149903 -0.0151233 -0.347006 0.00163992 0.999955 0.0093078 -0.177419 0.0151086 -0.00933153 0.999842 -1.24177 0 0 0 1 
0.999882 -0.00211052 -0.0151921 -0.312078 0.00223898 0.999962 0.00844377 -0.20234 0.0151737 -0.00847679 0.999849 -1.35109 0 0 0 1 
0.99988 -0.00278032 -0.0152466 -0.272872 0.0028952 0.999968 0.00751745 -0.227607 0.0152252 -0.00756069 0.999856 -1.46261 0 0 0 1 
0.999877 -0.0035085 -0.0152799 -0.229215 0.00360846 0.999972 0.0065196 -0.25331 0.0152566 -0.00657394 0.999862 -1.57666 0 0 0 1 
0.999874 -0.00429649 -0.0152851 -0.180829 0.00438008 0.999976 0.00544 -0.279514 0.0152614 -0.00550627 0.999868 -1.69352 0 0 0 1 
0.99987 -0.00514686 -0.0152518 -0.127269 0.00521243 0.999977 0.00426256 -0.30634 0.0152295 -0.00434151 0.999875 -1.81368 0 0 0 1 
0.999867 -0.00605759 -0.0151595 -0.0681563 0.00610316 0.999977 0.00296175 -0.334046 0.0151412 -0.00305388 0.999881 -1.93795 0 0 0 1 
0.999863 -0.00702854 -0.0149857 -0.00291414 0.00705192 0.999974 0.0015079 -0.362874 0.0149747 -0.00161337 0.999887 -2.06714 0 0 0 1 
0.999859 -0.00805582 -0.0147029 0.0689155 0.00805475 0.999968 -0.00013159 -0.393062 0.0147035 1.31433e-05 0.999892 -2.20197 0 0 0 1 
0.999856 -0.00913118 -0.0142734 0.147757 0.00910355 0.999957 -0.00199935 -0.424957 0.014291 0.00186913 0.999896 -2.34345 0 0 0 1 
0.999854 -0.0102424 -0.0136592 0.233785 0.0101868 0.99994 -0.00413409 -0.458796 0.0137008 0.00399435 0.999898 -2.4922 0 0 0 1 
0.999853 -0.0113733 -0.0128225 0.326911 0.0112897 0.999915 -0.00657143 -0.494747 0.0128961 0.0064257 0.999896 -2.64854 0 0 0 1 
0.999853 -0.0125016 -0.0117305 0.426518 0.0123924 0.99988 -0.00933465 -0.532826 0.0118458 0.00918791 0.999888 -2.81227 0 0 0 1 
0.999854 -0.0136018 -0.0103629 0.531443 0.0134727 0.999832 -0.0124284 -0.572854 0.0105302 0.012287 0.999869 -2.98247 0 0 0 1 
0.999855 -0.0146475 -0.00871215 0.640123 0.0145083 0.999769 -0.0158404 -0.614522 0.00894216 0.0157117 0.999837 -3.15779 0 0 0 1 
0.999855 -0.015617 -0.0067923 0.750746 0.0154817 0.999689 -0.019534 -0.657301 0.00709525 0.019426 0.999786 -3.3362 0 0 0 1 
0.999853 -0.0164905 -0.00462978 0.861297 0.0163776 0.999591 -0.0234592 -0.700657 0.00501474 0.0233799 0.999714 -3.51564 0 0 0 1 
0.999848 -0.0172584 -0.00226647 0.970022 0.0171894 0.999473 -0.0275538 -0.743972 0.00274081 0.0275106 0.999618 -3.69387 0 0 0 1 
0.999839 -0.0179176 0.000250255 1.07548 0.0179166 0.999335 -0.0317545 -0.786718 0.000318878 0.0317539 0.999496 -3.86903 0 0 0 1 
0.999825 -0.0184734 0.00287034 1.1767 0.0185648 0.999179 -0.0360008 -0.828423 -0.00220293 0.0360478 0.999348 -4.03956 0 0 0 1 
0.999805 -0.018934 0.00554984 1.27307 0.0191423 0.999007 -0.0402428 -0.868769 -0.00478237 0.0403413 0.999175 -4.20444 0 0 0 1 
0.999779 -0.0193098 0.0082521 1.36433 0.019658 0.998819 -0.0444414 -0.907547 -0.0073842 0.0445938 0.998978 -4.36301 0 0 0 1 
0.999748 -0.0196125 0.0109462 1.45045 0.020122 0.998617 -0.0485654 -0.944596 -0.00997855 0.0487734 0.99876 -4.51478 0 0 0 1 
0.99971 -0.0198522 0.0136099 1.53155 0.0205423 0.998405 -0.0525934 -0.979842 -0.0125441 0.0528577 0.998523 -4.6595 0 0 0 1 
0.999667 -0.0200393 0.0162316 1.60799 0.0209272 0.998182 -0.0565188 -1.01334 -0.0150694 0.0568397 0.99827 -4.79745 0 0 0 1 
0.99962 -0.0201824 0.0188022 1.68014 0.0212836 0.997951 -0.0603365 -1.04515 -0.0175459 0.0607137 0.998001 -4.92879 0 0 0 1 
0.999567 -0.0202939 0.0213221 1.74881 0.0216226 0.997712 -0.0640583 -1.07544 -0.0199733 0.0644915 0.997718 -5.0545 0 0 0 1 
0.999509 -0.0203863 0.0237908 1.81481 0.0219559 0.997464 -0.0676952 -1.10436 -0.0223504 0.0681843 0.997422 -5.17545 0 0 0 1 
0.999447 -0.0204775 0.0262145 1.87947 0.022301 0.997208 -0.0712727 -1.13215 -0.0246818 0.0718178 0.997112 -5.29327 0 0 0 1 
0.999379 -0.0205829 0.0286036 1.94404 0.0226742 0.996939 -0.0748215 -1.15911 -0.026976 0.0754236 0.996787 -5.40993 0 0 0 1 
0.999306 -0.0207235 0.030966 2.01007 0.0230972 0.996656 -0.0783736 -1.18549 -0.0292383 0.0790344 0.996443 -5.5275 0 0 0 1 
0.999226 -0.0209214 0.0333127 2.07928 0.023594 0.996356 -0.0819674 -1.21154 -0.0314764 0.0826899 0.996078 -5.6485 0 0 0 1 
0.99914 -0.0211976 0.0356488 2.15316 0.024187 0.996033 -0.0856315 -1.23742 -0.0336922 0.0864201 0.995689 -5.77494 0 0 0 1 
0.999045 -0.0215738 0.0379829 2.23331 0.0249002 0.995684 -0.0894006 -1.2633 -0.0358903 0.090261 0.995271 -5.90926 0 0 0 1 
0.998943 -0.0220683 0.0403157 2.32094 0.0257531 0.995305 -0.0932941 -1.28917 -0.0380676 0.0942337 0.994822 -6.05311 0 0 0 1 
0.998832 -0.0226964 0.0426494 2.41711 0.0267628 0.994892 -0.0973309 -1.31501 -0.0402225 0.0983586 0.994338 -6.20808 0 0 0 1 
0.998712 -0.0234733 0.0449755 2.52262 0.0279443 0.994442 -0.101512 -1.34059 -0.0423427 0.102638 0.993817 -6.37475 0 0 0 1 
0.998583 -0.0244051 0.0472913 2.6378 0.0293042 0.993952 -0.105838 -1.36571 -0.0444223 0.107073 0.993258 -6.55366 0 0 0 1 
0.998444 -0.0254962 0.0495843 2.76266 0.0308451 0.993421 -0.110291 -1.39 -0.046446 0.111649 0.992662 -6.74415 0 0 0 1 
0.998297 -0.0267433 0.0518472 2.89684 0.0325625 0.992848 -0.114856 -1.41315 -0.0484048 0.116349 0.992028 -6.94548 0 0 0 1 
0.998141 -0.0281416 0.0540681 3.03974 0.0344485 0.992236 -0.119505 -1.43474 -0.0502852 0.121145 0.99136 -7.15615 0 0 0 1 
0.997976 -0.0296815 0.0562389 3.19058 0.0364911 0.991584 -0.124212 -1.45446 -0.0520788 0.126013 0.990661 -7.37463 0 0 0 1 
0.997804 -0.0313524 0.0583512 3.3485 0.0386764 0.990897 -0.12895 -1.47201 -0.0537771 0.130924 0.989933 -7.59915 0 0 0 1 
0.997624 -0.0331444 0.0603989 3.5127 0.0409912 0.990174 -0.133696 -1.48713 -0.0553741 0.135854 0.98918 -7.8281 0 0 0 1 
0.997437 -0.0350448 0.0623768 3.68229 0.0434199 0.989421 -0.138426 -1.49964 -0.0568657 0.14078 0.988406 -8.05986 0 0 0 1 
0.997244 -0.037045 0.0642819 3.85662 0.045951 0.988638 -0.143123 -1.50941 -0.0582495 0.145683 0.987615 -8.29318 0 0 0 1 
0.997044 -0.0391366 0.0661121 4.03513 0.0485735 0.987828 -0.147774 -1.51637 -0.059524 0.150548 0.986809 -8.52702 0 0 0 1 
0.996839 -0.0413157 0.0678613 4.21742 0.0512798 0.986994 -0.152361 -1.52041 -0.0606838 0.155359 0.985992 -8.76024 0 0 0 1 
0.996628 -0.0435751 0.0695283 4.40302 0.0540605 0.986138 -0.156873 -1.52151 -0.0617287 0.160103 0.985168 -8.99213 0 0 0 1 
0.996411 -0.0459131 0.0711076 4.59172 0.0569103 0.985263 -0.161299 -1.51963 -0.0626539 0.164767 0.984341 -9.22196 0 0 0 1 
0.99619 -0.048325 0.0725912 4.78301 0.0598203 0.984374 -0.16562 -1.51475 -0.0634533 0.169331 0.983514 -9.44876 0 0 0 1 
0.995965 -0.0508049 0.0739737 4.97643 0.0627809 0.983473 -0.169821 -1.50694 -0.0641234 0.17378 0.982695 -9.6719 0 0 0 1 
0.995737 -0.0533428 0.0752422 5.17104 0.065776 0.982569 -0.173873 -1.49624 -0.0646558 0.178081 0.981889 -9.89008 0 0 0 1 
0.995509 -0.0559293 0.0763779 5.3658 0.0687884 0.98167 -0.177739 -1.48274 -0.0650371 0.182195 0.981109 -10.1016 0 0 0 1 
0.995283 -0.058544 0.0773628 5.55901 0.0717897 0.98079 -0.181375 -1.46666 -0.0652583 0.186073 0.980366 -10.3047 0 0 0 1 
0.995062 -0.0611624 0.0781708 5.74852 0.0747447 0.979944 -0.184722 -1.44831 -0.065305 0.189653 0.979677 -10.4966 0 0 0 1 
0.994852 -0.0637505 0.0787757 5.93151 0.0776084 0.979153 -0.187714 -1.42815 -0.0651666 0.192862 0.97906 -10.6746 0 0 0 1 
0.994658 -0.0662664 0.0791468 6.1046 0.0803263 0.978439 -0.190275 -1.40677 -0.0648315 0.195616 0.978535 -10.8348 0 0 0 1 
0.994486 -0.0686661 0.0792597 6.2644 0.0828447 0.977826 -0.192335 -1.38486 -0.0642953 0.197841 0.978123 -10.9739 0 0 0 1 
0.994342 -0.0709016 0.0790968 6.40736 0.0851079 0.977335 -0.193836 -1.36323 -0.0635608 0.199471 0.97784 -11.089 0 0 0 1 
0.994231 -0.0729303 0.078651 6.53056 0.0870703 0.976983 -0.194737 -1.34264 -0.0626385 0.200462 0.977697 -11.1776 0 0 0 1 
0.994155 -0.0747202 0.0779243 6.63193 0.0887006 0.97678 -0.195023 -1.32372 -0.0615428 0.200795 0.977698 -11.2385 0 0 0 1 
0.994116 -0.0762526 0.0769327 6.71058 0.0899866 0.976725 -0.194706 -1.30692 -0.0602952 0.200484 0.97784 -11.2717 0 0 0 1 
0.994112 -0.0775248 0.0757045 6.7669 0.0909365 0.976811 -0.193834 -1.29245 -0.058922 0.199577 0.978109 -11.279 0 0 0 1 
0.99414 -0.0785506 0.0742693 6.80244 0.0915763 0.977022 -0.192462 -1.28026 -0.0574448 0.198135 0.97849 -11.2624 0 0 0 1 
0.994194 -0.0793594 0.0726602 6.81982 0.0919487 0.977339 -0.190665 -1.27005 -0.0558825 0.196239 0.978962 -11.2254 0 0 0 1 
0.994271 -0.0799842 0.0709117 6.82191 0.0921 0.977741 -0.188523 -1.26149 -0.0542544 0.193974 0.979505 -11.1713 0 0 0 1 
0.994363 -0.0804679 0.06905 6.81209 0.0920839 0.978205 -0.186106 -1.25407 -0.0525694 0.191416 0.9801 -11.1035 0 0 0 1 
0.994465 -0.0808454 0.0671005 6.79318 0.0919451 0.978714 -0.183482 -1.24738 -0.0508385 0.188636 0.98073 -11.0252 0 0 0 1 
0.994575 -0.0811521 0.0650816 6.7679 0.0917264 0.979251 -0.180704 -1.24104 -0.0490667 0.185694 0.981382 -10.9391 0 0 0 1 
0.994687 -0.0814163 0.0630017 6.73829 0.0914602 0.979806 -0.177808 -1.23469 -0.047253 0.182625 0.982046 -10.8468 0 0 0 1 
0.9948 -0.0816551 0.0608733 6.70574 0.0911685 0.98037 -0.174825 -1.22815 -0.045403 0.179465 0.982716 -10.7499 0 0 0 1 
0.994912 -0.0818787 0.0586996 6.67097 0.090863 0.980938 -0.171768 -1.22129 -0.0435165 0.176228 0.983387 -10.6491 0 0 0 1 
0.995023 -0.0820909 0.0564831 6.63429 0.0905492 0.981509 -0.168646 -1.21405 -0.0415943 0.172921 0.984057 -10.5448 0 0 0 1 
0.995132 -0.0822881 0.0542264 6.59551 0.090225 0.982081 -0.165461 -1.20644 -0.0396392 0.169548 0.984724 -10.437 0 0 0 1 
0.99524 -0.0824677 0.0519288 6.55444 0.0898884 0.982654 -0.162209 -1.19844 -0.037651 0.166105 0.985389 -10.3256 0 0 0 1 
0.995346 -0.0826207 0.0495915 6.51049 0.0895311 0.983229 -0.158887 -1.19012 -0.0356324 0.162588 0.98605 -10.2104 0 0 0 1 
0.995452 -0.0827473 0.0472138 6.46368 0.0891543 0.983805 -0.155495 -1.18141 -0.0335823 0.158997 0.986708 -10.0914 0 0 0 1 
0.995555 -0.0828444 0.0447974 6.41382 0.0887558 0.984382 -0.152034 -1.17234 -0.0315026 0.155335 0.987359 -9.9686 0 0 0 1 
0.995656 -0.0829209 0.0423409 6.36145 0.0883453 0.984957 -0.148509 -1.16276 -0.0293895 0.151605 0.988004 -9.84238 0 0 0 1 
0.995754 -0.0829825 0.0398483 6.30704 0.0879301 0.985527 -0.144932 -1.15263 -0.0272448 0.14782 0.988639 -9.71339 0 0 0 1 
0.995847 -0.0830478 0.0373171 6.25174 0.0875293 0.986088 -0.141312 -1.14174 -0.0250623 0.143992 0.989261 -9.58224 0 0 0 1 
0.995933 -0.0831304 0.0347516 6.19655 0.0871582 0.986636 -0.137669 -1.13002 -0.0228427 0.140138 0.989868 -9.44996 0 0 0 1 
0.99601 -0.083254 0.0321505 6.14299 0.0868409 0.987166 -0.134019 -1.11726 -0.0205803 0.136276 0.990457 -9.31749 0 0 0 1 
0.996075 -0.0834426 0.029514 6.09264 0.0866021 0.987674 -0.130382 -1.10329 -0.0182708 0.132426 0.991024 -9.18592 0 0 0 1 
0.996127 -0.0837243 0.0268421 6.04735 0.0864705 0.988155 -0.12678 -1.08796 -0.0159096 0.12861 0.991568 -9.05658 0 0 0 1 
0.996162 -0.0841308 0.0241315 6.00912 0.0864776 0.988602 -0.123236 -1.07105 -0.0134885 0.124849 0.992084 -8.93066 0 0 0 1 
0.996177 -0.0846992 0.0213739 5.9802 0.0866597 0.989013 -0.119766 -1.05231 -0.010995 0.121161 0.992572 -8.80927 0 0 0 1 
0.996168 -0.0854686 0.0185603 5.96296 0.0870548 0.989381 -0.116391 -1.03148 -0.00841536 0.117561 0.99303 -8.69354 0 0 0 1 
0.99613 -0.0864806 0.0156755 5.95976 0.0877027 0.989703 -0.113124 -1.00825 -0.00573105 0.114061 0.993457 -8.58435 0 0 0 1 
0.996059 -0.0877752 0.0127074 5.97294 0.0886419 0.989973 -0.10998 -0.982352 -0.00292647 0.110673 0.993853 -8.48269 0 0 0 1 
0.99595 -0.0893878 0.00963989 6.00443 0.0899061 0.990189 -0.106967 -0.953471 1.62761e-05 0.107401 0.994216 -8.38892 0 0 0 1 
0.995799 -0.0913388 0.00646607 6.05539 0.0915148 0.990348 -0.104095 -0.921468 0.00310423 0.104249 0.994546 -8.30343 0 0 0 1 
0.995601 -0.0936377 0.00318014 6.12629 0.0934769 0.990448 -0.101364 -0.886215 0.00634171 0.101215 0.994844 -8.226 0 0 0 1 
0.995498 -0.0947732 0.00153136 6.16053 0.0944508 0.990495 -0.0999901 -0.868632 0.00795958 0.0996846 0.994987 -8.18672 0 0 0 1 
0.995356 -0.0962667 -0.000208228 6.21615 0.0957755 0.99049 -0.0987766 -0.847851 0.00971515 0.0982979 0.99511 -8.15616 0 0 0 1 
0.995176 -0.0980894 -0.00202519 6.29155 0.0974232 0.990434 -0.0977196 -0.824095 0.0115911 0.0970508 0.995212 -8.13369 0 0 0 1 
0.994959 -0.10021 -0.00390432 6.38508 0.0993642 0.99033 -0.0968164 -0.797576 0.0135686 0.0959403 0.995295 -8.11861 0 0 0 1 
0.994707 -0.102588 -0.00582672 6.49441 0.101558 0.990181 -0.0960601 -0.768603 0.0156241 0.0949599 0.995358 -8.11004 0 0 0 1 
0.994423 -0.105179 -0.00777603 6.61717 0.103964 0.989991 -0.09544 -0.737467 0.0177365 0.0940993 0.995405 -8.10697 0 0 0 1 
0.994109 -0.107948 -0.00973739 6.75124 0.106546 0.989764 -0.0949468 -0.704421 0.019887 0.09335 0.995435 -8.10848 0 0 0 1 
0.993768 -0.110856 -0.0117031 6.89439 0.109267 0.989504 -0.0945621 -0.669691 0.022063 0.092694 0.99545 -8.11342 0 0 0 1 
0.993401 -0.113875 -0.0136709 7.04478 0.112098 0.989216 -0.0942665 -0.633412 0.0242581 0.0921119 0.995453 -8.12065 0 0 0 1 
0.993011 -0.116982 -0.0156374 7.20091 0.115017 0.988902 -0.0940462 -0.59574 0.0264656 0.0915903 0.995445 -8.12943 0 0 0 1 
0.992598 -0.12016 -0.0176096 7.36151 0.118006 0.988565 -0.0938792 -0.556691 0.0286887 0.0911063 0.995428 -8.13863 0 0 0 1 
0.992164 -0.123394 -0.0195927 7.52555 0.121051 0.988209 -0.0937482 -0.516306 0.0309297 0.0906419 0.995403 -8.14745 0 0 0 1 
0.991709 -0.126674 -0.0215904 7.69216 0.12414 0.987836 -0.0936406 -0.474643 0.0331895 0.090184 0.995372 -8.15535 0 0 0 1 
0.991234 -0.129991 -0.0236128 7.86058 0.127266 0.987448 -0.0935374 -0.431674 0.0354755 0.0897123 0.995336 -8.16145 0 0 0 1 
0.990738 -0.133339 -0.0256631 8.03028 0.130422 0.987047 -0.0934305 -0.387437 0.0377886 0.0892181 0.995295 -8.16544 0 0 0 1 
0.990222 -0.136712 -0.0277493 8.20066 0.133602 0.986633 -0.093306 -0.341923 0.0401344 0.0886863 0.995251 -8.16667 0 0 0 1 
0.989686 -0.140105 -0.0298736 8.37134 0.136801 0.986208 -0.0931584 -0.295168 0.0425136 0.0881109 0.995203 -8.16494 0 0 0 1 
0.989129 -0.143517 -0.0320398 8.54209 0.140018 0.985773 -0.0929826 -0.247172 0.0449285 0.0874857 0.995152 -8.16003 0 0 0 1 
0.988552 -0.146941 -0.0342501 8.71256 0.143248 0.985329 -0.0927737 -0.197956 0.04738 0.0868054 0.995098 -8.15171 0 0 0 1 
0.987954 -0.15038 -0.0365015 8.88285 0.146493 0.984874 -0.0925369 -0.147549 0.0498651 0.086075 0.99504 -8.14025 0 0 0 1 
0.987335 -0.153832 -0.0387975 9.05277 0.14975 0.984409 -0.0922678 -0.0959319 0.0523864 0.0852893 0.994978 -8.12539 0 0 0 1 
0.986695 -0.157296 -0.0411321 9.22244 0.153021 0.983933 -0.0919748 -0.0431506 0.0549385 0.0844569 0.994911 -8.10753 0 0 0 1 
0.986032 -0.160773 -0.0435051 9.39197 0.156307 0.983446 -0.0916601 0.0108303 0.0575214 0.0835796 0.99484 -8.08668 0 0 0 1 
0.985347 -0.164265 -0.0459113 9.56152 0.159609 0.982946 -0.0913315 0.0659793 0.0601309 0.0826653 0.994762 -8.06325 0 0 0 1 
0.98464 -0.167771 -0.0483502 9.73107 0.162927 0.982434 -0.0909901 0.122315 0.0627663 0.0817149 0.994677 -8.03717 0 0 0 1 
0.983909 -0.171292 -0.0508186 9.90079 0.166262 0.981907 -0.0906416 0.179831 0.0654253 0.0807338 0.994586 -8.00875 0 0 0 1 
0.983155 -0.174824 -0.0533098 10.0705 0.16961 0.981366 -0.090291 0.23842 0.0681015 0.0797282 0.994488 -7.97828 0 0 0 1 
0.982376 -0.178376 -0.0558476 10.2404 0.17298 0.980812 -0.0899189 0.298431 0.0708154 0.0786737 0.994382 -7.94448 0 0 0 1 
0.981575 -0.181932 -0.0584014 10.41 0.176358 0.980244 -0.0895496 0.359381 0.0735396 0.0776002 0.994269 -7.90901 0 0 0 1 
0.980748 -0.185505 -0.0610034 10.5793 0.179754 0.979663 -0.0891558 0.421714 0.0763015 0.0764738 0.994148 -7.8701 0 0 0 1 
0.979899 -0.189077 -0.0636243 10.7481 0.183154 0.979069 -0.0887596 0.484938 0.079075 0.0753224 0.994019 -7.82937 0 0 0 1 
0.979023 -0.19266 -0.0662959 10.9161 0.186568 0.978463 -0.0883339 0.549479 0.0818865 0.0741123 0.993882 -7.78504 0 0 0 1 
0.978126 -0.196237 -0.0689895 11.0831 0.189981 0.977845 -0.0878993 0.614825 0.0847102 0.07287 0.993737 -7.73868 0 0 0 1 
0.977201 -0.199823 -0.0717529 11.2488 0.193408 0.977216 -0.0874156 0.681616 0.0875858 0.071545 0.993584 -7.68766 0 0 0 1 
0.976254 -0.203399 -0.0745413 11.413 0.196829 0.976577 -0.0869183 0.74914 0.0904744 0.0701825 0.993423 -7.63451 0 0 0 1 
0.975282 -0.206971 -0.0773873 11.5754 0.200254 0.975929 -0.0863785 0.817782 0.0934023 0.0687462 0.993252 -7.57739 0 0 0 1 
0.974285 -0.210532 -0.0802767 11.7359 0.203675 0.975271 -0.0858072 0.887284 0.0963567 0.0672503 0.993072 -7.51715 0 0 0 1 
0.973266 -0.214078 -0.083212 11.8941 0.207089 0.974605 -0.0851999 0.957577 0.0993384 0.0656899 0.992883 -7.45368 0 0 0 1 
0.972221 -0.217612 -0.0862092 12.0497 0.210498 0.973932 -0.0845424 1.02882 0.102359 0.064047 0.992684 -7.38606 0 0 0 1 
0.97115 -0.221131 -0.0892696 12.2026 0.213903 0.973251 -0.0838341 1.10098 0.10542 0.0623204 0.992473 -7.31433 0 0 0 1 
0.970056 -0.224628 -0.0923783 12.3527 0.217296 0.972563 -0.0830859 1.17379 0.108507 0.0605245 0.992251 -7.23932 0 0 0 1 
0.968937 -0.228105 -0.0955513 12.4996 0.220681 0.971869 -0.0822847 1.24742 0.111633 0.0586423 0.992018 -7.16018 0 0 0 1 
0.967794 -0.231557 -0.0987732 12.6435 0.224052 0.971168 -0.0814435 1.32161 0.114784 0.0566902 0.991772 -7.0778 0 0 0 1 
0.966625 -0.234989 -0.102058 12.7843 0.227416 0.97046 -0.0805535 1.3966 0.117973 0.0546554 0.991512 -6.99147 0 0 0 1 
0.965433 -0.238394 -0.10539 12.9219 0.230767 0.969745 -0.0796275 1.47213 0.121185 0.0525544 0.991238 -6.90208 0 0 0 1 
0.964214 -0.241781 -0.108784 13.0566 0.234113 0.969022 -0.0786589 1.54847 0.124432 0.0503763 0.990948 -6.80896 0 0 0 1 
0.96297 -0.245145 -0.11222 13.1885 0.237449 0.968291 -0.0776627 1.62538 0.127701 0.0481403 0.990644 -6.71305 0 0 0 1 
0.961697 -0.248491 -0.115716 13.3176 0.240783 0.967549 -0.0766301 1.7031 0.131003 0.0458326 0.990322 -6.61364 0 0 0 1 
0.960403 -0.251812 -0.119237 13.4441 0.244105 0.966799 -0.075588 1.78122 0.134312 0.0434886 0.989984 -6.5125 0 0 0 1 
0.95908 -0.255113 -0.122815 13.5677 0.247423 0.966038 -0.0745124 1.86011 0.137653 0.0410761 0.989628 -6.40797 0 0 0 1 
0.957732 -0.258387 -0.126434 13.6883 0.250729 0.96527 -0.0734126 1.93947 0.141012 0.038609 0.989255 -6.30084 0 0 0 1 
0.956362 -0.261625 -0.130095 13.8052 0.254017 0.964495 -0.0722839 2.01917 0.144388 0.0360831 0.988863 -6.19101 0 0 0 1 
0.954971 -0.264815 -0.133801 13.9177 0.257277 0.963717 -0.0711155 2.09897 0.147779 0.0334893 0.988453 -6.07823 0 0 0 1 
0.95357 -0.267932 -0.137537 14.0243 0.260484 0.962944 -0.0699034 2.17823 0.15117 0.0308317 0.988027 -5.96295 0 0 0 1 
0.95217 -0.270942 -0.141288 14.1233 0.263607 0.962185 -0.0686368 2.25618 0.154542 0.0281094 0.987586 -5.84548 0 0 0 1 
0.950784 -0.273804 -0.145055 14.212 0.266611 0.961453 -0.0672859 2.33202 0.157886 0.0253012 0.987133 -5.72509 0 0 0 1 
0.949442 -0.276447 -0.148787 14.2871 0.269427 0.960767 -0.0658434 2.40396 0.161152 0.0224271 0.986675 -5.60329 0 0 0 1 
0.948177 -0.278793 -0.152432 14.3447 0.271978 0.960153 -0.0642973 2.47002 0.164284 0.0195069 0.98622 -5.48147 0 0 0 1 
0.947032 -0.280749 -0.155917 14.3806 0.274173 0.959638 -0.0626401 2.52779 0.16721 0.0165739 0.985782 -5.36171 0 0 0 1 
0.946052 -0.282222 -0.159176 14.3907 0.275921 0.959252 -0.0608558 2.57503 0.169865 0.0136527 0.985373 -5.24529 0 0 0 1 
0.94529 -0.283117 -0.162082 14.372 0.277118 0.959024 -0.0589765 2.60882 0.172138 0.0108339 0.985013 -5.13688 0 0 0 1 
0.944785 -0.28337 -0.164566 14.3221 0.277697 0.958976 -0.0570072 2.6275 0.173969 0.00816023 0.984717 -5.03821 0 0 0 1 
0.944562 -0.282949 -0.166558 14.2408 0.277616 0.959118 -0.0549732 2.63007 0.175304 0.00568646 0.984498 -4.95144 0 0 0 1 
0.944635 -0.281854 -0.167998 14.1299 0.276863 0.959451 -0.0529197 2.61619 0.176101 0.00347734 0.984366 -4.87909 0 0 0 1 
0.944987 -0.280134 -0.16889 13.9923 0.275481 0.95996 -0.0508709 2.58709 0.176378 0.00154634 0.984321 -4.82098 0 0 0 1 
0.945594 -0.277859 -0.16925 13.8324 0.273529 0.960622 -0.0488627 2.54439 0.176162 -9.04897e-05 0.984361 -4.77715 0 0 0 1 
0.946412 -0.275126 -0.169146 13.6546 0.271102 0.961407 -0.0469081 2.49072 0.175524 -0.00146148 0.984474 -4.74554 0 0 0 1 
0.947393 -0.272036 -0.168651 13.4637 0.268298 0.962284 -0.0450188 2.42867 0.174537 -0.00259824 0.984647 -4.72411 0 0 0 1 
0.948493 -0.26868 -0.167843 13.2636 0.265208 0.963223 -0.0431987 2.36065 0.173277 -0.00353973 0.984867 -4.71071 0 0 0 1 
0.949677 -0.265135 -0.166784 13.0576 0.26191 0.964202 -0.0414533 2.28855 0.171804 -0.00431501 0.985122 -4.70384 0 0 0 1 
0.950906 -0.261468 -0.165564 12.8478 0.258476 0.965199 -0.0397566 2.21443 0.170198 -0.00498966 0.985397 -4.70025 0 0 0 1 
0.952159 -0.257723 -0.164229 12.6358 0.254952 0.966203 -0.0381045 2.13937 0.168499 -0.00558896 0.985686 -4.69881 0 0 0 1 
0.953424 -0.253927 -0.162801 12.4229 0.251365 0.967204 -0.036497 2.064 0.16673 -0.00612549 0.985984 -4.69905 0 0 0 1 
0.954686 -0.250101 -0.16132 12.2093 0.24774 0.968197 -0.0349167 1.989 0.164922 -0.00663094 0.986284 -4.69953 0 0 0 1 
0.955939 -0.246258 -0.159806 11.9955 0.244093 0.969178 -0.0333568 1.91476 0.163094 -0.0071203 0.986585 -4.69961 0 0 0 1 
0.957176 -0.242409 -0.158276 11.7815 0.240433 0.970144 -0.0318087 1.8416 0.161262 -0.00760836 0.986882 -4.69858 0 0 0 1 
0.958398 -0.238553 -0.156735 11.5673 0.236764 0.971096 -0.0302701 1.76954 0.159425 -0.00809824 0.987177 -4.69641 0 0 0 1 
0.959602 -0.234695 -0.155183 11.3532 0.233087 0.972031 -0.0287428 1.69862 0.157588 -0.00858932 0.987468 -4.69315 0 0 0 1 
0.960786 -0.230839 -0.153635 11.139 0.229409 0.97295 -0.0272156 1.62909 0.155762 -0.00909697 0.987753 -4.68802 0 0 0 1 
0.961956 -0.226976 -0.152063 10.9249 0.225719 0.973853 -0.02571 1.56048 0.153922 -0.00959153 0.988036 -4.68255 0 0 0 1 
0.963101 -0.223122 -0.15051 10.7108 0.222036 0.974738 -0.0241967 1.49354 0.152107 -0.0101148 0.988312 -4.67454 0 0 0 1 
0.964232 -0.219264 -0.148931 10.4971 0.218344 0.975608 -0.022708 1.42755 0.150277 -0.0106224 0.988587 -4.66626 0 0 0 1 
0.965341 -0.215415 -0.147355 10.2838 0.214655 0.976459 -0.0212261 1.36304 0.148459 -0.0111402 0.988856 -4.65628 0 0 0 1 
0.966432 -0.211569 -0.145766 10.071 0.210966 0.977294 -0.019763 1.29975 0.146637 -0.011652 0.989122 -4.64539 0 0 0 1 
0.967505 -0.20773 -0.144162 9.859 0.207277 0.978111 -0.0183226 1.23774 0.144813 -0.0121543 0.989384 -4.63367 0 0 0 1 
0.968556 -0.203903 -0.142556 9.64787 0.203596 0.978909 -0.016898 1.17725 0.142995 -0.0126571 0.989642 -4.62047 0 0 0 1 
0.969592 -0.200085 -0.140916 9.43813 0.199914 0.979691 -0.0155164 1.11783 0.141159 -0.0131265 0.9899 -4.60742 0 0 0 1 
0.970612 -0.196277 -0.139239 9.22997 0.196233 0.980455 -0.0141813 1.0595 0.139301 -0.0135588 0.990157 -4.5946 0 0 0 1 
0.971613 -0.192488 -0.137539 9.02371 0.192563 0.9812 -0.0128894 1.00253 0.137434 -0.0139614 0.990412 -4.58144 0 0 0 1 
0.972597 -0.188716 -0.135798 8.81959 0.188899 0.981927 -0.0116547 0.946674 0.135543 -0.0143168 0.990668 -4.56877 0 0 0 1 
0.973565 -0.184965 -0.134015 8.61796 0.185245 0.982636 -0.0104834 0.891954 0.133627 -0.0146193 0.990924 -4.55676 0 0 0 1 
0.974515 -0.181236 -0.132189 8.41896 0.181603 0.983327 -0.00937827 0.838356 0.131685 -0.0148666 0.99118 -4.54548 0 0 0 1 
0.975451 -0.177529 -0.130304 8.22295 0.177969 0.984001 -0.00835524 0.785632 0.129702 -0.0150399 0.991439 -4.5358 0 0 0 1 
0.976366 -0.173853 -0.12839 8.02979 0.174357 0.984655 -0.00739265 0.73425 0.127705 -0.0151678 0.991696 -4.52628 0 0 0 1 
0.977267 -0.1702 -0.126419 7.8396 0.170755 0.985292 -0.00651278 0.683673 0.125668 -0.015222 0.991956 -4.51841 0 0 0 1 
0.978149 -0.166574 -0.124407 7.65227 0.16717 0.985912 -0.00570369 0.634114 0.123604 -0.015218 0.992215 -4.51146 0 0 0 1 
0.979011 -0.162982 -0.12237 7.46789 0.163611 0.986512 -0.00495617 0.585812 0.121527 -0.0151689 0.992472 -4.50478 0 0 0 1 
0.979855 -0.159414 -0.120296 7.28611 0.160068 0.987097 -0.00427472 0.538434 0.119425 -0.0150669 0.992729 -4.49893 0 0 0 1 
0.980679 -0.155878 -0.118201 7.10693 0.156548 0.987664 -0.00364917 0.492214 0.117311 -0.0149254 0.992983 -4.49325 0 0 0 1 
0.981482 -0.152371 -0.116087 6.93021 0.153052 0.988213 -0.00307566 0.447107 0.115188 -0.0147487 0.993234 -4.48767 0 0 0 1 
0.982265 -0.148893 -0.113957 6.75582 0.149579 0.988746 -0.00255224 0.403074 0.113054 -0.0145386 0.993482 -4.48215 0 0 0 1 
0.983026 -0.145446 -0.111826 6.58352 0.146134 0.989263 -0.0020639 0.360328 0.110926 -0.0143128 0.993726 -4.4759 0 0 0 1 
0.983765 -0.142032 -0.109698 6.41329 0.142718 0.989762 -0.0016087 0.318842 0.108803 -0.0140733 0.993964 -4.46889 0 0 0 1 
0.984485 -0.138641 -0.107557 6.24492 0.139322 0.990246 -0.00119452 0.278316 0.106674 -0.0138091 0.994198 -4.46178 0 0 0 1 
0.985183 -0.13528 -0.105421 6.07839 0.135953 0.990715 -0.00080908 0.238986 0.104551 -0.0135352 0.994427 -4.45384 0 0 0 1 
0.985858 -0.131953 -0.103305 5.91356 0.132618 0.991167 -0.000437748 0.201083 0.10245 -0.0132685 0.99465 -4.44428 0 0 0 1 
0.986513 -0.128653 -0.101196 5.75034 0.129307 0.991605 -8.97943e-05 0.164318 0.100358 -0.0129968 0.994866 -4.43379 0 0 0 1 
0.987148 -0.125378 -0.0990952 5.58858 0.126022 0.992027 0.000237802 0.128665 0.0982753 -0.0127229 0.995078 -4.4223 0 0 0 1 
0.98776 -0.122135 -0.0970177 5.42831 0.122768 0.992435 0.000557017 0.0943702 0.0962158 -0.0124609 0.995283 -4.4091 0 0 0 1 
0.988354 -0.118917 -0.0949497 5.26939 0.119538 0.992829 0.000859179 0.0611471 0.0941667 -0.0121993 0.995482 -4.39486 0 0 0 1 
0.988924 -0.115736 -0.0929221 5.1119 0.116347 0.993208 0.00116827 0.0295075 0.0921557 -0.0119666 0.995673 -4.37812 0 0 0 1 
0.989476 -0.112581 -0.0909044 4.95584 0.113182 0.993573 0.00146068 -0.00108837 0.0901558 -0.011734 0.995859 -4.36038 0 0 0 1 
0.990007 -0.10946 -0.0889112 4.80137 0.11005 0.993925 0.00174637 -0.0303892 0.0881798 -0.0115136 0.996038 -4.34097 0 0 0 1 
0.99052 -0.106368 -0.0869279 4.64856 0.106946 0.994263 0.00201326 -0.0586735 0.086215 -0.0112908 0.996213 -4.32068 0 0 0 1 
0.991013 -0.103315 -0.0849666 4.49784 0.103882 0.994587 0.00226625 -0.0856874 0.0842725 -0.0110724 0.996381 -4.299 0 0 0 1 
0.991486 -0.100307 -0.0830265 4.34952 0.100862 0.994897 0.00250147 -0.111448 0.082352 -0.0108544 0.996544 -4.27609 0 0 0 1 
0.991944 -0.097337 -0.0810752 4.20398 0.0978757 0.995195 0.00268703 -0.136504 0.0804241 -0.0106007 0.996704 -4.25368 0 0 0 1 
0.992382 -0.0944223 -0.0791401 4.06175 0.0949434 0.995479 0.0028397 -0.160356 0.0785141 -0.0103319 0.996859 -4.23057 0 0 0 1 
0.992804 -0.0915549 -0.0771896 3.92307 0.0920543 0.99575 0.00292956 -0.183568 0.0765933 -0.0100141 0.997012 -4.20845 0 0 0 1 
0.993209 -0.0887434 -0.0752379 3.78817 0.0892181 0.996008 0.0029657 -0.205918 0.0746744 -0.00965815 0.997161 -4.1867 0 0 0 1 
0.993599 -0.0859815 -0.0732706 3.65696 0.0864278 0.996254 0.00293639 -0.227714 0.0727437 -0.00925021 0.997308 -4.16609 0 0 0 1 
0.993973 -0.0832713 -0.071304 3.52919 0.0836871 0.996488 0.00285877 -0.248733 0.0708155 -0.00880877 0.997451 -4.14575 0 0 0 1 
0.994331 -0.0806066 -0.0693422 3.40432 0.0809908 0.996711 0.00274342 -0.269006 0.068893 -0.00834395 0.997589 -4.1254 0 0 0 1 
0.994673 -0.0779833 -0.0674046 3.28158 0.078337 0.996923 0.00261709 -0.288286 0.0669932 -0.00788343 0.997722 -4.10385 0 0 0 1 
0.994999 -0.075395 -0.0655141 3.15994 0.0757217 0.997126 0.0025139 -0.306309 0.0651363 -0.00746217 0.997848 -4.07975 0 0 0 1 
0.995308 -0.0728328 -0.0636938 3.03821 0.073138 0.997319 0.00247082 -0.322783 0.0633431 -0.00711767 0.997966 -4.0516 0 0 0 1 
0.995602 -0.0702799 -0.061953 2.91498 0.0705706 0.997504 0.00251537 -0.337664 0.0616216 -0.00687637 0.998076 -4.01854 0 0 0 1 
0.995876 -0.0677403 -0.0603471 2.78915 0.0680274 0.99768 0.00271416 -0.350076 0.0600232 -0.00680822 0.998174 -3.97753 0 0 0 1 
0.996133 -0.0652009 -0.0588862 2.65954 0.065496 0.997848 0.00309412 -0.359926 0.0585578 -0.00693897 0.99826 -3.92781 0 0 0 1 
0.996372 -0.0626545 -0.0575952 2.52502 0.062971 0.998009 0.00369497 -0.366827 0.057249 -0.00730839 0.998333 -3.86783 0 0 0 1 
0.996591 -0.0601103 -0.056513 2.38524 0.0604636 0.99816 0.0045606 -0.370119 0.0561349 -0.00796203 0.998391 -3.79578 0 0 0 1 
0.996789 -0.0575693 -0.0556616 2.23968 0.0579761 0.998302 0.00572114 -0.369389 0.0552377 -0.00892981 0.998433 -3.71052 0 0 0 1 
0.996966 -0.0550368 -0.0550509 2.08846 0.0555146 0.998432 0.00718741 -0.36443 0.054569 -0.0102217 0.998458 -3.61189 0 0 0 1 
0.997121 -0.0525186 -0.054689 1.93173 0.0530856 0.99855 0.00896705 -0.355032 0.0541388 -0.0118444 0.998463 -3.49982 0 0 0 1 
0.997255 -0.0500256 -0.0545817 1.77009 0.050701 0.998653 0.0110599 -0.341006 0.0539548 -0.0137969 0.998448 -3.37453 0 0 0 1 
0.997367 -0.0475714 -0.0547325 1.60435 0.0483755 0.998739 0.0134597 -0.322187 0.0540231 -0.016072 0.99841 -3.23645 0 0 0 1 
0.997456 -0.0451747 -0.0551513 1.43552 0.0461295 0.998805 0.0161635 -0.298295 0.0543552 -0.0186664 0.998347 -3.08578 0 0 0 1 
0.997522 -0.0428327 -0.0558058 1.2642 0.04396 0.99885 0.0191319 -0.269837 0.0549222 -0.0215377 0.998258 -2.92468 0 0 0 1 
0.997566 -0.0405642 -0.0567067 1.09141 0.0418884 0.998872 0.0223612 -0.236519 0.0557357 -0.0246821 0.99814 -2.75326 0 0 0 1 
0.997588 -0.038376 -0.0578336 0.918094 0.039922 0.998869 0.0258176 -0.19864 0.0567774 -0.0280641 0.997992 -2.57318 0 0 0 1 
0.997589 -0.0362679 -0.0591671 0.744722 0.0380616 0.998841 0.0294747 -0.156484 0.0580296 -0.0316556 0.997813 -2.38576 0 0 0 1 
0.997567 -0.0342575 -0.0607159 0.572284 0.0363276 0.998784 0.033325 -0.109821 0.0595005 -0.0354496 0.997599 -2.19111 0 0 0 1 
0.997526 -0.0323287 -0.0624294 0.400943 0.0347022 0.998701 0.0373161 -0.0595356 0.0611419 -0.0393902 0.997352 -1.99186 0 0 0 1 
0.997462 -0.0305033 -0.0643308 0.23162 0.0332113 0.998588 0.0414547 -0.00512897 0.0629755 -0.0434861 0.997067 -1.7873 0 0 0 1 
0.99738 -0.0287623 -0.0663696 0.0642953 0.0318335 0.998448 0.0456911 0.0524969 0.0649524 -0.0476842 0.996748 -1.57984 0 0 0 1 
0.997279 -0.0271173 -0.0685534 -0.100408 0.030583 0.99828 0.0500215 0.113555 0.067079 -0.051982 0.996393 -1.36925 0 0 0 1 
0.997158 -0.0255632 -0.0708624 -0.262327 0.0294544 0.998083 0.0544227 0.1777 0.0693354 -0.0563552 0.996 -1.15651 0 0 0 1 
0.997021 -0.0240934 -0.0732763 -0.421374 0.0284405 0.99786 0.0588723 0.24459 0.0717011 -0.0607809 0.995573 -0.942492 0 0 0 1 
0.996866 -0.0227014 -0.0757752 -0.577485 0.0275338 0.997612 0.0633495 0.313882 0.0741561 -0.0652374 0.995111 -0.727992 0 0 0 1 
0.996695 -0.0213961 -0.0783705 -0.73031 0.0267455 0.997336 0.0678575 0.3858 0.0767099 -0.0697293 0.994612 -0.512586 0 0 0 1 
0.996508 -0.0201626 -0.0810286 -0.880002 0.0260576 0.997038 0.0723663 0.459714 0.0793294 -0.074225 0.994081 -0.297607 0 0 0 1 
0.996304 -0.019008 -0.0837618 -1.02636 0.0254795 0.996715 0.0768825 0.535871 0.0820252 -0.0787326 0.993515 -0.0825012 0 0 0 1 
0.996085 -0.0179337 -0.0865669 -1.16921 0.0250129 0.996368 0.0813988 0.61421 0.0847927 -0.0832453 0.992915 0.132605 0 0 0 1 
0.995851 -0.0169229 -0.089413 -1.30888 0.0246372 0.996 0.0858911 0.69412 0.0876018 -0.0877376 0.992284 0.346552 0 0 0 1 
0.9956 -0.0159927 -0.0923277 -1.4449 0.0243738 0.995609 0.0903752 0.776117 0.090477 -0.092228 0.991619 0.560393 0 0 0 1 
0.995336 -0.0151267 -0.0952795 -1.57756 0.024202 0.9952 0.0948267 0.859587 0.0933877 -0.0966904 0.990924 0.772996 0 0 0 1 
0.995055 -0.0143331 -0.0982817 -1.70663 0.0241322 0.99477 0.0992524 0.944775 0.0963451 -0.101133 0.990197 0.984912 0 0 0 1 
0.994761 -0.0136033 -0.101319 -1.83229 0.0241533 0.994321 0.103641 1.03136 0.0993337 -0.105545 0.989441 1.19561 0 0 0 1 
0.994451 -0.0129466 -0.104404 -1.95421 0.0242769 0.993855 0.107996 1.11958 0.102364 -0.109931 0.988654 1.4056 0 0 0 1 
0.994128 -0.0123462 -0.107506 -2.07274 0.0244807 0.993373 0.112297 1.20883 0.105407 -0.11427 0.987842 1.61385 0 0 0 1 
0.993789 -0.0118191 -0.110653 -2.1874 0.0247865 0.992874 0.11656 1.29964 0.108487 -0.118579 0.987 1.82144 0 0 0 1 
0.993437 -0.0113484 -0.113815 -2.29857 0.0251717 0.992362 0.120765 1.39142 0.111575 -0.122837 0.986135 2.02738 0 0 0 1 
0.993073 -0.0109359 -0.11699 -2.40607 0.0256371 0.991837 0.124907 1.48411 0.114669 -0.127041 0.985247 2.23165 0 0 0 1 
0.992696 -0.0105802 -0.120177 -2.50992 0.0261804 0.991301 0.128985 1.57772 0.117767 -0.13119 0.984337 2.43442 0 0 0 1 
0.992305 -0.0102931 -0.123389 -2.60963 0.0268154 0.990753 0.133004 1.67244 0.120879 -0.135289 0.983405 2.63608 0 0 0 1 
0.991906 -0.0100533 -0.126579 -2.70545 0.0275099 0.990199 0.13693 1.76733 0.123962 -0.139303 0.98246 2.83508 0 0 0 1 
0.991492 -0.00988707 -0.129791 -2.79666 0.0282981 0.989636 0.140786 1.86322 0.127054 -0.143261 0.981496 3.03292 0 0 0 1 
0.991071 -0.0097634 -0.132979 -2.88418 0.0291393 0.989068 0.144553 1.95934 0.130114 -0.147137 0.980521 3.2286 0 0 0 1 
0.990642 -0.00969081 -0.13614 -2.96736 0.0300391 0.988498 0.14822 2.05552 0.133138 -0.150922 0.979539 3.42182 0 0 0 1 
0.990205 -0.00967205 -0.139289 -3.04632 0.0310031 0.987925 0.151801 2.15216 0.136139 -0.154632 0.978547 3.61351 0 0 0 1 
0.98976 -0.00971397 -0.142407 -3.12012 0.0320306 0.987353 0.155269 2.24865 0.139098 -0.158241 0.977554 3.80256 0 0 0 1 
0.989313 -0.00980209 -0.14548 -3.18935 0.0331031 0.986784 0.158625 2.34482 0.142002 -0.161745 0.976562 3.98898 0 0 0 1 
0.988864 -0.00992806 -0.148493 -3.25419 0.0342075 0.98622 0.161862 2.44037 0.144839 -0.165139 0.975577 4.17244 0 0 0 1 
0.98841 -0.0101163 -0.151472 -3.31366 0.0353723 0.985661 0.164988 2.5357 0.147631 -0.168433 0.974595 4.35361 0 0 0 1 
0.987955 -0.0103426 -0.154393 -3.36872 0.0365665 0.985109 0.167997 2.63038 0.150356 -0.171619 0.973622 4.53206 0 0 0 1 
0.987499 -0.010621 -0.157268 -3.4188 0.0378059 0.984564 0.170895 2.72454 0.153025 -0.174704 0.972657 4.70802 0 0 0 1 
0.987043 -0.0109422 -0.160085 -3.46421 0.0390767 0.984027 0.173676 2.81788 0.155628 -0.177681 0.971704 4.88116 0 0 0 1 
0.986587 -0.0113042 -0.162847 -3.50516 0.0403768 0.9835 0.176347 2.91041 0.158166 -0.180557 0.970764 5.0516 0 0 0 1 
0.986128 -0.0117073 -0.165572 -3.54211 0.0417119 0.982978 0.178927 3.00258 0.160658 -0.183352 0.96983 5.22022 0 0 0 1 
0.98567 -0.012154 -0.168244 -3.57454 0.0430776 0.982466 0.1814 3.09377 0.163089 -0.186048 0.968911 5.38602 0 0 0 1 
0.985213 -0.0126356 -0.170869 -3.60317 0.0444671 0.981961 0.183778 3.18417 0.165464 -0.188658 0.968003 5.5494 0 0 0 1 
0.98475 -0.0131736 -0.173476 -3.62731 0.0459082 0.981463 0.186071 3.27418 0.167809 -0.191197 0.967101 5.711 0 0 0 1 
0.984287 -0.0137361 -0.176041 -3.64854 0.0473652 0.980971 0.188287 3.36356 0.170104 -0.193667 0.966208 5.87067 0 0 0 1 
0.983821 -0.0143304 -0.17858 -3.6668 0.0488492 0.980483 0.190436 3.4526 0.172365 -0.196079 0.96532 6.02892 0 0 0 1 
0.983349 -0.014976 -0.181107 -3.68112 0.0503806 0.98 0.192512 3.54127 0.174602 -0.198431 0.964437 6.18555 0 0 0 1 
0.982877 -0.0156415 -0.183597 -3.69303 0.0519239 0.979523 0.194522 3.62931 0.176795 -0.200724 0.963563 6.34044 0 0 0 1 
0.982402 -0.0163403 -0.186065 -3.70199 0.0534949 0.97905 0.196467 3.71686 0.178956 -0.202963 0.962695 6.49373 0 0 0 1 
0.98192 -0.0170802 -0.188526 -3.70787 0.0551054 0.97858 0.198354 3.80421 0.1811 -0.205156 0.961828 6.64587 0 0 0 1 
0.981434 -0.0178449 -0.190968 -3.7115 0.0567374 0.978113 0.200189 3.89124 0.183216 -0.207307 0.960966 6.79681 0 0 0 1 
0.980945 -0.018634 -0.193391 -3.71293 0.05839 0.977649 0.201973 3.97793 0.185305 -0.209417 0.960108 6.94659 0 0 0 1 
0.980448 -0.0194605 -0.195811 -3.71164 0.0600793 0.977187 0.203706 4.06444 0.18738 -0.211488 0.959251 7.09534 0 0 0 1 
0.979948 -0.0203097 -0.198214 -3.70832 0.0617876 0.976727 0.205392 4.15062 0.18943 -0.213521 0.958397 7.24298 0 0 0 1 
0.979441 -0.0211946 -0.200615 -3.70245 0.0635311 0.97627 0.20703 4.2366 0.191466 -0.215519 0.957545 7.38965 0 0 0 1 
0.978926 -0.0221033 -0.203016 -3.69492 0.0653013 0.975811 0.208636 4.32274 0.193493 -0.217497 0.95669 7.536 0 0 0 1 
0.978407 -0.023038 -0.2054 -3.68515 0.0670923 0.975355 0.210192 4.40838 0.195496 -0.219434 0.95584 7.68102 0 0 0 1 
0.97788 -0.0239953 -0.207786 -3.67385 0.0689091 0.974899 0.211717 4.49418 0.19749 -0.221353 0.954987 7.82577 0 0 0 1 
0.977349 -0.0249772 -0.210155 -3.66045 0.0707454 0.974445 0.213195 4.57948 0.19946 -0.223233 0.95414 7.96923 0 0 0 1 
0.976806 -0.0259894 -0.212542 -3.64539 0.0726196 0.973988 0.214649 4.66525 0.201435 -0.225105 0.953285 8.11287 0 0 0 1 
0.976262 -0.0270108 -0.2149 -3.62895 0.0744955 0.973534 0.216059 4.7504 0.203377 -0.22694 0.952437 8.25517 0 0 0 1 
0.97571 -0.0280583 -0.21726 -3.61076 0.0763988 0.97308 0.217436 4.83553 0.20531 -0.228753 0.951588 8.39696 0 0 0 1 
0.97515 -0.0291263 -0.219622 -3.59123 0.0783258 0.972624 0.218787 4.92083 0.207237 -0.230552 0.950736 8.53858 0 0 0 1 
0.974582 -0.0302249 -0.221985 -3.56962 0.0802828 0.972168 0.220098 5.00595 0.209154 -0.232325 0.949884 8.67942 0 0 0 1 
0.974008 -0.031329 -0.224337 -3.54738 0.0822462 0.971711 0.221388 5.0911 0.211055 -0.234085 0.949031 8.82002 0 0 0 1 
0.973426 -0.032463 -0.226691 -3.52313 0.0842387 0.971255 0.222639 5.17608 0.212947 -0.235819 0.948179 8.95987 0 0 0 1 
0.972835 -0.0336161 -0.229047 -3.49767 0.0862535 0.970796 0.223867 5.26123 0.214833 -0.237541 0.947323 9.09961 0 0 0 1 
0.972238 -0.0347789 -0.231393 -3.47128 0.088277 0.970336 0.225067 5.34625 0.216702 -0.239246 0.946468 9.23884 0 0 0 1 
0.971633 -0.0359653 -0.233742 -3.44336 0.0903254 0.969875 0.226238 5.43127 0.218564 -0.240933 0.945611 9.37768 0 0 0 1 
