1 -1.44335e-06 0.000986281 0.0148366 -1.44335e-06 0.999996 0.00292685 0.0440284 -0.000986281 -0.00292685 0.999995 0.0822018 0 0 0 1 
0.999998 -5.86476e-06 0.0019881 0.02999 -5.86476e-06 0.999983 0.0058998 0.0889969 -0.0019881 -0.0058998 0.999981 0.165552 0 0 0 1 
0.999996 -1.32991e-05 0.00299379 0.045286 -1.32991e-05 0.999961 0.00888424 0.134389 -0.00299379 -0.00888424 0.999956 0.249076 0 0 0 1 
0.999992 -2.35266e-05 0.00398187 0.0603965 -2.35266e-05 0.99993 0.0118164 0.17923 -0.00398187 -0.0118164 0.999922 0.330992 0 0 0 1 
0.999988 -3.63406e-05 0.00494878 0.0752622 -3.63406e-05 0.999892 0.0146858 0.223345 -0.00494878 -0.0146858 0.99988 0.411015 0 0 0 1 
0.999983 -5.14904e-05 0.00589061 0.0898171 -5.14904e-05 0.999847 0.0174807 0.266537 -0.00589061 -0.0174807 0.99983 0.488829 0 0 0 1 
0.999977 -6.86187e-05 0.00680005 0.103942 -6.86187e-05 0.999796 0.0201795 0.308453 -0.00680005 -0.0201795 0.999773 0.563843 0 0 0 1 
0.999971 -8.7528e-05 0.00767993 0.117673 -8.7528e-05 0.99974 0.0227906 0.349202 -0.00767993 -0.0227906 0.999711 0.636304 0 0 0 1 
0.999964 -0.000108016 0.00853139 0.131023 -0.000108016 0.999679 0.0253174 0.388817 -0.00853139 -0.0253174 0.999643 0.706315 0 0 0 1 
0.999956 -0.000130015 0.00935979 0.144068 -0.000130015 0.999614 0.0277757 0.427531 -0.00935979 -0.0277757 0.99957 0.774327 0 0 0 1 
0.999948 -0.000153255 0.0101617 0.156753 -0.000153255 0.999545 0.0301556 0.465172 -0.0101617 -0.0301556 0.999494 0.840073 0 0 0 1 
0.99994 -0.000177663 0.0109408 0.169126 -0.000177663 0.999473 0.0324675 0.501892 -0.0109408 -0.0324675 0.999413 0.903852 0 0 0 1 
0.999932 -0.000203186 0.0117001 0.181234 -0.000203186 0.999397 0.0347207 0.537823 -0.0117001 -0.0347207 0.999329 0.965924 0 0 0 1 
0.999923 -0.000229681 0.0124393 0.193068 -0.000229681 0.999318 0.0369143 0.572941 -0.0124393 -0.0369143 0.999241 1.02627 0 0 0 1 
0.999913 -0.000257146 0.0131617 0.204678 -0.000257146 0.999237 0.0390582 0.607394 -0.0131617 -0.0390582 0.99915 1.08518 0 0 0 1 
0.999904 -0.00028533 0.013864 0.216005 -0.00028533 0.999153 0.0411421 0.641007 -0.013864 -0.0411421 0.999057 1.14235 0 0 0 1 
0.999894 -0.000314174 0.0145475 0.22707 -0.000314174 0.999068 0.0431705 0.673843 -0.0145475 -0.0431705 0.998962 1.19794 0 0 0 1 
0.999884 -0.000343526 0.0152115 0.237856 -0.000343526 0.998981 0.045141 0.705853 -0.0152115 -0.045141 0.998865 1.25188 0 0 0 1 
0.999874 -0.000373325 0.0158571 0.24838 -0.000373325 0.998892 0.047057 0.737081 -0.0158571 -0.047057 0.998766 1.30426 0 0 0 1 
0.999864 -0.000403449 0.0164841 0.258632 -0.000403449 0.998803 0.0489175 0.767505 -0.0164841 -0.0489175 0.998667 1.35507 0 0 0 1 
0.999854 -0.000433825 0.017093 0.26862 -0.000433825 0.998713 0.0507243 0.797145 -0.017093 -0.0507243 0.998566 1.40435 0 0 0 1 
0.999844 -0.000464376 0.0176841 0.278347 -0.000464376 0.998622 0.0524787 0.826012 -0.0176841 -0.0524787 0.998465 1.45215 0 0 0 1 
0.999833 -0.000495018 0.0182578 0.287815 -0.000495018 0.998531 0.0541811 0.854107 -0.0182578 -0.0541811 0.998364 1.49848 0 0 0 1 
0.999823 -0.000525719 0.018815 0.297036 -0.000525719 0.99844 0.0558345 0.881472 -0.018815 -0.0558345 0.998263 1.54344 0 0 0 1 
0.999813 -0.000556361 0.019355 0.306 -0.000556361 0.998349 0.0574372 0.908072 -0.019355 -0.0574372 0.998161 1.58697 0 0 0 1 
0.999802 -0.000586802 0.019877 0.314686 -0.000586802 0.998259 0.0589861 0.933847 -0.019877 -0.0589861 0.998061 1.629 0 0 0 1 
0.999792 -0.000616888 0.0203797 0.323072 -0.000616888 0.998169 0.0604779 0.958736 -0.0203797 -0.0604779 0.997961 1.66945 0 0 0 1 
0.999782 -0.000646324 0.0208597 0.331102 -0.000646324 0.998082 0.0619024 0.982563 -0.0208597 -0.0619024 0.997864 1.70803 0 0 0 1 
0.999773 -0.000674733 0.0213127 0.338696 -0.000674733 0.997998 0.0632468 1.0051 -0.0213127 -0.0632468 0.99777 1.74441 0 0 0 1 
0.999764 -0.000701571 0.021732 0.34574 -0.000701571 0.997918 0.0644909 1.026 -0.021732 -0.0644909 0.997682 1.77805 0 0 0 1 
0.999755 -0.00072602 0.022107 0.352053 -0.00072602 0.997845 0.0656037 1.04474 -0.022107 -0.0656037 0.997601 1.80812 0 0 0 1 
0.999748 -0.000747029 0.0224242 0.357402 -0.000747029 0.997783 0.066545 1.06061 -0.0224242 -0.066545 0.997531 1.83354 0 0 0 1 
0.999743 -0.000763303 0.0226668 0.361499 -0.000763303 0.997735 0.067265 1.07277 -0.0226668 -0.067265 0.997478 1.85297 0 0 0 1 
0.999739 -0.000773205 0.0228131 0.363973 -0.000773205 0.997705 0.0676993 1.08011 -0.0228131 -0.0676993 0.997445 1.86469 0 0 0 1 
0.999739 -0.000775022 0.0228399 0.364425 -0.000775022 0.9977 0.0677787 1.08145 -0.0228399 -0.0677787 0.997439 1.86683 0 0 0 1 
0.999742 -0.000767094 0.0227229 0.362448 -0.000767094 0.997724 0.0674316 1.07558 -0.0227229 -0.0674316 0.997465 1.85747 0 0 0 1 
0.999748 -0.000748138 0.0224408 0.357682 -0.000748138 0.99778 0.0665943 1.06144 -0.0224408 -0.0665943 0.997528 1.83487 0 0 0 1 
0.999758 -0.000717573 0.0219781 0.349883 -0.000717573 0.997871 0.0652214 1.0383 -0.0219781 -0.0652214 0.997629 1.79779 0 0 0 1 
0.999772 -0.0006757 0.021328 0.338952 -0.0006757 0.997995 0.063292 1.00586 -0.021328 -0.063292 0.997767 1.74564 0 0 0 1 
0.99979 -0.000623853 0.0204943 0.324987 -0.000623853 0.998149 0.0608179 0.964419 -0.0204943 -0.0608179 0.997938 1.67866 0 0 0 1 
0.99981 -0.000564206 0.0194909 0.308258 -0.000564206 0.998326 0.0578404 0.914775 -0.0194909 -0.0578404 0.998136 1.59792 0 0 0 1 
0.999832 -0.000499491 0.01834 0.289174 -0.000499491 0.998518 0.0544251 0.858141 -0.01834 -0.0544251 0.998349 1.50512 0 0 0 1 
0.999854 -0.00043261 0.017069 0.268226 -0.00043261 0.998716 0.0506533 0.795977 -0.017069 -0.0506533 0.99857 1.40241 0 0 0 1 
0.999877 -0.000366281 0.0157069 0.245928 -0.000366281 0.998913 0.0466112 0.729807 -0.0157069 -0.0466112 0.99879 1.29208 0 0 0 1 
0.999898 -0.000302761 0.0142809 0.22275 -0.000302761 0.999102 0.0423795 0.661024 -0.0142809 -0.0423795 0.999 1.17627 0 0 0 1 
0.999918 -0.000243744 0.0128143 0.199089 -0.000243744 0.999277 0.0380272 0.590809 -0.0128143 -0.0380272 0.999195 1.05686 0 0 0 1 
0.999936 -0.000190401 0.0113261 0.175265 -0.000190401 0.999435 0.033611 0.520108 -0.0113261 -0.033611 0.999371 0.935362 0 0 0 1 
0.999952 -0.000143429 0.00983066 0.151509 -0.000143429 0.999574 0.029173 0.449613 -0.00983066 -0.029173 0.999526 0.812941 0 0 0 1 
0.999965 -0.000103138 0.00833656 0.127963 -0.000103138 0.999694 0.0247392 0.379736 -0.00833656 -0.0247392 0.999659 0.690304 0 0 0 1 
0.999977 -6.96373e-05 0.00685033 0.104725 -6.96373e-05 0.999793 0.0203287 0.310777 -0.00685033 -0.0203287 0.99977 0.567987 0 0 0 1 
0.999986 -4.28524e-05 0.00537388 0.0818224 -4.28524e-05 0.999873 0.0159473 0.242813 -0.00537388 -0.0159473 0.999858 0.446152 0 0 0 1 
0.999992 -2.26714e-05 0.00390883 0.0592768 -2.26714e-05 0.999933 0.0115997 0.175907 -0.00390883 -0.0115997 0.999925 0.324942 0 0 0 1 
0.999997 -8.93467e-06 0.00245387 0.0370636 -8.93467e-06 0.999973 0.007282 0.109988 -0.00245387 -0.007282 0.99997 0.204253 0 0 0 1 
0.999999 -1.50398e-06 0.00100678 0.0151458 -1.50398e-06 0.999996 0.00298768 0.0449461 -0.00100678 -0.00298768 0.999995 0.083909 0 0 0 1 
1 -2.79818e-07 -0.000434263 -0.00650687 -2.79818e-07 0.999999 -0.0012887 -0.0193095 0.000434263 0.0012887 0.999999 -0.0362392 0 0 0 1 
0.999998 -5.19929e-06 -0.00187191 -0.0279359 -5.19929e-06 0.999985 -0.00555501 -0.0829014 0.00187191 0.00555501 0.999983 -0.156409 0 0 0 1 
0.999995 -1.62207e-05 -0.00330632 -0.0491448 -1.62207e-05 0.999952 -0.0098117 -0.14584 0.00330632 0.0098117 0.999946 -0.27661 0 0 0 1 
0.999989 -3.33176e-05 -0.00473849 -0.0701494 -3.33176e-05 0.999901 -0.0140617 -0.208172 0.00473849 0.0140617 0.99989 -0.396926 0 0 0 1 
0.999981 -5.64224e-05 -0.00616625 -0.0909188 -5.64224e-05 0.999833 -0.0182987 -0.269807 0.00616625 0.0182987 0.999814 -0.517172 0 0 0 1 
0.999971 -8.54375e-05 -0.00758768 -0.111427 -8.54375e-05 0.999746 -0.0225169 -0.330667 0.00758768 0.0225169 0.999718 -0.637183 0 0 0 1 
0.99996 -0.000120149 -0.0089977 -0.131604 -0.000120149 0.999643 -0.0267012 -0.390544 0.0089977 0.0267012 0.999603 -0.756525 0 0 0 1 
0.999946 -0.000160307 -0.0103928 -0.151405 -0.000160307 0.999524 -0.0308413 -0.449303 0.0103928 0.0308413 0.99947 -0.874894 0 0 0 1 
0.999931 -0.000205521 -0.0117671 -0.170751 -0.000205521 0.99939 -0.0349196 -0.506712 0.0117671 0.0349196 0.999321 -0.991774 0 0 0 1 
0.999914 -0.000255387 -0.0131166 -0.189594 -0.000255387 0.999242 -0.0389244 -0.562632 0.0131166 0.0389244 0.999156 -1.10682 0 0 0 1 
0.999896 -0.000309416 -0.014437 -0.207883 -0.000309416 0.999082 -0.0428425 -0.616904 0.014437 0.0428425 0.998978 -1.21964 0 0 0 1 
0.999876 -0.000367145 -0.0157254 -0.225589 -0.000367145 0.99891 -0.0466661 -0.66945 0.0157254 0.0466661 0.998787 -1.32998 0 0 0 1 
0.999856 -0.0004281 -0.0169799 -0.242695 -0.0004281 0.99873 -0.0503887 -0.720211 0.0169799 0.0503887 0.998585 -1.43765 0 0 0 1 
0.999834 -0.000491849 -0.0181993 -0.259196 -0.000491849 0.99854 -0.0540075 -0.76918 0.0181993 0.0540075 0.998375 -1.54253 0 0 0 1 
0.999812 -0.000557961 -0.0193828 -0.275093 -0.000557961 0.998344 -0.0575197 -0.816355 0.0193828 0.0575197 0.998156 -1.64453 0 0 0 1 
0.999789 -0.000626062 -0.0205305 -0.290396 -0.000626062 0.998142 -0.0609254 -0.861767 0.0205305 0.0609254 0.997931 -1.74365 0 0 0 1 
0.999766 -0.000695781 -0.0216422 -0.305114 -0.000695781 0.997935 -0.0642246 -0.905444 0.0216422 0.0642246 0.997701 -1.83984 0 0 0 1 
0.999742 -0.000766657 -0.0227165 -0.319237 -0.000766657 0.997725 -0.0674124 -0.947355 0.0227165 0.0674124 0.997467 -1.93296 0 0 0 1 
0.999718 -0.000838262 -0.0237522 -0.332763 -0.000838262 0.997512 -0.0704861 -0.987492 0.0237522 0.0704861 0.99723 -2.02291 0 0 0 1 
0.999693 -0.000910048 -0.0247469 -0.345667 -0.000910048 0.997299 -0.0734379 -1.02579 0.0247469 0.0734379 0.996993 -2.10945 0 0 0 1 
0.999669 -0.000981282 -0.0256957 -0.357898 -0.000981282 0.997088 -0.0762534 -1.06208 0.0256957 0.0762534 0.996757 -2.19212 0 0 0 1 
0.999646 -0.00105116 -0.0265933 -0.369399 -0.00105116 0.996881 -0.078917 -1.09621 0.0265933 0.078917 0.996526 -2.27046 0 0 0 1 
0.999623 -0.00111848 -0.0274301 -0.380061 -0.00111848 0.996681 -0.0814004 -1.12785 0.0274301 0.0814004 0.996304 -2.34361 0 0 0 1 
0.999602 -0.0011817 -0.0281933 -0.389732 -0.0011817 0.996493 -0.0836652 -1.15655 0.0281933 0.0836652 0.996095 -2.4104 0 0 0 1 
0.999582 -0.00123902 -0.0288675 -0.398236 -0.00123902 0.996323 -0.0856659 -1.18179 0.0288675 0.0856659 0.995906 -2.46948 0 0 0 1 
0.999566 -0.00128815 -0.0294331 -0.405339 -0.00128815 0.996177 -0.0873443 -1.20287 0.0294331 0.0873443 0.995743 -2.5191 0 0 0 1 
0.999553 -0.00132666 -0.0298688 -0.410794 -0.00132666 0.996063 -0.0886375 -1.21906 0.0298688 0.0886375 0.995616 -2.55736 0 0 0 1 
0.999544 -0.00135196 -0.0301516 -0.414326 -0.00135196 0.995988 -0.0894767 -1.22954 0.0301516 0.0894767 0.995532 -2.58221 0 0 0 1 
0.999541 -0.00136189 -0.030262 -0.415702 -0.00136189 0.995959 -0.0898042 -1.23362 0.030262 0.0898042 0.9955 -2.5919 0 0 0 1 
0.999543 -0.00135495 -0.0301849 -0.41474 -0.00135495 0.995979 -0.0895754 -1.23077 0.0301849 0.0895754 0.995523 -2.58513 0 0 0 1 
0.999552 -0.00133061 -0.0299132 -0.411349 -0.00133061 0.996051 -0.0887692 -1.2207 0.0299132 0.0887692 0.995603 -2.56126 0 0 0 1 
0.999565 -0.00128944 -0.0294479 -0.405525 -0.00128944 0.996173 -0.0873882 -1.20342 0.0294479 0.0873882 0.995739 -2.5204 0 0 0 1 
0.999584 -0.00123317 -0.0287994 -0.397379 -0.00123317 0.996341 -0.0854639 -1.17924 0.0287994 0.0854639 0.995925 -2.46351 0 0 0 1 
0.999608 -0.00116442 -0.0279867 -0.38712 -0.00116442 0.996545 -0.0830522 -1.1488 0.0279867 0.0830522 0.996152 -2.39232 0 0 0 1 
0.999634 -0.00108622 -0.0270324 -0.375001 -0.00108622 0.996777 -0.0802201 -1.11284 0.0270324 0.0802201 0.996411 -2.30883 0 0 0 1 
0.999662 -0.00100173 -0.0259615 -0.361311 -0.00100173 0.997027 -0.0770424 -1.07221 0.0259615 0.0770424 0.99669 -2.21531 0 0 0 1 
0.999692 -0.00091391 -0.0247993 -0.346344 -0.00091391 0.997288 -0.0735933 -1.0278 0.0247993 0.0735933 0.99698 -2.11401 0 0 0 1 
0.999722 -0.000825238 -0.0235672 -0.330354 -0.000825238 0.997551 -0.0699371 -0.980343 0.0235672 0.0699371 0.997273 -2.00684 0 0 0 1 
0.999751 -0.000737709 -0.022284 -0.313563 -0.000737709 0.997811 -0.0661291 -0.930517 0.022284 0.0661291 0.997562 -1.89545 0 0 0 1 
0.99978 -0.000652815 -0.0209641 -0.296149 -0.000652815 0.998063 -0.0622122 -0.878838 0.0209641 0.0622122 0.997843 -1.78114 0 0 0 1 
0.999807 -0.00057151 -0.0196165 -0.278218 -0.00057151 0.998304 -0.0582132 -0.825629 0.0196165 0.0582132 0.998111 -1.6647 0 0 0 1 
0.999833 -0.000494562 -0.0182494 -0.259872 -0.000494562 0.998532 -0.0541561 -0.771184 0.0182494 0.0541561 0.998366 -1.54684 0 0 0 1 
0.999858 -0.000422379 -0.0168661 -0.241149 -0.000422379 0.998747 -0.0500511 -0.715623 0.0168661 0.0500511 0.998604 -1.42787 0 0 0 1 
0.99988 -0.000355255 -0.0154688 -0.222074 -0.000355255 0.998946 -0.0459047 -0.659018 0.0154688 0.0459047 0.998826 -1.30799 0 0 0 1 
0.999901 -0.000293406 -0.0140587 -0.202658 -0.000293406 0.999129 -0.04172 -0.601399 0.0140587 0.04172 0.99903 -1.18729 0 0 0 1 
0.99992 -0.000236992 -0.0126356 -0.182895 -0.000236992 0.999297 -0.037497 -0.542753 0.0126356 0.037497 0.999217 -1.06578 0 0 0 1 
0.999937 -0.000186161 -0.0111994 -0.162778 -0.000186161 0.999448 -0.0332347 -0.483052 0.0111994 0.0332347 0.999385 -0.943454 0 0 0 1 
0.999952 -0.000141084 -0.00974996 -0.142301 -0.000141084 0.999581 -0.0289336 -0.422287 0.00974996 0.0289336 0.999534 -0.820314 0 0 0 1 
0.999966 -0.000101934 -0.00828779 -0.121466 -0.000101934 0.999698 -0.0245945 -0.360459 0.00828779 0.0245945 0.999663 -0.696402 0 0 0 1 
0.999977 -6.88902e-05 -0.00681348 -0.100278 -6.88902e-05 0.999796 -0.0202194 -0.297581 0.00681348 0.0202194 0.999772 -0.571781 0 0 0 1 
0.999986 -4.2136e-05 -0.00532877 -0.0787567 -4.2136e-05 0.999875 -0.0158134 -0.233715 0.00532877 0.0158134 0.999861 -0.446603 0 0 0 1 
0.999993 -2.18222e-05 -0.00383492 -0.0569173 -2.18222e-05 0.999935 -0.0113804 -0.168905 0.00383492 0.0113804 0.999928 -0.320982 0 0 0 1 
0.999997 -8.08621e-06 -0.00233445 -0.0347937 -8.08621e-06 0.999976 -0.00692762 -0.103252 0.00233445 0.00692762 0.999973 -0.195136 0 0 0 1 
1 -1.02018e-06 -0.000829189 -0.0124107 -1.02018e-06 0.999997 -0.00246067 -0.0368293 0.000829189 0.00246067 0.999997 -0.0692197 0 0 0 1 
1 -6.82774e-07 0.00067835 0.0101957 -6.82774e-07 0.999998 0.00201304 0.0302562 -0.00067835 -0.00201304 0.999998 0.0565526 0 0 0 1 
0.999998 -7.09286e-06 0.00218637 0.0329989 -7.09286e-06 0.999979 0.00648818 0.097926 -0.00218637 -0.00648818 0.999977 0.18203 0 0 0 1 
0.999993 -2.02445e-05 0.0036937 0.0559812 -2.02445e-05 0.99994 0.0109613 0.166127 -0.0036937 -0.0109613 0.999933 0.307116 0 0 0 1 
0.999986 -4.01355e-05 0.00520074 0.0791487 -4.01355e-05 0.999881 0.0154335 0.234878 -0.00520074 -0.0154335 0.999867 0.431845 0 0 0 1 
0.999977 -6.67815e-05 0.00670841 0.102515 -6.67815e-05 0.999802 0.0199076 0.30422 -0.00670841 -0.0199076 0.999779 0.55629 0 0 0 1 
0.999966 -0.000100276 0.0082201 0.126135 -0.000100276 0.999702 0.0243936 0.374313 -0.0082201 -0.0243936 0.999669 0.680731 0 0 0 1 
0.999953 -0.000140747 0.00973832 0.150049 -0.000140747 0.999582 0.028899 0.445278 -0.00973832 -0.028899 0.999535 0.805372 0 0 0 1 
0.999937 -0.000188389 0.0112662 0.174308 -0.000188389 0.999441 0.033433 0.51727 -0.0112662 -0.033433 0.999377 0.930459 0 0 0 1 
0.999918 -0.000243382 0.0128048 0.198936 -0.000243382 0.999278 0.0379989 0.590354 -0.0128048 -0.0379989 0.999196 1.05608 0 0 0 1 
0.999897 -0.000305873 0.0143541 0.223936 -0.000305873 0.999092 0.0425967 0.664542 -0.0143541 -0.0425967 0.998989 1.18223 0 0 0 1 
0.999885 -0.00033991 0.0151313 0.236551 -0.00033991 0.998991 0.0449029 0.701979 -0.0151313 -0.0449029 0.998877 1.24537 0 0 0 1 
0.999873 -0.000375785 0.0159093 0.249231 -0.000375785 0.998885 0.0472117 0.739608 -0.0159093 -0.0472117 0.998758 1.30849 0 0 0 1 
0.999861 -0.000413255 0.0166831 0.261893 -0.000413255 0.998774 0.049508 0.777182 -0.0166831 -0.049508 0.998634 1.37118 0 0 0 1 
0.999848 -0.00045197 0.0174465 0.274434 -0.00045197 0.998659 0.0517735 0.814398 -0.0174465 -0.0517735 0.998506 1.43294 0 0 0 1 
0.999834 -0.000491509 0.018193 0.286744 -0.000491509 0.998541 0.0539888 0.85093 -0.018193 -0.0539888 0.998376 1.49325 0 0 0 1 
0.999821 -0.000531477 0.0189176 0.298738 -0.000531477 0.998423 0.0561392 0.886523 -0.0189176 -0.0561392 0.998244 1.55172 0 0 0 1 
0.999807 -0.000571459 0.0196157 0.310334 -0.000571459 0.998304 0.0582106 0.920934 -0.0196157 -0.0582106 0.998112 1.60797 0 0 0 1 
0.999794 -0.000611262 0.0202866 0.321518 -0.000611262 0.998186 0.0602017 0.954124 -0.0202866 -0.0602017 0.99798 1.66196 0 0 0 1 
0.999781 -0.000650784 0.0209315 0.332304 -0.000650784 0.998069 0.0621154 0.98613 -0.0209315 -0.0621154 0.997849 1.7138 0 0 0 1 
0.999767 -0.000689961 0.0215516 0.342708 -0.000689961 0.997952 0.0639557 1.01701 -0.0215516 -0.0639557 0.99772 1.76359 0 0 0 1 
0.999754 -0.000728942 0.0221513 0.352801 -0.000728942 0.997837 0.0657354 1.04696 -0.0221513 -0.0657354 0.997591 1.81168 0 0 0 1 
0.999741 -0.000767908 0.022735 0.362651 -0.000767908 0.997721 0.0674673 1.07619 -0.022735 -0.0674673 0.997462 1.85843 0 0 0 1 
0.999728 -0.00080702 0.023306 0.372317 -0.00080702 0.997605 0.0691619 1.10487 -0.023306 -0.0691619 0.997333 1.90413 0 0 0 1 
0.999715 -0.000846599 0.0238699 0.381889 -0.000846599 0.997488 0.0708353 1.13328 -0.0238699 -0.0708353 0.997202 1.9492 0 0 0 1 
0.999701 -0.000886806 0.0244293 0.391412 -0.000886806 0.997368 0.0724954 1.16154 -0.0244293 -0.0724954 0.99707 1.99388 0 0 0 1 
0.999687 -0.000927934 0.0249885 0.400957 -0.000927934 0.997246 0.0741549 1.18986 -0.0249885 -0.0741549 0.996934 2.03849 0 0 0 1 
0.999673 -0.000970137 0.0255496 0.41056 -0.000970137 0.997121 0.0758198 1.21836 -0.0255496 -0.0758198 0.996794 2.08319 0 0 0 1 
0.999658 -0.00101358 0.0261145 0.420256 -0.00101358 0.996992 0.0774962 1.24713 -0.0261145 -0.0774962 0.996651 2.12816 0 0 0 1 
0.999643 -0.00105839 0.0266845 0.430067 -0.00105839 0.996859 0.0791877 1.27625 -0.0266845 -0.0791877 0.996503 2.17349 0 0 0 1 
0.999628 -0.00110451 0.0272586 0.439975 -0.00110451 0.996722 0.0808913 1.30565 -0.0272586 -0.0808913 0.99635 2.21909 0 0 0 1 
0.999612 -0.00115205 0.0278379 0.450003 -0.00115205 0.996581 0.0826107 1.33541 -0.0278379 -0.0826107 0.996193 2.26507 0 0 0 1 
0.999595 -0.00120084 0.0284202 0.460109 -0.00120084 0.996436 0.0843385 1.3654 -0.0284202 -0.0843385 0.996032 2.31122 0 0 0 1 
0.999579 -0.0012508 0.0290042 0.470275 -0.0012508 0.996288 0.0860716 1.39557 -0.0290042 -0.0860716 0.995867 2.35746 0 0 0 1 
0.999561 -0.00130179 0.0295882 0.480469 -0.00130179 0.996137 0.0878046 1.42582 -0.0295882 -0.0878046 0.995698 2.40364 0 0 0 1 
0.999544 -0.00135369 0.030171 0.490671 -0.00135369 0.995983 0.0895341 1.4561 -0.030171 -0.0895341 0.995527 2.44969 0 0 0 1 
0.999526 -0.00140641 0.0307515 0.500861 -0.00140641 0.995826 0.0912568 1.48634 -0.0307515 -0.0912568 0.995352 2.4955 0 0 0 1 
0.999508 -0.00145978 0.0313282 0.511013 -0.00145978 0.995668 0.0929681 1.51646 -0.0313282 -0.0929681 0.995176 2.54096 0 0 0 1 
0.99949 -0.00151428 0.0319061 0.521215 -0.00151428 0.995506 0.0946832 1.54674 -0.0319061 -0.0946832 0.994996 2.58647 0 0 0 1 
0.999471 -0.00156933 0.0324795 0.531365 -0.00156933 0.995343 0.0963848 1.57686 -0.0324795 -0.0963848 0.994814 2.63157 0 0 0 1 
0.999452 -0.00162564 0.0330555 0.541589 -0.00162564 0.995176 0.0980942 1.6072 -0.0330555 -0.0980942 0.994628 2.67683 0 0 0 1 
0.999433 -0.00168275 0.0336295 0.551805 -0.00168275 0.995006 0.0997974 1.63751 -0.0336295 -0.0997974 0.994439 2.72188 0 0 0 1 
0.999413 -0.00174134 0.0342083 0.562135 -0.00174134 0.994832 0.101515 1.66817 -0.0342083 -0.101515 0.994246 2.76725 0 0 0 1 
0.999393 -0.00180101 0.0347878 0.572506 -0.00180101 0.994655 0.103235 1.69894 -0.0347878 -0.103235 0.994048 2.81264 0 0 0 1 
0.999372 -0.00186288 0.0353784 0.583106 -0.00186288 0.994472 0.104988 1.7304 -0.0353784 -0.104988 0.993844 2.85884 0 0 0 1 
0.999351 -0.00192614 0.0359722 0.593791 -0.00192614 0.994284 0.106749 1.76211 -0.0359722 -0.106749 0.993635 2.90523 0 0 0 1 
0.999329 -0.00199165 0.0365768 0.604704 -0.00199165 0.99409 0.108544 1.79449 -0.0365768 -0.108544 0.993419 2.95242 0 0 0 1 
0.999306 -0.00205925 0.0371903 0.615807 -0.00205925 0.993889 0.110364 1.82744 -0.0371903 -0.110364 0.993195 3.00025 0 0 0 1 
0.999282 -0.00212923 0.0378148 0.627142 -0.00212923 0.993681 0.112217 1.86108 -0.0378148 -0.112217 0.992964 3.04887 0 0 0 1 
0.999258 -0.00220208 0.0384539 0.638778 -0.00220208 0.993465 0.114114 1.89561 -0.0384539 -0.114114 0.992723 3.09857 0 0 0 1 
0.999232 -0.00227799 0.0391086 0.650734 -0.00227799 0.99324 0.116057 1.93109 -0.0391086 -0.116057 0.992472 3.14943 0 0 0 1 
0.999206 -0.00235679 0.0397767 0.66297 -0.00235679 0.993006 0.11804 1.9674 -0.0397767 -0.11804 0.992212 3.20125 0 0 0 1 
0.999178 -0.00243897 0.0404615 0.675554 -0.00243897 0.992762 0.120072 2.00475 -0.0404615 -0.120072 0.99194 3.2543 0 0 0 1 
0.999149 -0.00252428 0.0411601 0.688433 -0.00252428 0.992509 0.122145 2.04296 -0.0411601 -0.122145 0.991658 3.30835 0 0 0 1 
0.999119 -0.00261305 0.0418745 0.701646 -0.00261305 0.992246 0.124265 2.08218 -0.0418745 -0.124265 0.991365 3.36354 0 0 0 1 
0.999088 -0.00270499 0.0426016 0.715137 -0.00270499 0.991973 0.126423 2.12221 -0.0426016 -0.126423 0.991061 3.41963 0 0 0 1 
0.999056 -0.00280035 0.0433425 0.728934 -0.00280035 0.99169 0.128621 2.16315 -0.0433425 -0.128621 0.990746 3.47671 0 0 0 1 
0.999023 -0.00289863 0.044093 0.742955 -0.00289863 0.991398 0.130848 2.20476 -0.044093 -0.130848 0.990421 3.53444 0 0 0 1 
0.998989 -0.00300026 0.0448555 0.75725 -0.00300026 0.991097 0.133111 2.24718 -0.0448555 -0.133111 0.990086 3.59301 0 0 0 1 
0.998954 -0.00310427 0.0456225 0.77168 -0.00310427 0.990788 0.135387 2.29 -0.0456225 -0.135387 0.989742 3.65183 0 0 0 1 
0.998918 -0.00321157 0.0464001 0.786362 -0.00321157 0.990469 0.137695 2.33357 -0.0464001 -0.137695 0.989387 3.71138 0 0 0 1 
0.998881 -0.00332192 0.0471862 0.801256 -0.00332192 0.990142 0.140028 2.37777 -0.0471862 -0.140028 0.989023 3.77148 0 0 0 1 
0.998842 -0.0034356 0.0479822 0.816394 -0.0034356 0.989805 0.14239 2.4227 -0.0479822 -0.14239 0.988647 3.83225 0 0 0 1 
0.998803 -0.00355317 0.0487916 0.831841 -0.00355317 0.989456 0.144792 2.46854 -0.0487916 -0.144792 0.988258 3.89394 0 0 0 1 
0.998762 -0.00367485 0.049615 0.847614 -0.00367485 0.989095 0.147235 2.51534 -0.049615 -0.147235 0.987856 3.9566 0 0 0 1 
0.998719 -0.00380111 0.0504548 0.863762 -0.00380111 0.98872 0.149728 2.56326 -0.0504548 -0.149728 0.987439 4.02039 0 0 0 1 
0.998675 -0.00393307 0.0513175 0.880413 -0.00393307 0.988328 0.152288 2.61268 -0.0513175 -0.152288 0.987003 4.08581 0 0 0 1 
0.998628 -0.00407068 0.0522015 0.897543 -0.00407068 0.98792 0.154911 2.66351 -0.0522015 -0.154911 0.986548 4.15274 0 0 0 1 
0.99858 -0.00421375 0.0531046 0.915113 -0.00421375 0.987495 0.157591 2.71565 -0.0531046 -0.157591 0.986076 4.22098 0 0 0 1 
0.99853 -0.00436157 0.0540214 0.933022 -0.00436157 0.987057 0.160312 2.7688 -0.0540214 -0.160312 0.985587 4.29013 0 0 0 1 
0.998479 -0.00451319 0.0549454 0.951146 -0.00451319 0.986607 0.163054 2.82258 -0.0549454 -0.163054 0.985086 4.35969 0 0 0 1 
0.998428 -0.00466541 0.0558573 0.969105 -0.00466541 0.986155 0.16576 2.87587 -0.0558573 -0.16576 0.984583 4.42821 0 0 0 1 
0.998377 -0.00481582 0.0567435 0.986626 -0.00481582 0.985709 0.168389 2.92787 -0.0567435 -0.168389 0.984086 4.49467 0 0 0 1 
0.998328 -0.00496127 0.057587 1.00337 -0.00496127 0.985277 0.170893 2.97756 -0.057587 -0.170893 0.983605 4.55783 0 0 0 1 
0.998282 -0.00509805 0.0583688 1.01894 -0.00509805 0.984871 0.173213 3.02377 -0.0583688 -0.173213 0.983153 4.61626 0 0 0 1 
0.99824 -0.00522405 0.0590795 1.03315 -0.00522405 0.984497 0.175322 3.06592 -0.0590795 -0.175322 0.982737 4.6693 0 0 0 1 
0.998201 -0.00533732 0.0597109 1.0458 -0.00533732 0.984161 0.177195 3.10348 -0.0597109 -0.177195 0.982363 4.71636 0 0 0 1 
0.998168 -0.00543776 0.0602651 1.05694 -0.00543776 0.983863 0.17884 3.13653 -0.0602651 -0.17884 0.982031 4.75761 0 0 0 1 
0.998138 -0.00552583 0.0607466 1.06664 -0.00552583 0.983602 0.180269 3.16531 -0.0607466 -0.180269 0.98174 4.79341 0 0 0 1 
0.998112 -0.00560274 0.061164 1.07506 -0.00560274 0.983374 0.181508 3.19031 -0.061164 -0.181508 0.981486 4.82442 0 0 0 1 
0.998089 -0.00566962 0.0615246 1.08235 -0.00566962 0.983175 0.182578 3.21194 -0.0615246 -0.182578 0.981265 4.85118 0 0 0 1 
0.998069 -0.00572908 0.0618433 1.0888 -0.00572908 0.982999 0.183524 3.23109 -0.0618433 -0.183524 0.981068 4.87482 0 0 0 1 
0.998051 -0.00578248 0.0621281 1.09458 -0.00578248 0.98284 0.184369 3.24822 -0.0621281 -0.184369 0.980892 4.89593 0 0 0 1 
0.998035 -0.00583059 0.0623835 1.09976 -0.00583059 0.982697 0.185127 3.26361 -0.0623835 -0.185127 0.980733 4.91485 0 0 0 1 
0.99802 -0.00587492 0.0626179 1.10452 -0.00587492 0.982566 0.185822 3.27774 -0.0626179 -0.185822 0.980586 4.9322 0 0 0 1 
0.998006 -0.00591628 0.0628357 1.10896 -0.00591628 0.982443 0.186469 3.29089 -0.0628357 -0.186469 0.980449 4.94832 0 0 0 1 
0.997993 -0.00595531 0.0630406 1.11313 -0.00595531 0.982327 0.187077 3.30327 -0.0630406 -0.187077 0.98032 4.96348 0 0 0 1 
0.997981 -0.00599233 0.0632343 1.11707 -0.00599233 0.982217 0.187651 3.31498 -0.0632343 -0.187651 0.980198 4.9778 0 0 0 1 
0.997969 -0.00602738 0.0634171 1.1208 -0.00602738 0.982113 0.188194 3.32604 -0.0634171 -0.188194 0.980082 4.99131 0 0 0 1 
0.997958 -0.00606102 0.063592 1.12437 -0.00606102 0.982014 0.188713 3.33663 -0.063592 -0.188713 0.979971 5.00424 0 0 0 1 
0.997947 -0.00609213 0.0637534 1.12766 -0.00609213 0.981921 0.189192 3.34641 -0.0637534 -0.189192 0.979868 5.01615 0 0 0 1 
0.997937 -0.0061222 0.0639089 1.13084 -0.0061222 0.981832 0.189653 3.35584 -0.0639089 -0.189653 0.979769 5.02764 0 0 0 1 
0.997928 -0.0061495 0.0640498 1.13372 -0.0061495 0.981751 0.190071 3.36439 -0.0640498 -0.190071 0.979679 5.03803 0 0 0 1 
0.997919 -0.00617486 0.0641804 1.1364 -0.00617486 0.981676 0.190459 3.37232 -0.0641804 -0.190459 0.979595 5.04767 0 0 0 1 
0.997912 -0.00619754 0.0642969 1.13878 -0.00619754 0.981608 0.190805 3.3794 -0.0642969 -0.190805 0.97952 5.05627 0 0 0 1 
0.997905 -0.00621723 0.0643979 1.14085 -0.00621723 0.98155 0.191104 3.38554 -0.0643979 -0.191104 0.979455 5.06372 0 0 0 1 
0.997899 -0.00623406 0.0644841 1.14262 -0.00623406 0.9815 0.19136 3.39078 -0.0644841 -0.19136 0.979399 5.07007 0 0 0 1 
0.997895 -0.00624652 0.0645478 1.14392 -0.00624652 0.981463 0.191549 3.39466 -0.0645478 -0.191549 0.979358 5.07477 0 0 0 1 
0.997892 -0.00625424 0.0645873 1.14473 -0.00625424 0.98144 0.191667 3.39706 -0.0645873 -0.191667 0.979333 5.07768 0 0 0 1 
0.997891 -0.00625722 0.0646025 1.14504 -0.00625722 0.981431 0.191712 3.39798 -0.0646025 -0.191712 0.979323 5.0788 0 0 0 1 
0.997892 -0.0062546 0.0645891 1.14477 -0.0062546 0.981439 0.191672 3.39717 -0.0645891 -0.191672 0.979331 5.07782 0 0 0 1 
0.997895 -0.00624597 0.064545 1.14387 -0.00624597 0.981465 0.191541 3.39449 -0.064545 -0.191541 0.97936 5.07457 0 0 0 1 
0.9979 -0.00623117 0.0644693 1.14231 -0.00623117 0.981509 0.191316 3.38988 -0.0644693 -0.191316 0.979409 5.06898 0 0 0 1 
0.997908 -0.00620937 0.0643576 1.14002 -0.00620937 0.981573 0.190985 3.38309 -0.0643576 -0.190985 0.979481 5.06074 0 0 0 1 
0.997917 -0.00618172 0.0642157 1.13712 -0.00618172 0.981655 0.190564 3.37446 -0.0642157 -0.190564 0.979572 5.05027 0 0 0 1 
0.997929 -0.00614726 0.0640382 1.13349 -0.00614726 0.981758 0.190037 3.36369 -0.0640382 -0.190037 0.979686 5.03718 0 0 0 1 
0.997942 -0.00610676 0.0638291 1.12921 -0.00610676 0.981878 0.189417 3.351 -0.0638291 -0.189417 0.97982 5.02174 0 0 0 1 
0.997958 -0.00606083 0.063591 1.12435 -0.00606083 0.982014 0.18871 3.33657 -0.063591 -0.18871 0.979972 5.00416 0 0 0 1 
0.997975 -0.00600952 0.063324 1.1189 -0.00600952 0.982166 0.187918 3.3204 -0.063324 -0.187918 0.980141 4.98443 0 0 0 1 
0.997994 -0.00595347 0.063031 1.11293 -0.00595347 0.982333 0.187048 3.30268 -0.063031 -0.187048 0.980327 4.96277 0 0 0 1 
0.998014 -0.00589318 0.0627141 1.10648 -0.00589318 0.982512 0.186108 3.28355 -0.0627141 -0.186108 0.980526 4.93933 0 0 0 1 
0.998036 -0.00582888 0.0623744 1.09958 -0.00582888 0.982702 0.1851 3.26306 -0.0623744 -0.1851 0.980738 4.91418 0 0 0 1 
0.998059 -0.00576151 0.0620164 1.09231 -0.00576151 0.982902 0.184037 3.2415 -0.0620164 -0.184037 0.980961 4.88765 0 0 0 1 
0.998082 -0.00569138 0.0616414 1.08472 -0.00569138 0.983111 0.182924 3.21896 -0.0616414 -0.182924 0.981193 4.85984 0 0 0 1 
0.998107 -0.00561824 0.0612478 1.07676 -0.00561824 0.983328 0.181756 3.19533 -0.0612478 -0.181756 0.981434 4.83064 0 0 0 1 
0.998132 -0.0055428 0.060839 1.0685 -0.0055428 0.983551 0.180543 3.17084 -0.060839 -0.180543 0.981684 4.80028 0 0 0 1 
0.998158 -0.00546595 0.0604196 1.06005 -0.00546595 0.983779 0.179299 3.14576 -0.0604196 -0.179299 0.981938 4.7691 0 0 0 1 
0.998185 -0.00538731 0.0599874 1.05135 -0.00538731 0.984013 0.178016 3.11996 -0.0599874 -0.178016 0.982197 4.73694 0 0 0 1 
0.998212 -0.00530717 0.0595435 1.04244 -0.00530717 0.984251 0.176699 3.09351 -0.0595435 -0.176699 0.982462 4.70389 0 0 0 1 
0.998239 -0.00522616 0.0590913 1.03338 -0.00522616 0.984491 0.175357 3.06662 -0.0590913 -0.175357 0.98273 4.67018 0 0 0 1 
0.998267 -0.00514398 0.0586289 1.02414 -0.00514398 0.984735 0.173985 3.03918 -0.0586289 -0.173985 0.983002 4.63568 0 0 0 1 
0.998294 -0.0050618 0.0581627 1.01483 -0.0050618 0.984979 0.172601 3.01157 -0.0581627 -0.172601 0.983273 4.60087 0 0 0 1 
0.998322 -0.00497858 0.0576866 1.00535 -0.00497858 0.985226 0.171188 2.98343 -0.0576866 -0.171188 0.983548 4.56528 0 0 0 1 
0.998351 -0.00489477 0.0572029 0.995739 -0.00489477 0.985474 0.169753 2.95491 -0.0572029 -0.169753 0.983825 4.52909 0 0 0 1 
0.998379 -0.00480994 0.0567091 0.985946 -0.00480994 0.985726 0.168288 2.92585 -0.0567091 -0.168288 0.984105 4.4921 0 0 0 1 
0.998408 -0.00472417 0.0562052 0.975976 -0.00472417 0.985981 0.166792 2.89626 -0.0562052 -0.166792 0.984389 4.45432 0 0 0 1 
0.998437 -0.00463736 0.0556904 0.965812 -0.00463736 0.986238 0.165264 2.8661 -0.0556904 -0.165264 0.984676 4.41568 0 0 0 1 
0.998467 -0.0045481 0.055156 0.955286 -0.0045481 0.986503 0.163679 2.83486 -0.055156 -0.163679 0.984971 4.37552 0 0 0 1 
0.998498 -0.00445709 0.0546055 0.944469 -0.00445709 0.986773 0.162045 2.80277 -0.0546055 -0.162045 0.985271 4.33411 0 0 0 1 
0.99853 -0.00436314 0.0540311 0.933212 -0.00436314 0.987052 0.16034 2.76936 -0.0540311 -0.16034 0.985582 4.29086 0 0 0 1 
0.998562 -0.00426673 0.0534351 0.92156 -0.00426673 0.987338 0.158572 2.73478 -0.0534351 -0.158572 0.9859 4.24592 0 0 0 1 
0.998596 -0.00416756 0.0528148 0.909467 -0.00416756 0.987633 0.156731 2.6989 -0.0528148 -0.156731 0.986228 4.19909 0 0 0 1 
0.99863 -0.00406648 0.0521748 0.897025 -0.00406648 0.987932 0.154832 2.66197 -0.0521748 -0.154832 0.986562 4.15072 0 0 0 1 
0.998664 -0.00396427 0.0515193 0.884317 -0.00396427 0.988236 0.152886 2.62426 -0.0515193 -0.152886 0.9869 4.1011 0 0 0 1 
0.998699 -0.00386218 0.0508559 0.871496 -0.00386218 0.988539 0.150918 2.58621 -0.0508559 -0.150918 0.987237 4.05082 0 0 0 1 
0.998732 -0.00376192 0.0501957 0.858773 -0.00376192 0.988836 0.148959 2.54846 -0.0501957 -0.148959 0.987569 4.00072 0 0 0 1 
0.998765 -0.00366519 0.0495501 0.846369 -0.00366519 0.989123 0.147043 2.51165 -0.0495501 -0.147043 0.987888 3.95166 0 0 0 1 
0.998796 -0.00357328 0.0489286 0.834462 -0.00357328 0.989396 0.145199 2.47632 -0.0489286 -0.145199 0.988192 3.90438 0 0 0 1 
0.998824 -0.00348892 0.048351 0.823425 -0.00348892 0.989646 0.143484 2.44356 -0.048351 -0.143484 0.988471 3.86037 0 0 0 1 
0.99885 -0.00341332 0.0478273 0.813444 -0.00341332 0.989871 0.14193 2.41394 -0.0478273 -0.14193 0.988721 3.82043 0 0 0 1 
0.998872 -0.00334805 0.0473704 0.804754 -0.00334805 0.990064 0.140574 2.38815 -0.0473704 -0.140574 0.988936 3.78555 0 0 0 1 
0.99889 -0.00329489 0.0469949 0.797627 -0.00329489 0.990222 0.13946 2.367 -0.0469949 -0.13946 0.989112 3.75687 0 0 0 1 
0.998903 -0.00325498 0.046711 0.792246 -0.00325498 0.990341 0.138617 2.35103 -0.046711 -0.138617 0.989244 3.73516 0 0 0 1 
0.998912 -0.0032289 0.0465244 0.788714 -0.0032289 0.990418 0.138064 2.34055 -0.0465244 -0.138064 0.98933 3.72089 0 0 0 1 
0.998916 -0.00321704 0.0464394 0.787105 -0.00321704 0.990453 0.137812 2.33578 -0.0464394 -0.137812 0.989369 3.71439 0 0 0 1 
0.998915 -0.0032196 0.0464577 0.787452 -0.0032196 0.990446 0.137866 2.33681 -0.0464577 -0.137866 0.989361 3.71579 0 0 0 1 
0.998909 -0.00323655 0.0465793 0.789752 -0.00323655 0.990395 0.138227 2.34363 -0.0465793 -0.138227 0.989305 3.72509 0 0 0 1 
0.998899 -0.00326806 0.0468042 0.794012 -0.00326806 0.990302 0.138894 2.35628 -0.0468042 -0.138894 0.989201 3.74229 0 0 0 1 
0.998884 -0.00331306 0.0471235 0.800068 -0.00331306 0.990168 0.139842 2.37425 -0.0471235 -0.139842 0.989052 3.7667 0 0 0 1 
0.998864 -0.00337168 0.0475363 0.807908 -0.00337168 0.989994 0.141067 2.39751 -0.0475363 -0.141067 0.988858 3.79823 0 0 0 1 
0.99884 -0.00344303 0.0480338 0.817377 -0.00344303 0.989783 0.142543 2.42561 -0.0480338 -0.142543 0.988622 3.83619 0 0 0 1 
0.998812 -0.00352644 0.0486088 0.828348 -0.00352644 0.989535 0.144249 2.45817 -0.0486088 -0.144249 0.988347 3.88002 0 0 0 1 
0.99878 -0.00362187 0.0492582 0.840773 -0.00362187 0.989252 0.146177 2.49504 -0.0492582 -0.146177 0.988031 3.92946 0 0 0 1 
0.998744 -0.00372754 0.0499672 0.854379 -0.00372754 0.988938 0.148281 2.53542 -0.0499672 -0.148281 0.987682 3.98337 0 0 0 1 
0.998705 -0.00384384 0.0507358 0.869178 -0.00384384 0.988593 0.150561 2.57934 -0.0507358 -0.150561 0.987298 4.04171 0 0 0 1 
0.998663 -0.00396887 0.051549 0.884893 -0.00396887 0.988222 0.152975 2.62597 -0.051549 -0.152975 0.986885 4.10335 0 0 0 1 
0.998618 -0.00410241 0.0524033 0.901462 -0.00410241 0.987826 0.15551 2.67514 -0.0524033 -0.15551 0.986443 4.16799 0 0 0 1 
0.99857 -0.00424352 0.0532906 0.91874 -0.00424352 0.987407 0.158143 2.72641 -0.0532906 -0.158143 0.985977 4.23501 0 0 0 1 
0.99852 -0.00439112 0.0542028 0.936573 -0.00439112 0.986969 0.16085 2.77934 -0.0542028 -0.16085 0.985489 4.30379 0 0 0 1 
0.998469 -0.00454415 0.0551322 0.954817 -0.00454415 0.986515 0.163608 2.83347 -0.0551322 -0.163608 0.984984 4.37373 0 0 0 1 
0.998415 -0.00470263 0.0560779 0.97346 -0.00470263 0.986045 0.166414 2.8888 -0.0560779 -0.166414 0.98446 4.44477 0 0 0 1 
0.998361 -0.00486503 0.0570303 0.992313 -0.00486503 0.985563 0.169241 2.94475 -0.0570303 -0.169241 0.983923 4.51616 0 0 0 1 
0.998305 -0.00503148 0.0579897 1.01138 -0.00503148 0.985069 0.172088 3.00134 -0.0579897 -0.172088 0.983373 4.58794 0 0 0 1 
0.998247 -0.00520139 0.0589523 1.0306 -0.00520139 0.984565 0.174944 3.05837 -0.0589523 -0.174944 0.982812 4.65982 0 0 0 1 
0.998189 -0.0053735 0.0599111 1.04982 -0.0053735 0.984054 0.17779 3.11541 -0.0599111 -0.17779 0.982243 4.73127 0 0 0 1 
0.99813 -0.00554836 0.0608692 1.06911 -0.00554836 0.983535 0.180633 3.17265 -0.0608692 -0.180633 0.981665 4.80252 0 0 0 1 
0.998071 -0.00572451 0.0618189 1.08831 -0.00572451 0.983012 0.183451 3.22962 -0.0618189 -0.183451 0.981083 4.87301 0 0 0 1 
0.998011 -0.00590205 0.0627609 1.10743 -0.00590205 0.982485 0.186246 3.28637 -0.0627609 -0.186246 0.980496 4.94278 0 0 0 1 
0.997951 -0.00608017 0.0636914 1.1264 -0.00608017 0.981957 0.189008 3.34265 -0.0636914 -0.189008 0.979908 5.01158 0 0 0 1 
0.997891 -0.00625878 0.0646105 1.14521 -0.00625878 0.981427 0.191735 3.39847 -0.0646105 -0.191735 0.979318 5.07939 0 0 0 1 
0.997831 -0.00643652 0.0655117 1.16372 -0.00643652 0.980899 0.19441 3.45342 -0.0655117 -0.19441 0.97873 5.14576 0 0 0 1 
0.997771 -0.00661379 0.0663979 1.182 -0.00661379 0.980373 0.19704 3.50766 -0.0663979 -0.19704 0.978145 5.2109 0 0 0 1 
0.997712 -0.00678927 0.0672632 1.19991 -0.00678927 0.979852 0.199607 3.56082 -0.0672632 -0.199607 0.977565 5.27437 0 0 0 1 
0.997654 -0.00696233 0.0681052 1.21741 -0.00696233 0.979339 0.202106 3.61274 -0.0681052 -0.202106 0.976993 5.33603 0 0 0 1 
0.997597 -0.00713238 0.0689221 1.23445 -0.00713238 0.978834 0.20453 3.66329 -0.0689221 -0.20453 0.976431 5.39575 0 0 0 1 
0.99754 -0.00729933 0.0697144 1.25102 -0.00729933 0.978339 0.206881 3.71249 -0.0697144 -0.206881 0.975879 5.45356 0 0 0 1 
0.997486 -0.0074609 0.0704721 1.26693 -0.0074609 0.977859 0.20913 3.7597 -0.0704721 -0.20913 0.975345 5.50876 0 0 0 1 
0.997433 -0.0076179 0.0712004 1.28227 -0.0076179 0.977393 0.211291 3.80522 -0.0712004 -0.211291 0.974826 5.56173 0 0 0 1 
0.997382 -0.00776851 0.0718917 1.29688 -0.00776851 0.976947 0.213343 3.84856 -0.0718917 -0.213343 0.974329 5.61193 0 0 0 1 
0.997334 -0.00791176 0.0725429 1.31067 -0.00791176 0.976521 0.215275 3.8895 -0.0725429 -0.215275 0.973855 5.65915 0 0 0 1 
0.997288 -0.00804776 0.0731553 1.32368 -0.00804776 0.976118 0.217093 3.92811 -0.0731553 -0.217093 0.973406 5.7035 0 0 0 1 
0.997245 -0.00817481 0.0737227 1.33577 -0.00817481 0.975741 0.218776 3.96396 -0.0737227 -0.218776 0.972986 5.74453 0 0 0 1 
0.997206 -0.00829224 0.074243 1.34687 -0.00829224 0.975392 0.220321 3.99692 -0.074243 -0.220321 0.972598 5.78211 0 0 0 1 
0.99717 -0.0083994 0.0747145 1.35696 -0.0083994 0.975074 0.22172 4.02685 -0.0747145 -0.22172 0.972244 5.81613 0 0 0 1 
0.997137 -0.00849651 0.075139 1.36606 -0.00849651 0.974786 0.222979 4.05385 -0.075139 -0.222979 0.971923 5.84673 0 0 0 1 
0.997108 -0.00858298 0.075515 1.37413 -0.00858298 0.97453 0.224095 4.0778 -0.075515 -0.224095 0.971637 5.8738 0 0 0 1 
0.997082 -0.00865919 0.0758446 1.38122 -0.00865919 0.974303 0.225073 4.09884 -0.0758446 -0.225073 0.971385 5.89752 0 0 0 1 
0.99706 -0.00872493 0.0761278 1.38731 -0.00872493 0.974108 0.225914 4.11692 -0.0761278 -0.225914 0.971168 5.91788 0 0 0 1 
0.997041 -0.00878064 0.0763669 1.39246 -0.00878064 0.973943 0.226623 4.13222 -0.0763669 -0.226623 0.970984 5.93506 0 0 0 1 
0.997025 -0.00882759 0.0765678 1.3968 -0.00882759 0.973804 0.227219 4.14508 -0.0765678 -0.227219 0.970829 5.94949 0 0 0 1 
0.997013 -0.00886526 0.0767286 1.40027 -0.00886526 0.973692 0.227696 4.15538 -0.0767286 -0.227696 0.970704 5.96104 0 0 0 1 
0.997003 -0.00889463 0.0768536 1.40297 -0.00889463 0.973605 0.228068 4.16339 -0.0768536 -0.228068 0.970607 5.97002 0 0 0 1 
0.996995 -0.00891669 0.0769474 1.405 -0.00891669 0.973539 0.228346 4.16941 -0.0769474 -0.228346 0.970535 5.97675 0 0 0 1 
0.99699 -0.00893183 0.0770118 1.40639 -0.00893183 0.973494 0.228537 4.17354 -0.0770118 -0.228537 0.970484 5.98137 0 0 0 1 
0.996987 -0.00894082 0.07705 1.40721 -0.00894082 0.973468 0.22865 4.17599 -0.07705 -0.22865 0.970455 5.9841 0 0 0 1 
0.996986 -0.00894389 0.077063 1.4075 -0.00894389 0.973458 0.228689 4.17682 -0.077063 -0.228689 0.970445 5.98504 0 0 0 1 
0.996987 -0.00894137 0.0770523 1.40726 -0.00894137 0.973466 0.228657 4.17614 -0.0770523 -0.228657 0.970453 5.98427 0 0 0 1 
0.99699 -0.00893366 0.0770195 1.40656 -0.00893366 0.973489 0.22856 4.17404 -0.0770195 -0.22856 0.970478 5.98192 0 0 0 1 
0.996994 -0.00892132 0.0769671 1.40542 -0.00892132 0.973525 0.228404 4.17067 -0.0769671 -0.228404 0.970519 5.97816 0 0 0 1 
0.996999 -0.00890471 0.0768965 1.4039 -0.00890471 0.973575 0.228195 4.16615 -0.0768965 -0.228195 0.970574 5.9731 0 0 0 1 
0.997006 -0.00888397 0.0768083 1.40199 -0.00888397 0.973636 0.227933 4.16049 -0.0768083 -0.227933 0.970643 5.96676 0 0 0 1 
0.997015 -0.00885952 0.0767041 1.39974 -0.00885952 0.973709 0.227624 4.15381 -0.0767041 -0.227624 0.970723 5.95928 0 0 0 1 
0.997024 -0.00883134 0.0765838 1.39714 -0.00883134 0.973792 0.227267 4.1461 -0.0765838 -0.227267 0.970817 5.95064 0 0 0 1 
0.997035 -0.00879985 0.0764492 1.39424 -0.00879985 0.973886 0.226867 4.13748 -0.0764492 -0.226867 0.970921 5.94097 0 0 0 1 
0.997046 -0.00876565 0.0763026 1.39108 -0.00876565 0.973987 0.226432 4.12811 -0.0763026 -0.226432 0.971034 5.93045 0 0 0 1 
0.997059 -0.00872804 0.0761412 1.3876 -0.00872804 0.974099 0.225953 4.11778 -0.0761412 -0.225953 0.971158 5.91884 0 0 0 1 
0.997072 -0.00868803 0.075969 1.38389 -0.00868803 0.974218 0.225442 4.10678 -0.075969 -0.225442 0.97129 5.90647 0 0 0 1 
0.997087 -0.00864495 0.0757831 1.37989 -0.00864495 0.974346 0.224891 4.09491 -0.0757831 -0.224891 0.971432 5.8931 0 0 0 1 
0.997102 -0.00859999 0.0755887 1.37571 -0.00859999 0.974479 0.224314 4.0825 -0.0755887 -0.224314 0.971581 5.8791 0 0 0 1 
