0.999914 0.0130896 0 0 -0.0130896 0.999914 -0 0 -0 0 1 0 0 0 0 1 
0.999657 0.0261769 0 0 -0.0261769 0.999657 -0 0 -0 0 1 0 0 0 0 1 
0.999229 0.0392598 0 0 -0.0392598 0.999229 -0 0 -0 0 1 0 0 0 0 1 
0.99863 0.052336 0 0 -0.052336 0.99863 -0 0 -0 0 1 0 0 0 0 1 
0.997859 0.0654031 0 0 -0.0654031 0.997859 -0 0 -0 0 1 0 0 0 0 1 
0.996917 0.0784591 0 0 -0.0784591 0.996917 -0 0 -0 0 1 0 0 0 0 1 
0.995805 0.0915016 0 0 -0.0915016 0.995805 -0 0 -0 0 1 0 0 0 0 1 
0.994522 0.104528 0 0 -0.104528 0.994522 -0 0 -0 0 1 0 0 0 0 1 
0.993068 0.117537 0 0 -0.117537 0.993068 -0 0 -0 0 1 0 0 0 0 1 
0.991445 0.130526 0 0 -0.130526 0.991445 -0 0 -0 0 1 0 0 0 0 1 
0.989651 0.143493 0 0 -0.143493 0.989651 -0 0 -0 0 1 0 0 0 0 1 
0.987688 0.156434 0 0 -0.156434 0.987688 -0 0 -0 0 1 0 0 0 0 1 
0.985556 0.16935 0 0 -0.16935 0.985556 -0 0 -0 0 1 0 0 0 0 1 
0.983255 0.182236 0 0 -0.182236 0.983255 -0 0 -0 0 1 0 0 0 0 1 
0.980785 0.19509 0 0 -0.19509 0.980785 -0 0 -0 0 1 0 0 0 0 1 
0.978148 0.207912 0 0 -0.207912 0.978148 -0 0 -0 0 1 0 0 0 0 1 
0.975342 0.220697 0 0 -0.220697 0.975342 -0 0 -0 0 1 0 0 0 0 1 
0.97237 0.233445 0 0 -0.233445 0.97237 -0 0 -0 0 1 0 0 0 0 1 
0.969231 0.246153 0 0 -0.246153 0.969231 -0 0 -0 0 1 0 0 0 0 1 
0.965926 0.258819 0 0 -0.258819 0.965926 -0 0 -0 0 1 0 0 0 0 1 
0.962455 0.27144 0 0 -0.27144 0.962455 -0 0 -0 0 1 0 0 0 0 1 
0.95882 0.284015 0 0 -0.284015 0.95882 -0 0 -0 0 1 0 0 0 0 1 
0.95502 0.296542 0 0 -0.296542 0.95502 -0 0 -0 0 1 0 0 0 0 1 
0.951057 0.309017 0 0 -0.309017 0.951057 -0 0 -0 0 1 0 0 0 0 1 
0.94693 0.321439 0 0 -0.321439 0.94693 -0 0 -0 0 1 0 0 0 0 1 
0.942641 0.333807 0 0 -0.333807 0.942641 -0 0 -0 0 1 0 0 0 0 1 
0.938191 0.346117 0 0 -0.346117 0.938191 -0 0 -0 0 1 0 0 0 0 1 
0.93358 0.358368 0 0 -0.358368 0.93358 -0 0 -0 0 1 0 0 0 0 1 
0.92881 0.370557 0 0 -0.370557 0.92881 -0 0 -0 0 1 0 0 0 0 1 
0.92388 0.382683 0 0 -0.382683 0.92388 -0 0 -0 0 1 0 0 0 0 1 
0.918791 0.394744 0 0 -0.394744 0.918791 -0 0 -0 0 1 0 0 0 0 1 
0.913545 0.406737 0 0 -0.406737 0.913545 -0 0 -0 0 1 0 0 0 0 1 
0.908143 0.41866 0 0 -0.41866 0.908143 -0 0 -0 0 1 0 0 0 0 1 
0.902585 0.430511 0 0 -0.430511 0.902585 -0 0 -0 0 1 0 0 0 0 1 
0.896873 0.442289 0 0 -0.442289 0.896873 -0 0 -0 0 1 0 0 0 0 1 
0.891007 0.45399 0 0 -0.45399 0.891007 -0 0 -0 0 1 0 0 0 0 1 
0.884988 0.465615 0 0 -0.465615 0.884988 -0 0 -0 0 1 0 0 0 0 1 
0.878817 0.477159 0 0 -0.477159 0.878817 -0 0 -0 0 1 0 0 0 0 1 
0.872496 0.488621 0 0 -0.488621 0.872496 -0 0 -0 0 1 0 0 0 0 1 
0.866025 0.5 0 0 -0.5 0.866025 -0 0 -0 0 1 0 0 0 0 1 
0.859406 0.511293 0 0 -0.511293 0.859406 -0 0 -0 0 1 0 0 0 0 1 
0.85264 0.522499 0 0 -0.522499 0.85264 -0 0 -0 0 1 0 0 0 0 1 
0.845728 0.533615 0 0 -0.533615 0.845728 -0 0 -0 0 1 0 0 0 0 1 
0.838671 0.544639 0 0 -0.544639 0.838671 -0 0 -0 0 1 0 0 0 0 1 
0.83147 0.55557 0 0 -0.55557 0.83147 -0 0 -0 0 1 0 0 0 0 1 
0.824126 0.566406 0 0 -0.566406 0.824126 -0 0 -0 0 1 0 0 0 0 1 
0.816642 0.577145 0 0 -0.577145 0.816642 -0 0 -0 0 1 0 0 0 0 1 
0.809017 0.587785 0 0 -0.587785 0.809017 -0 0 -0 0 1 0 0 0 0 1 
0.801254 0.598325 0 0 -0.598325 0.801254 -0 0 -0 0 1 0 0 0 0 1 
0.793353 0.608761 0 0 -0.608761 0.793353 -0 0 -0 0 1 0 0 0 0 1 
0.785317 0.619094 0 0 -0.619094 0.785317 -0 0 -0 0 1 0 0 0 0 1 
0.777146 0.62932 0 0 -0.62932 0.777146 -0 0 -0 0 1 0 0 0 0 1 
0.768842 0.639439 0 0 -0.639439 0.768842 -0 0 -0 0 1 0 0 0 0 1 
0.760406 0.649448 0 0 -0.649448 0.760406 -0 0 -0 0 1 0 0 0 0 1 
0.75184 0.659346 0 0 -0.659346 0.75184 -0 0 -0 0 1 0 0 0 0 1 
0.743145 0.669131 0 0 -0.669131 0.743145 -0 0 -0 0 1 0 0 0 0 1 
0.734323 0.678801 0 0 -0.678801 0.734323 -0 0 -0 0 1 0 0 0 0 1 
0.725374 0.688355 0 0 -0.688355 0.725374 -0 0 -0 0 1 0 0 0 0 1 
0.716302 0.69779 0 0 -0.69779 0.716302 -0 0 -0 0 1 0 0 0 0 1 
0.707107 0.707107 0 0 -0.707107 0.707107 -0 0 -0 0 1 0 0 0 0 1 
0.69779 0.716302 0 0 -0.716302 0.69779 -0 0 -0 0 1 0 0 0 0 1 
0.688355 0.725374 0 0 -0.725374 0.688355 -0 0 -0 0 1 0 0 0 0 1 
0.678801 0.734323 0 0 -0.734323 0.678801 -0 0 -0 0 1 0 0 0 0 1 
0.669131 0.743145 0 0 -0.743145 0.669131 -0 0 -0 0 1 0 0 0 0 1 
0.659346 0.75184 0 0 -0.75184 0.659346 -0 0 -0 0 1 0 0 0 0 1 
0.649448 0.760406 0 0 -0.760406 0.649448 -0 0 -0 0 1 0 0 0 0 1 
0.639439 0.768842 0 0 -0.768842 0.639439 -0 0 -0 0 1 0 0 0 0 1 
0.62932 0.777146 0 0 -0.777146 0.62932 -0 0 -0 0 1 0 0 0 0 1 
0.619094 0.785317 0 0 -0.785317 0.619094 -0 0 -0 0 1 0 0 0 0 1 
0.608761 0.793353 0 0 -0.793353 0.608761 -0 0 -0 0 1 0 0 0 0 1 
0.598325 0.801254 0 0 -0.801254 0.598325 -0 0 -0 0 1 0 0 0 0 1 
0.587785 0.809017 0 0 -0.809017 0.587785 -0 0 -0 0 1 0 0 0 0 1 
0.577145 0.816642 0 0 -0.816642 0.577145 -0 0 -0 0 1 0 0 0 0 1 
0.566406 0.824126 0 0 -0.824126 0.566406 -0 0 -0 0 1 0 0 0 0 1 
0.55557 0.83147 0 0 -0.83147 0.55557 -0 0 -0 0 1 0 0 0 0 1 
0.544639 0.838671 0 0 -0.838671 0.544639 -0 0 -0 0 1 0 0 0 0 1 
0.533615 0.845728 0 0 -0.845728 0.533615 -0 0 -0 0 1 0 0 0 0 1 
0.522499 0.85264 0 0 -0.85264 0.522499 -0 0 -0 0 1 0 0 0 0 1 
0.511293 0.859406 0 0 -0.859406 0.511293 -0 0 -0 0 1 0 0 0 0 1 
0.5 0.866025 0 0 -0.866025 0.5 -0 0 -0 0 1 0 0 0 0 1 
0.488621 0.872496 0 0 -0.872496 0.488621 -0 0 -0 0 1 0 0 0 0 1 
0.477159 0.878817 0 0 -0.878817 0.477159 -0 0 -0 0 1 0 0 0 0 1 
0.465615 0.884988 0 0 -0.884988 0.465615 -0 0 -0 0 1 0 0 0 0 1 
0.45399 0.891007 0 0 -0.891007 0.45399 -0 0 -0 0 1 0 0 0 0 1 
0.442289 0.896873 0 0 -0.896873 0.442289 -0 0 -0 0 1 0 0 0 0 1 
0.430511 0.902585 0 0 -0.902585 0.430511 -0 0 -0 0 1 0 0 0 0 1 
0.41866 0.908143 0 0 -0.908143 0.41866 -0 0 -0 0 1 0 0 0 0 1 
0.406737 0.913545 0 0 -0.913545 0.406737 -0 0 -0 0 1 0 0 0 0 1 
0.394744 0.918791 0 0 -0.918791 0.394744 -0 0 -0 0 1 0 0 0 0 1 
0.382683 0.92388 0 0 -0.92388 0.382683 -0 0 -0 0 1 0 0 0 0 1 
0.370557 0.92881 0 0 -0.92881 0.370557 -0 0 -0 0 1 0 0 0 0 1 
0.358368 0.93358 0 0 -0.93358 0.358368 -0 0 -0 0 1 0 0 0 0 1 
0.346117 0.938191 0 0 -0.938191 0.346117 -0 0 -0 0 1 0 0 0 0 1 
0.333807 0.942641 0 0 -0.942641 0.333807 -0 0 -0 0 1 0 0 0 0 1 
0.321439 0.94693 0 0 -0.94693 0.321439 -0 0 -0 0 1 0 0 0 0 1 
0.309017 0.951057 0 0 -0.951057 0.309017 -0 0 -0 0 1 0 0 0 0 1 
0.296542 0.95502 0 0 -0.95502 0.296542 -0 0 -0 0 1 0 0 0 0 1 
0.284015 0.95882 0 0 -0.95882 0.284015 -0 0 -0 0 1 0 0 0 0 1 
0.27144 0.962455 0 0 -0.962455 0.27144 -0 0 -0 0 1 0 0 0 0 1 
0.258819 0.965926 0 0 -0.965926 0.258819 -0 0 -0 0 1 0 0 0 0 1 
0.246153 0.969231 0 0 -0.969231 0.246153 -0 0 -0 0 1 0 0 0 0 1 
0.233445 0.97237 0 0 -0.97237 0.233445 -0 0 -0 0 1 0 0 0 0 1 
0.220697 0.975342 0 0 -0.975342 0.220697 -0 0 -0 0 1 0 0 0 0 1 
0.207912 0.978148 0 0 -0.978148 0.207912 -0 0 -0 0 1 0 0 0 0 1 
0.19509 0.980785 0 0 -0.980785 0.19509 -0 0 -0 0 1 0 0 0 0 1 
0.182236 0.983255 0 0 -0.983255 0.182236 -0 0 -0 0 1 0 0 0 0 1 
0.16935 0.985556 0 0 -0.985556 0.16935 -0 0 -0 0 1 0 0 0 0 1 
0.156434 0.987688 0 0 -0.987688 0.156434 -0 0 -0 0 1 0 0 0 0 1 
0.143493 0.989651 0 0 -0.989651 0.143493 -0 0 -0 0 1 0 0 0 0 1 
0.130526 0.991445 0 0 -0.991445 0.130526 -0 0 -0 0 1 0 0 0 0 1 
0.117537 0.993068 0 0 -0.993068 0.117537 -0 0 -0 0 1 0 0 0 0 1 
0.104528 0.994522 0 0 -0.994522 0.104528 -0 0 -0 0 1 0 0 0 0 1 
0.0915016 0.995805 0 0 -0.995805 0.0915016 -0 0 -0 0 1 0 0 0 0 1 
0.0784591 0.996917 0 0 -0.996917 0.0784591 -0 0 -0 0 1 0 0 0 0 1 
0.0654031 0.997859 0 0 -0.997859 0.0654031 -0 0 -0 0 1 0 0 0 0 1 
0.052336 0.99863 0 0 -0.99863 0.052336 -0 0 -0 0 1 0 0 0 0 1 
0.0392598 0.999229 0 0 -0.999229 0.0392598 -0 0 -0 0 1 0 0 0 0 1 
0.0261769 0.999657 0 0 -0.999657 0.0261769 -0 0 -0 0 1 0 0 0 0 1 
0.0130896 0.999914 0 0 -0.999914 0.0130896 -0 0 -0 0 1 0 0 0 0 1 
2.22045e-16 1 0 0 -1 2.22045e-16 -0 0 -0 0 1 0 0 0 0 1 
-0.0130896 0.999914 0 0 -0.999914 -0.0130896 -0 0 -0 0 1 0 0 0 0 1 
-0.0261769 0.999657 0 0 -0.999657 -0.0261769 -0 0 -0 0 1 0 0 0 0 1 
-0.0392598 0.999229 0 0 -0.999229 -0.0392598 -0 0 -0 0 1 0 0 0 0 1 
-0.052336 0.99863 0 0 -0.99863 -0.052336 -0 0 -0 0 1 0 0 0 0 1 
-0.0654031 0.997859 0 0 -0.997859 -0.0654031 -0 0 -0 0 1 0 0 0 0 1 
-0.0784591 0.996917 0 0 -0.996917 -0.0784591 -0 0 -0 0 1 0 0 0 0 1 
-0.0915016 0.995805 0 0 -0.995805 -0.0915016 -0 0 -0 0 1 0 0 0 0 1 
-0.104528 0.994522 0 0 -0.994522 -0.104528 -0 0 -0 0 1 0 0 0 0 1 
-0.117537 0.993068 0 0 -0.993068 -0.117537 -0 0 -0 0 1 0 0 0 0 1 
-0.130526 0.991445 0 0 -0.991445 -0.130526 -0 0 -0 0 1 0 0 0 0 1 
-0.143493 0.989651 0 0 -0.989651 -0.143493 -0 0 -0 0 1 0 0 0 0 1 
-0.156434 0.987688 0 0 -0.987688 -0.156434 -0 0 -0 0 1 0 0 0 0 1 
-0.16935 0.985556 0 0 -0.985556 -0.16935 -0 0 -0 0 1 0 0 0 0 1 
-0.182236 0.983255 0 0 -0.983255 -0.182236 -0 0 -0 0 1 0 0 0 0 1 
-0.19509 0.980785 0 0 -0.980785 -0.19509 -0 0 -0 0 1 0 0 0 0 1 
-0.207912 0.978148 0 0 -0.978148 -0.207912 -0 0 -0 0 1 0 0 0 0 1 
-0.220697 0.975342 0 0 -0.975342 -0.220697 -0 0 -0 0 1 0 0 0 0 1 
-0.233445 0.97237 0 0 -0.97237 -0.233445 -0 0 -0 0 1 0 0 0 0 1 
-0.246153 0.969231 0 0 -0.969231 -0.246153 -0 0 -0 0 1 0 0 0 0 1 
-0.258819 0.965926 0 0 -0.965926 -0.258819 -0 0 -0 0 1 0 0 0 0 1 
-0.27144 0.962455 0 0 -0.962455 -0.27144 -0 0 -0 0 1 0 0 0 0 1 
-0.284015 0.95882 0 0 -0.95882 -0.284015 -0 0 -0 0 1 0 0 0 0 1 
-0.296542 0.95502 0 0 -0.95502 -0.296542 -0 0 -0 0 1 0 0 0 0 1 
-0.309017 0.951057 0 0 -0.951057 -0.309017 -0 0 -0 0 1 0 0 0 0 1 
-0.321439 0.94693 0 0 -0.94693 -0.321439 -0 0 -0 0 1 0 0 0 0 1 
-0.333807 0.942641 0 0 -0.942641 -0.333807 -0 0 -0 0 1 0 0 0 0 1 
-0.346117 0.938191 0 0 -0.938191 -0.346117 -0 0 -0 0 1 0 0 0 0 1 
-0.358368 0.93358 0 0 -0.93358 -0.358368 -0 0 -0 0 1 0 0 0 0 1 
-0.370557 0.92881 0 0 -0.92881 -0.370557 -0 0 -0 0 1 0 0 0 0 1 
-0.382683 0.92388 0 0 -0.92388 -0.382683 -0 0 -0 0 1 0 0 0 0 1 
-0.394744 0.918791 0 0 -0.918791 -0.394744 -0 0 -0 0 1 0 0 0 0 1 
-0.406737 0.913545 0 0 -0.913545 -0.406737 -0 0 -0 0 1 0 0 0 0 1 
-0.41866 0.908143 0 0 -0.908143 -0.41866 -0 0 -0 0 1 0 0 0 0 1 
-0.430511 0.902585 0 0 -0.902585 -0.430511 -0 0 -0 0 1 0 0 0 0 1 
-0.442289 0.896873 0 0 -0.896873 -0.442289 -0 0 -0 0 1 0 0 0 0 1 
-0.45399 0.891007 0 0 -0.891007 -0.45399 -0 0 -0 0 1 0 0 0 0 1 
-0.465615 0.884988 0 0 -0.884988 -0.465615 -0 0 -0 0 1 0 0 0 0 1 
-0.477159 0.878817 0 0 -0.878817 -0.477159 -0 0 -0 0 1 0 0 0 0 1 
-0.488621 0.872496 0 0 -0.872496 -0.488621 -0 0 -0 0 1 0 0 0 0 1 
-0.5 0.866025 0 0 -0.866025 -0.5 -0 0 -0 0 1 0 0 0 0 1 
-0.511293 0.859406 0 0 -0.859406 -0.511293 -0 0 -0 0 1 0 0 0 0 1 
-0.522499 0.85264 0 0 -0.85264 -0.522499 -0 0 -0 0 1 0 0 0 0 1 
-0.533615 0.845728 0 0 -0.845728 -0.533615 -0 0 -0 0 1 0 0 0 0 1 
-0.544639 0.838671 0 0 -0.838671 -0.544639 -0 0 -0 0 1 0 0 0 0 1 
-0.55557 0.83147 0 0 -0.83147 -0.55557 -0 0 -0 0 1 0 0 0 0 1 
-0.566406 0.824126 0 0 -0.824126 -0.566406 -0 0 -0 0 1 0 0 0 0 1 
-0.577145 0.816642 0 0 -0.816642 -0.577145 -0 0 -0 0 1 0 0 0 0 1 
-0.587785 0.809017 0 0 -0.809017 -0.587785 -0 0 -0 0 1 0 0 0 0 1 
-0.598325 0.801254 0 0 -0.801254 -0.598325 -0 0 -0 0 1 0 0 0 0 1 
-0.608761 0.793353 0 0 -0.793353 -0.608761 -0 0 -0 0 1 0 0 0 0 1 
-0.619094 0.785317 0 0 -0.785317 -0.619094 -0 0 -0 0 1 0 0 0 0 1 
-0.62932 0.777146 0 0 -0.777146 -0.62932 -0 0 -0 0 1 0 0 0 0 1 
-0.639439 0.768842 0 0 -0.768842 -0.639439 -0 0 -0 0 1 0 0 0 0 1 
-0.649448 0.760406 0 0 -0.760406 -0.649448 -0 0 -0 0 1 0 0 0 0 1 
-0.659346 0.75184 0 0 -0.75184 -0.659346 -0 0 -0 0 1 0 0 0 0 1 
-0.669131 0.743145 0 0 -0.743145 -0.669131 -0 0 -0 0 1 0 0 0 0 1 
-0.678801 0.734323 0 0 -0.734323 -0.678801 -0 0 -0 0 1 0 0 0 0 1 
-0.688355 0.725374 0 0 -0.725374 -0.688355 -0 0 -0 0 1 0 0 0 0 1 
-0.69779 0.716302 0 0 -0.716302 -0.69779 -0 0 -0 0 1 0 0 0 0 1 
-0.707107 0.707107 0 0 -0.707107 -0.707107 -0 0 -0 0 1 0 0 0 0 1 
-0.716302 0.69779 0 0 -0.69779 -0.716302 -0 0 -0 0 1 0 0 0 0 1 
-0.725374 0.688355 0 0 -0.688355 -0.725374 -0 0 -0 0 1 0 0 0 0 1 
-0.734323 0.678801 0 0 -0.678801 -0.734323 -0 0 -0 0 1 0 0 0 0 1 
-0.743145 0.669131 0 0 -0.669131 -0.743145 -0 0 -0 0 1 0 0 0 0 1 
-0.75184 0.659346 0 0 -0.659346 -0.75184 -0 0 -0 0 1 0 0 0 0 1 
-0.760406 0.649448 0 0 -0.649448 -0.760406 -0 0 -0 0 1 0 0 0 0 1 
-0.768842 0.639439 0 0 -0.639439 -0.768842 -0 0 -0 0 1 0 0 0 0 1 
-0.777146 0.62932 0 0 -0.62932 -0.777146 -0 0 -0 0 1 0 0 0 0 1 
-0.785317 0.619094 0 0 -0.619094 -0.785317 -0 0 -0 0 1 0 0 0 0 1 
-0.793353 0.608761 0 0 -0.608761 -0.793353 -0 0 -0 0 1 0 0 0 0 1 
-0.801254 0.598325 0 0 -0.598325 -0.801254 -0 0 -0 0 1 0 0 0 0 1 
-0.809017 0.587785 0 0 -0.587785 -0.809017 -0 0 -0 0 1 0 0 0 0 1 
-0.816642 0.577145 0 0 -0.577145 -0.816642 -0 0 -0 0 1 0 0 0 0 1 
-0.824126 0.566406 0 0 -0.566406 -0.824126 -0 0 -0 0 1 0 0 0 0 1 
-0.83147 0.55557 0 0 -0.55557 -0.83147 -0 0 -0 0 1 0 0 0 0 1 
-0.838671 0.544639 0 0 -0.544639 -0.838671 -0 0 -0 0 1 0 0 0 0 1 
-0.845728 0.533615 0 0 -0.533615 -0.845728 -0 0 -0 0 1 0 0 0 0 1 
-0.85264 0.522499 0 0 -0.522499 -0.85264 -0 0 -0 0 1 0 0 0 0 1 
-0.859406 0.511293 0 0 -0.511293 -0.859406 -0 0 -0 0 1 0 0 0 0 1 
-0.866025 0.5 0 0 -0.5 -0.866025 -0 0 -0 0 1 0 0 0 0 1 
-0.872496 0.488621 0 0 -0.488621 -0.872496 -0 0 -0 0 1 0 0 0 0 1 
-0.878817 0.477159 0 0 -0.477159 -0.878817 -0 0 -0 0 1 0 0 0 0 1 
-0.884988 0.465615 0 0 -0.465615 -0.884988 -0 0 -0 0 1 0 0 0 0 1 
-0.891007 0.45399 0 0 -0.45399 -0.891007 -0 0 -0 0 1 0 0 0 0 1 
-0.896873 0.442289 0 0 -0.442289 -0.896873 -0 0 -0 0 1 0 0 0 0 1 
-0.902585 0.430511 0 0 -0.430511 -0.902585 -0 0 -0 0 1 0 0 0 0 1 
-0.908143 0.41866 0 0 -0.41866 -0.908143 -0 0 -0 0 1 0 0 0 0 1 
-0.913545 0.406737 0 0 -0.406737 -0.913545 -0 0 -0 0 1 0 0 0 0 1 
-0.918791 0.394744 0 0 -0.394744 -0.918791 -0 0 -0 0 1 0 0 0 0 1 
-0.92388 0.382683 0 0 -0.382683 -0.92388 -0 0 -0 0 1 0 0 0 0 1 
-0.92881 0.370557 0 0 -0.370557 -0.92881 -0 0 -0 0 1 0 0 0 0 1 
-0.93358 0.358368 0 0 -0.358368 -0.93358 -0 0 -0 0 1 0 0 0 0 1 
-0.938191 0.346117 0 0 -0.346117 -0.938191 -0 0 -0 0 1 0 0 0 0 1 
-0.942641 0.333807 0 0 -0.333807 -0.942641 -0 0 -0 0 1 0 0 0 0 1 
-0.94693 0.321439 0 0 -0.321439 -0.94693 -0 0 -0 0 1 0 0 0 0 1 
-0.951057 0.309017 0 0 -0.309017 -0.951057 -0 0 -0 0 1 0 0 0 0 1 
-0.95502 0.296542 0 0 -0.296542 -0.95502 -0 0 -0 0 1 0 0 0 0 1 
-0.95882 0.284015 0 0 -0.284015 -0.95882 -0 0 -0 0 1 0 0 0 0 1 
-0.962455 0.27144 0 0 -0.27144 -0.962455 -0 0 -0 0 1 0 0 0 0 1 
-0.965926 0.258819 0 0 -0.258819 -0.965926 -0 0 -0 0 1 0 0 0 0 1 
-0.969231 0.246153 0 0 -0.246153 -0.969231 -0 0 -0 0 1 0 0 0 0 1 
-0.97237 0.233445 0 0 -0.233445 -0.97237 -0 0 -0 0 1 0 0 0 0 1 
-0.975342 0.220697 0 0 -0.220697 -0.975342 -0 0 -0 0 1 0 0 0 0 1 
-0.978148 0.207912 0 0 -0.207912 -0.978148 -0 0 -0 0 1 0 0 0 0 1 
-0.980785 0.19509 0 0 -0.19509 -0.980785 -0 0 -0 0 1 0 0 0 0 1 
-0.983255 0.182236 0 0 -0.182236 -0.983255 -0 0 -0 0 1 0 0 0 0 1 
-0.985556 0.16935 0 0 -0.16935 -0.985556 -0 0 -0 0 1 0 0 0 0 1 
-0.987688 0.156434 0 0 -0.156434 -0.987688 -0 0 -0 0 1 0 0 0 0 1 
-0.989651 0.143493 0 0 -0.143493 -0.989651 -0 0 -0 0 1 0 0 0 0 1 
-0.991445 0.130526 0 0 -0.130526 -0.991445 -0 0 -0 0 1 0 0 0 0 1 
-0.993068 0.117537 0 0 -0.117537 -0.993068 -0 0 -0 0 1 0 0 0 0 1 
-0.994522 0.104528 0 0 -0.104528 -0.994522 -0 0 -0 0 1 0 0 0 0 1 
-0.995805 0.0915016 0 0 -0.0915016 -0.995805 -0 0 -0 0 1 0 0 0 0 1 
-0.996917 0.0784591 0 0 -0.0784591 -0.996917 -0 0 -0 0 1 0 0 0 0 1 
-0.997859 0.0654031 0 0 -0.0654031 -0.997859 -0 0 -0 0 1 0 0 0 0 1 
-0.99863 0.052336 0 0 -0.052336 -0.99863 -0 0 -0 0 1 0 0 0 0 1 
-0.999229 0.0392598 0 0 -0.0392598 -0.999229 -0 0 -0 0 1 0 0 0 0 1 
-0.999657 0.0261769 0 0 -0.0261769 -0.999657 -0 0 -0 0 1 0 0 0 0 1 
-0.999914 0.0130896 0 0 -0.0130896 -0.999914 -0 0 -0 0 1 0 0 0 0 1 
-1 5.66554e-16 0 0 -5.66554e-16 -1 -0 0 -0 0 1 0 0 0 0 1 
-0.999914 -0.0130896 0 0 0.0130896 -0.999914 -0 0 0 0 1 0 0 0 0 1 
-0.999657 -0.0261769 0 0 0.0261769 -0.999657 -0 0 0 0 1 0 0 0 0 1 
-0.999229 -0.0392598 0 0 0.0392598 -0.999229 -0 0 0 0 1 0 0 0 0 1 
-0.99863 -0.052336 0 0 0.052336 -0.99863 -0 0 0 0 1 0 0 0 0 1 
-0.997859 -0.0654031 0 0 0.0654031 -0.997859 -0 0 0 0 1 0 0 0 0 1 
-0.996917 -0.0784591 0 0 0.0784591 -0.996917 -0 0 0 0 1 0 0 0 0 1 
-0.995805 -0.0915016 0 0 0.0915016 -0.995805 -0 0 0 0 1 0 0 0 0 1 
-0.994522 -0.104528 0 0 0.104528 -0.994522 -0 0 0 0 1 0 0 0 0 1 
-0.993068 -0.117537 0 0 0.117537 -0.993068 -0 0 0 0 1 0 0 0 0 1 
-0.991445 -0.130526 0 0 0.130526 -0.991445 -0 0 0 0 1 0 0 0 0 1 
-0.989651 -0.143493 0 0 0.143493 -0.989651 -0 0 0 0 1 0 0 0 0 1 
-0.987688 -0.156434 0 0 0.156434 -0.987688 -0 0 0 0 1 0 0 0 0 1 
-0.985556 -0.16935 0 0 0.16935 -0.985556 -0 0 0 0 1 0 0 0 0 1 
-0.983255 -0.182236 0 0 0.182236 -0.983255 -0 0 0 0 1 0 0 0 0 1 
-0.980785 -0.19509 0 0 0.19509 -0.980785 -0 0 0 0 1 0 0 0 0 1 
-0.978148 -0.207912 0 0 0.207912 -0.978148 -0 0 0 0 1 0 0 0 0 1 
-0.975342 -0.220697 0 0 0.220697 -0.975342 -0 0 0 0 1 0 0 0 0 1 
-0.97237 -0.233445 0 0 0.233445 -0.97237 -0 0 0 0 1 0 0 0 0 1 
-0.969231 -0.246153 0 0 0.246153 -0.969231 -0 0 0 0 1 0 0 0 0 1 
-0.965926 -0.258819 0 0 0.258819 -0.965926 -0 0 0 0 1 0 0 0 0 1 
-0.962455 -0.27144 0 0 0.27144 -0.962455 -0 0 0 0 1 0 0 0 0 1 
-0.95882 -0.284015 0 0 0.284015 -0.95882 -0 0 0 0 1 0 0 0 0 1 
-0.95502 -0.296542 0 0 0.296542 -0.95502 -0 0 0 0 1 0 0 0 0 1 
-0.951057 -0.309017 0 0 0.309017 -0.951057 -0 0 0 0 1 0 0 0 0 1 
-0.94693 -0.321439 0 0 0.321439 -0.94693 -0 0 0 0 1 0 0 0 0 1 
-0.942641 -0.333807 0 0 0.333807 -0.942641 -0 0 0 0 1 0 0 0 0 1 
-0.938191 -0.346117 0 0 0.346117 -0.938191 -0 0 0 0 1 0 0 0 0 1 
-0.93358 -0.358368 0 0 0.358368 -0.93358 -0 0 0 0 1 0 0 0 0 1 
-0.92881 -0.370557 0 0 0.370557 -0.92881 -0 0 0 0 1 0 0 0 0 1 
-0.92388 -0.382683 0 0 0.382683 -0.92388 -0 0 0 0 1 0 0 0 0 1 
-0.918791 -0.394744 0 0 0.394744 -0.918791 -0 0 0 0 1 0 0 0 0 1 
-0.913545 -0.406737 0 0 0.406737 -0.913545 -0 0 0 0 1 0 0 0 0 1 
-0.908143 -0.41866 0 0 0.41866 -0.908143 -0 0 0 0 1 0 0 0 0 1 
-0.902585 -0.430511 0 0 0.430511 -0.902585 -0 0 0 0 1 0 0 0 0 1 
-0.896873 -0.442289 0 0 0.442289 -0.896873 -0 0 0 0 1 0 0 0 0 1 
-0.891007 -0.45399 0 0 0.45399 -0.891007 -0 0 0 0 1 0 0 0 0 1 
-0.884988 -0.465615 0 0 0.465615 -0.884988 -0 0 0 0 1 0 0 0 0 1 
-0.878817 -0.477159 0 0 0.477159 -0.878817 -0 0 0 0 1 0 0 0 0 1 
-0.872496 -0.488621 0 0 0.488621 -0.872496 -0 0 0 0 1 0 0 0 0 1 
-0.866025 -0.5 0 0 0.5 -0.866025 -0 0 0 0 1 0 0 0 0 1 
-0.859406 -0.511293 0 0 0.511293 -0.859406 -0 0 0 0 1 0 0 0 0 1 
-0.85264 -0.522499 0 0 0.522499 -0.85264 -0 0 0 0 1 0 0 0 0 1 
-0.845728 -0.533615 0 0 0.533615 -0.845728 -0 0 0 0 1 0 0 0 0 1 
-0.838671 -0.544639 0 0 0.544639 -0.838671 -0 0 0 0 1 0 0 0 0 1 
-0.83147 -0.55557 0 0 0.55557 -0.83147 -0 0 0 0 1 0 0 0 0 1 
-0.824126 -0.566406 0 0 0.566406 -0.824126 -0 0 0 0 1 0 0 0 0 1 
-0.816642 -0.577145 0 0 0.577145 -0.816642 -0 0 0 0 1 0 0 0 0 1 
-0.809017 -0.587785 0 0 0.587785 -0.809017 -0 0 0 0 1 0 0 0 0 1 
-0.801254 -0.598325 0 0 0.598325 -0.801254 -0 0 0 0 1 0 0 0 0 1 
-0.793353 -0.608761 0 0 0.608761 -0.793353 -0 0 0 0 1 0 0 0 0 1 
-0.785317 -0.619094 0 0 0.619094 -0.785317 -0 0 0 0 1 0 0 0 0 1 
-0.777146 -0.62932 0 0 0.62932 -0.777146 -0 0 0 0 1 0 0 0 0 1 
-0.768842 -0.639439 0 0 0.639439 -0.768842 -0 0 0 0 1 0 0 0 0 1 
-0.760406 -0.649448 0 0 0.649448 -0.760406 -0 0 0 0 1 0 0 0 0 1 
-0.75184 -0.659346 0 0 0.659346 -0.75184 -0 0 0 0 1 0 0 0 0 1 
-0.743145 -0.669131 0 0 0.669131 -0.743145 -0 0 0 0 1 0 0 0 0 1 
-0.734323 -0.678801 0 0 0.678801 -0.734323 -0 0 0 0 1 0 0 0 0 1 
-0.725374 -0.688355 0 0 0.688355 -0.725374 -0 0 0 0 1 0 0 0 0 1 
-0.716302 -0.69779 0 0 0.69779 -0.716302 -0 0 0 0 1 0 0 0 0 1 
-0.707107 -0.707107 0 0 0.707107 -0.707107 -0 0 0 0 1 0 0 0 0 1 
-0.69779 -0.716302 0 0 0.716302 -0.69779 -0 0 0 0 1 0 0 0 0 1 
-0.688355 -0.725374 0 0 0.725374 -0.688355 -0 0 0 0 1 0 0 0 0 1 
-0.678801 -0.734323 0 0 0.734323 -0.678801 -0 0 0 0 1 0 0 0 0 1 
-0.669131 -0.743145 0 0 0.743145 -0.669131 -0 0 0 0 1 0 0 0 0 1 
-0.659346 -0.75184 0 0 0.75184 -0.659346 -0 0 0 0 1 0 0 0 0 1 
-0.649448 -0.760406 0 0 0.760406 -0.649448 -0 0 0 0 1 0 0 0 0 1 
-0.639439 -0.768842 0 0 0.768842 -0.639439 -0 0 0 0 1 0 0 0 0 1 
-0.62932 -0.777146 0 0 0.777146 -0.62932 -0 0 0 0 1 0 0 0 0 1 
-0.619094 -0.785317 0 0 0.785317 -0.619094 -0 0 0 0 1 0 0 0 0 1 
-0.608761 -0.793353 0 0 0.793353 -0.608761 -0 0 0 0 1 0 0 0 0 1 
-0.598325 -0.801254 0 0 0.801254 -0.598325 -0 0 0 0 1 0 0 0 0 1 
-0.587785 -0.809017 0 0 0.809017 -0.587785 -0 0 0 0 1 0 0 0 0 1 
-0.577145 -0.816642 0 0 0.816642 -0.577145 -0 0 0 0 1 0 0 0 0 1 
-0.566406 -0.824126 0 0 0.824126 -0.566406 -0 0 0 0 1 0 0 0 0 1 
-0.55557 -0.83147 0 0 0.83147 -0.55557 -0 0 0 0 1 0 0 0 0 1 
-0.544639 -0.838671 0 0 0.838671 -0.544639 -0 0 0 0 1 0 0 0 0 1 
-0.533615 -0.845728 0 0 0.845728 -0.533615 -0 0 0 0 1 0 0 0 0 1 
-0.522499 -0.85264 0 0 0.85264 -0.522499 -0 0 0 0 1 0 0 0 0 1 
-0.511293 -0.859406 0 0 0.859406 -0.511293 -0 0 0 0 1 0 0 0 0 1 
-0.5 -0.866025 0 0 0.866025 -0.5 -0 0 0 0 1 0 0 0 0 1 
-0.488621 -0.872496 0 0 0.872496 -0.488621 -0 0 0 0 1 0 0 0 0 1 
-0.477159 -0.878817 0 0 0.878817 -0.477159 -0 0 0 0 1 0 0 0 0 1 
-0.465615 -0.884988 0 0 0.884988 -0.465615 -0 0 0 0 1 0 0 0 0 1 
-0.45399 -0.891007 0 0 0.891007 -0.45399 -0 0 0 0 1 0 0 0 0 1 
-0.442289 -0.896873 0 0 0.896873 -0.442289 -0 0 0 0 1 0 0 0 0 1 
-0.430511 -0.902585 0 0 0.902585 -0.430511 -0 0 0 0 1 0 0 0 0 1 
-0.41866 -0.908143 0 0 0.908143 -0.41866 -0 0 0 0 1 0 0 0 0 1 
-0.406737 -0.913545 0 0 0.913545 -0.406737 -0 0 0 0 1 0 0 0 0 1 
-0.394744 -0.918791 0 0 0.918791 -0.394744 -0 0 0 0 1 0 0 0 0 1 
-0.382683 -0.92388 0 0 0.92388 -0.382683 -0 0 0 0 1 0 0 0 0 1 
-0.370557 -0.92881 0 0 0.92881 -0.370557 -0 0 0 0 1 0 0 0 0 1 
-0.358368 -0.93358 0 0 0.93358 -0.358368 -0 0 0 0 1 0 0 0 0 1 
-0.346117 -0.938191 0 0 0.938191 -0.346117 -0 0 0 0 1 0 0 0 0 1 
-0.333807 -0.942641 0 0 0.942641 -0.333807 -0 0 0 0 1 0 0 0 0 1 
-0.321439 -0.94693 0 0 0.94693 -0.321439 -0 0 0 0 1 0 0 0 0 1 
-0.309017 -0.951057 0 0 0.951057 -0.309017 -0 0 0 0 1 0 0 0 0 1 
-0.296542 -0.95502 0 0 0.95502 -0.296542 -0 0 0 0 1 0 0 0 0 1 
-0.284015 -0.95882 0 0 0.95882 -0.284015 -0 0 0 0 1 0 0 0 0 1 
-0.27144 -0.962455 0 0 0.962455 -0.27144 -0 0 0 0 1 0 0 0 0 1 
-0.258819 -0.965926 0 0 0.965926 -0.258819 -0 0 0 0 1 0 0 0 0 1 
-0.246153 -0.969231 0 0 0.969231 -0.246153 -0 0 0 0 1 0 0 0 0 1 
-0.233445 -0.97237 0 0 0.97237 -0.233445 -0 0 0 0 1 0 0 0 0 1 
-0.220697 -0.975342 0 0 0.975342 -0.220697 -0 0 0 0 1 0 0 0 0 1 
-0.207912 -0.978148 0 0 0.978148 -0.207912 -0 0 0 0 1 0 0 0 0 1 
-0.19509 -0.980785 0 0 0.980785 -0.19509 -0 0 0 0 1 0 0 0 0 1 
-0.182236 -0.983255 0 0 0.983255 -0.182236 -0 0 0 0 1 0 0 0 0 1 
-0.16935 -0.985556 0 0 0.985556 -0.16935 -0 0 0 0 1 0 0 0 0 1 
-0.156434 -0.987688 0 0 0.987688 -0.156434 -0 0 0 0 1 0 0 0 0 1 
-0.143493 -0.989651 0 0 0.989651 -0.143493 -0 0 0 0 1 0 0 0 0 1 
-0.130526 -0.991445 0 0 0.991445 -0.130526 -0 0 0 0 1 0 0 0 0 1 
-0.117537 -0.993068 0 0 0.993068 -0.117537 -0 0 0 0 1 0 0 0 0 1 
-0.104528 -0.994522 0 0 0.994522 -0.104528 -0 0 0 0 1 0 0 0 0 1 
-0.0915016 -0.995805 0 0 0.995805 -0.0915016 -0 0 0 0 1 0 0 0 0 1 
-0.0784591 -0.996917 0 0 0.996917 -0.0784591 -0 0 0 0 1 0 0 0 0 1 
-0.0654031 -0.997859 0 0 0.997859 -0.0654031 -0 0 0 0 1 0 0 0 0 1 
-0.052336 -0.99863 0 0 0.99863 -0.052336 -0 0 0 0 1 0 0 0 0 1 
-0.0392598 -0.999229 0 0 0.999229 -0.0392598 -0 0 0 0 1 0 0 0 0 1 
-0.0261769 -0.999657 0 0 0.999657 -0.0261769 -0 0 0 0 1 0 0 0 0 1 
-0.0130896 -0.999914 0 0 0.999914 -0.0130896 -0 0 0 0 1 0 0 0 0 1 
-2.22045e-16 -1 0 0 1 -2.22045e-16 -0 0 0 0 1 0 0 0 0 1 
0.0130896 -0.999914 0 0 0.999914 0.0130896 -0 0 0 0 1 0 0 0 0 1 
0.0261769 -0.999657 0 0 0.999657 0.0261769 -0 0 0 0 1 0 0 0 0 1 
0.0392598 -0.999229 0 0 0.999229 0.0392598 -0 0 0 0 1 0 0 0 0 1 
0.052336 -0.99863 0 0 0.99863 0.052336 -0 0 0 0 1 0 0 0 0 1 
0.0654031 -0.997859 0 0 0.997859 0.0654031 -0 0 0 0 1 0 0 0 0 1 
0.0784591 -0.996917 0 0 0.996917 0.0784591 -0 0 0 0 1 0 0 0 0 1 
0.0915016 -0.995805 0 0 0.995805 0.0915016 -0 0 0 0 1 0 0 0 0 1 
0.104528 -0.994522 0 0 0.994522 0.104528 -0 0 0 0 1 0 0 0 0 1 
0.117537 -0.993068 0 0 0.993068 0.117537 -0 0 0 0 1 0 0 0 0 1 
0.130526 -0.991445 0 0 0.991445 0.130526 -0 0 0 0 1 0 0 0 0 1 
0.143493 -0.989651 0 0 0.989651 0.143493 -0 0 0 0 1 0 0 0 0 1 
0.156434 -0.987688 0 0 0.987688 0.156434 -0 0 0 0 1 0 0 0 0 1 
0.16935 -0.985556 0 0 0.985556 0.16935 -0 0 0 0 1 0 0 0 0 1 
0.182236 -0.983255 0 0 0.983255 0.182236 -0 0 0 0 1 0 0 0 0 1 
0.19509 -0.980785 0 0 0.980785 0.19509 -0 0 0 0 1 0 0 0 0 1 
0.207912 -0.978148 0 0 0.978148 0.207912 -0 0 0 0 1 0 0 0 0 1 
0.220697 -0.975342 0 0 0.975342 0.220697 -0 0 0 0 1 0 0 0 0 1 
0.233445 -0.97237 0 0 0.97237 0.233445 -0 0 0 0 1 0 0 0 0 1 
0.246153 -0.969231 0 0 0.969231 0.246153 -0 0 0 0 1 0 0 0 0 1 
0.258819 -0.965926 0 0 0.965926 0.258819 -0 0 0 0 1 0 0 0 0 1 
0.27144 -0.962455 0 0 0.962455 0.27144 -0 0 0 0 1 0 0 0 0 1 
0.284015 -0.95882 0 0 0.95882 0.284015 -0 0 0 0 1 0 0 0 0 1 
0.296542 -0.95502 0 0 0.95502 0.296542 -0 0 0 0 1 0 0 0 0 1 
0.309017 -0.951057 0 0 0.951057 0.309017 -0 0 0 0 1 0 0 0 0 1 
0.321439 -0.94693 0 0 0.94693 0.321439 -0 0 0 0 1 0 0 0 0 1 
0.333807 -0.942641 0 0 0.942641 0.333807 -0 0 0 0 1 0 0 0 0 1 
0.346117 -0.938191 0 0 0.938191 0.346117 -0 0 0 0 1 0 0 0 0 1 
0.358368 -0.93358 0 0 0.93358 0.358368 -0 0 0 0 1 0 0 0 0 1 
0.370557 -0.92881 0 0 0.92881 0.370557 -0 0 0 0 1 0 0 0 0 1 
0.382683 -0.92388 0 0 0.92388 0.382683 -0 0 0 0 1 0 0 0 0 1 
0.394744 -0.918791 0 0 0.918791 0.394744 -0 0 0 0 1 0 0 0 0 1 
0.406737 -0.913545 0 0 0.913545 0.406737 -0 0 0 0 1 0 0 0 0 1 
0.41866 -0.908143 0 0 0.908143 0.41866 -0 0 0 0 1 0 0 0 0 1 
0.430511 -0.902585 0 0 0.902585 0.430511 -0 0 0 0 1 0 0 0 0 1 
0.442289 -0.896873 0 0 0.896873 0.442289 -0 0 0 0 1 0 0 0 0 1 
0.45399 -0.891007 0 0 0.891007 0.45399 -0 0 0 0 1 0 0 0 0 1 
0.465615 -0.884988 0 0 0.884988 0.465615 -0 0 0 0 1 0 0 0 0 1 
0.477159 -0.878817 0 0 0.878817 0.477159 -0 0 0 0 1 0 0 0 0 1 
0.488621 -0.872496 0 0 0.872496 0.488621 -0 0 0 0 1 0 0 0 0 1 
0.5 -0.866025 0 0 0.866025 0.5 -0 0 0 0 1 0 0 0 0 1 
0.511293 -0.859406 0 0 0.859406 0.511293 -0 0 0 0 1 0 0 0 0 1 
0.522499 -0.85264 0 0 0.85264 0.522499 -0 0 0 0 1 0 0 0 0 1 
0.533615 -0.845728 0 0 0.845728 0.533615 -0 0 0 0 1 0 0 0 0 1 
0.544639 -0.838671 0 0 0.838671 0.544639 -0 0 0 0 1 0 0 0 0 1 
0.55557 -0.83147 0 0 0.83147 0.55557 -0 0 0 0 1 0 0 0 0 1 
0.566406 -0.824126 0 0 0.824126 0.566406 -0 0 0 0 1 0 0 0 0 1 
0.577145 -0.816642 0 0 0.816642 0.577145 -0 0 0 0 1 0 0 0 0 1 
0.587785 -0.809017 0 0 0.809017 0.587785 -0 0 0 0 1 0 0 0 0 1 
0.598325 -0.801254 0 0 0.801254 0.598325 -0 0 0 0 1 0 0 0 0 1 
0.608761 -0.793353 0 0 0.793353 0.608761 -0 0 0 0 1 0 0 0 0 1 
0.619094 -0.785317 0 0 0.785317 0.619094 -0 0 0 0 1 0 0 0 0 1 
0.62932 -0.777146 0 0 0.777146 0.62932 -0 0 0 0 1 0 0 0 0 1 
0.639439 -0.768842 0 0 0.768842 0.639439 -0 0 0 0 1 0 0 0 0 1 
0.649448 -0.760406 0 0 0.760406 0.649448 -0 0 0 0 1 0 0 0 0 1 
0.659346 -0.75184 0 0 0.75184 0.659346 -0 0 0 0 1 0 0 0 0 1 
0.669131 -0.743145 0 0 0.743145 0.669131 -0 0 0 0 1 0 0 0 0 1 
0.678801 -0.734323 0 0 0.734323 0.678801 -0 0 0 0 1 0 0 0 0 1 
0.688355 -0.725374 0 0 0.725374 0.688355 -0 0 0 0 1 0 0 0 0 1 
0.69779 -0.716302 0 0 0.716302 0.69779 -0 0 0 0 1 0 0 0 0 1 
0.707107 -0.707107 0 0 0.707107 0.707107 -0 0 0 0 1 0 0 0 0 1 
0.716302 -0.69779 0 0 0.69779 0.716302 -0 0 0 0 1 0 0 0 0 1 
0.725374 -0.688355 0 0 0.688355 0.725374 -0 0 0 0 1 0 0 0 0 1 
0.734323 -0.678801 0 0 0.678801 0.734323 -0 0 0 0 1 0 0 0 0 1 
0.743145 -0.669131 0 0 0.669131 0.743145 -0 0 0 0 1 0 0 0 0 1 
0.75184 -0.659346 0 0 0.659346 0.75184 -0 0 0 0 1 0 0 0 0 1 
0.760406 -0.649448 0 0 0.649448 0.760406 -0 0 0 0 1 0 0 0 0 1 
0.768842 -0.639439 0 0 0.639439 0.768842 -0 0 0 0 1 0 0 0 0 1 
0.777146 -0.62932 0 0 0.62932 0.777146 -0 0 0 0 1 0 0 0 0 1 
0.785317 -0.619094 0 0 0.619094 0.785317 -0 0 0 0 1 0 0 0 0 1 
0.793353 -0.608761 0 0 0.608761 0.793353 -0 0 0 0 1 0 0 0 0 1 
0.801254 -0.598325 0 0 0.598325 0.801254 -0 0 0 0 1 0 0 0 0 1 
0.809017 -0.587785 0 0 0.587785 0.809017 -0 0 0 0 1 0 0 0 0 1 
0.816642 -0.577145 0 0 0.577145 0.816642 -0 0 0 0 1 0 0 0 0 1 
0.824126 -0.566406 0 0 0.566406 0.824126 -0 0 0 0 1 0 0 0 0 1 
0.83147 -0.55557 0 0 0.55557 0.83147 -0 0 0 0 1 0 0 0 0 1 
0.838671 -0.544639 0 0 0.544639 0.838671 -0 0 0 0 1 0 0 0 0 1 
0.845728 -0.533615 0 0 0.533615 0.845728 -0 0 0 0 1 0 0 0 0 1 
0.85264 -0.522499 0 0 0.522499 0.85264 -0 0 0 0 1 0 0 0 0 1 
0.859406 -0.511293 0 0 0.511293 0.859406 -0 0 0 0 1 0 0 0 0 1 
0.866025 -0.5 0 0 0.5 0.866025 -0 0 0 0 1 0 0 0 0 1 
0.872496 -0.488621 0 0 0.488621 0.872496 -0 0 0 0 1 0 0 0 0 1 
0.878817 -0.477159 0 0 0.477159 0.878817 -0 0 0 0 1 0 0 0 0 1 
0.884988 -0.465615 0 0 0.465615 0.884988 -0 0 0 0 1 0 0 0 0 1 
0.891007 -0.45399 0 0 0.45399 0.891007 -0 0 0 0 1 0 0 0 0 1 
0.896873 -0.442289 0 0 0.442289 0.896873 -0 0 0 0 1 0 0 0 0 1 
0.902585 -0.430511 0 0 0.430511 0.902585 -0 0 0 0 1 0 0 0 0 1 
0.908143 -0.41866 0 0 0.41866 0.908143 -0 0 0 0 1 0 0 0 0 1 
0.913545 -0.406737 0 0 0.406737 0.913545 -0 0 0 0 1 0 0 0 0 1 
0.918791 -0.394744 0 0 0.394744 0.918791 -0 0 0 0 1 0 0 0 0 1 
0.92388 -0.382683 0 0 0.382683 0.92388 -0 0 0 0 1 0 0 0 0 1 
0.92881 -0.370557 0 0 0.370557 0.92881 -0 0 0 0 1 0 0 0 0 1 
0.93358 -0.358368 0 0 0.358368 0.93358 -0 0 0 0 1 0 0 0 0 1 
0.938191 -0.346117 0 0 0.346117 0.938191 -0 0 0 0 1 0 0 0 0 1 
0.942641 -0.333807 0 0 0.333807 0.942641 -0 0 0 0 1 0 0 0 0 1 
0.94693 -0.321439 0 0 0.321439 0.94693 -0 0 0 0 1 0 0 0 0 1 
0.951057 -0.309017 0 0 0.309017 0.951057 -0 0 0 0 1 0 0 0 0 1 
0.95502 -0.296542 0 0 0.296542 0.95502 -0 0 0 0 1 0 0 0 0 1 
0.95882 -0.284015 0 0 0.284015 0.95882 -0 0 0 0 1 0 0 0 0 1 
0.962455 -0.27144 0 0 0.27144 0.962455 -0 0 0 0 1 0 0 0 0 1 
0.965926 -0.258819 0 0 0.258819 0.965926 -0 0 0 0 1 0 0 0 0 1 
0.969231 -0.246153 0 0 0.246153 0.969231 -0 0 0 0 1 0 0 0 0 1 
0.97237 -0.233445 0 0 0.233445 0.97237 -0 0 0 0 1 0 0 0 0 1 
0.975342 -0.220697 0 0 0.220697 0.975342 -0 0 0 0 1 0 0 0 0 1 
0.978148 -0.207912 0 0 0.207912 0.978148 -0 0 0 0 1 0 0 0 0 1 
0.980785 -0.19509 0 0 0.19509 0.980785 -0 0 0 0 1 0 0 0 0 1 
0.983255 -0.182236 0 0 0.182236 0.983255 -0 0 0 0 1 0 0 0 0 1 
0.985556 -0.16935 0 0 0.16935 0.985556 -0 0 0 0 1 0 0 0 0 1 
0.987688 -0.156434 0 0 0.156434 0.987688 -0 0 0 0 1 0 0 0 0 1 
0.989651 -0.143493 0 0 0.143493 0.989651 -0 0 0 0 1 0 0 0 0 1 
0.991445 -0.130526 0 0 0.130526 0.991445 -0 0 0 0 1 0 0 0 0 1 
0.993068 -0.117537 0 0 0.117537 0.993068 -0 0 0 0 1 0 0 0 0 1 
0.994522 -0.104528 0 0 0.104528 0.994522 -0 0 0 0 1 0 0 0 0 1 
0.995805 -0.0915016 0 0 0.0915016 0.995805 -0 0 0 0 1 0 0 0 0 1 
0.996917 -0.0784591 0 0 0.0784591 0.996917 -0 0 0 0 1 0 0 0 0 1 
0.997859 -0.0654031 0 0 0.0654031 0.997859 -0 0 0 0 1 0 0 0 0 1 
0.99863 -0.052336 0 0 0.052336 0.99863 -0 0 0 0 1 0 0 0 0 1 
0.999229 -0.0392598 0 0 0.0392598 0.999229 -0 0 0 0 1 0 0 0 0 1 
0.999657 -0.0261769 0 0 0.0261769 0.999657 -0 0 0 0 1 0 0 0 0 1 
0.999914 -0.0130896 0 0 0.0130896 0.999914 -0 0 0 0 1 0 0 0 0 1 
1 -1.13311e-15 0 0 1.13311e-15 1 -0 0 0 0 1 0 0 0 0 1 
