1 -1.54856e-07 0.000262208 0.00718984 -1.54856e-07 0.999999 0.00118117 0.0323882 -0.000262208 -0.00118117 0.999999 0.0459152 0 0 0 1 
1 -6.03059e-07 0.000517441 0.0142 -6.03059e-07 0.999997 0.00233093 0.0639669 -0.000517441 -0.00233093 0.999997 0.0905706 0 0 0 1 
1 -1.32061e-06 0.000765715 0.02103 -1.32061e-06 0.999994 0.00344933 0.094734 -0.000765715 -0.00344933 0.999994 0.133972 0 0 0 1 
0.999999 -2.28422e-06 0.00100704 0.0276792 -2.28422e-06 0.99999 0.00453645 0.124687 -0.00100704 -0.00453645 0.999989 0.176125 0 0 0 1 
0.999999 -3.47132e-06 0.00124144 0.0341473 -3.47132e-06 0.999984 0.00559235 0.153824 -0.00124144 -0.00559235 0.999984 0.217034 0 0 0 1 
0.999999 -4.86004e-06 0.00146892 0.0404336 -4.86004e-06 0.999978 0.00661707 0.182142 -0.00146892 -0.00661707 0.999977 0.256706 0 0 0 1 
0.999999 -6.42918e-06 0.00168949 0.0465377 -6.42918e-06 0.999971 0.00761068 0.209639 -0.00168949 -0.00761068 0.99997 0.295143 0 0 0 1 
0.999998 -8.15824e-06 0.00190316 0.0524589 -8.15824e-06 0.999963 0.0085732 0.236312 -0.00190316 -0.0085732 0.999961 0.332351 0 0 0 1 
0.999998 -1.00274e-05 0.00210994 0.0581968 -1.00274e-05 0.999955 0.00950467 0.26216 -0.00210994 -0.00950467 0.999953 0.368334 0 0 0 1 
0.999997 -1.20174e-05 0.00230983 0.0637507 -1.20174e-05 0.999946 0.0104051 0.287179 -0.00230983 -0.0104051 0.999943 0.403095 0 0 0 1 
0.999997 -1.41097e-05 0.00250284 0.0691201 -1.41097e-05 0.999936 0.0112746 0.311366 -0.00250284 -0.0112746 0.999933 0.436637 0 0 0 1 
0.999996 -1.62866e-05 0.00268898 0.0743044 -1.62866e-05 0.999927 0.0121131 0.33472 -0.00268898 -0.0121131 0.999923 0.468964 0 0 0 1 
0.999996 -1.85305e-05 0.00286824 0.079303 -1.85305e-05 0.999917 0.0129206 0.357238 -0.00286824 -0.0129206 0.999912 0.500078 0 0 0 1 
0.999995 -2.08251e-05 0.00304063 0.0841153 -2.08251e-05 0.999906 0.0136972 0.378916 -0.00304063 -0.0136972 0.999902 0.529981 0 0 0 1 
0.999995 -2.31541e-05 0.00320615 0.0887406 -2.31541e-05 0.999896 0.0144428 0.399751 -0.00320615 -0.0144428 0.999891 0.558676 0 0 0 1 
0.999994 -2.55023e-05 0.00336479 0.0931783 -2.55023e-05 0.999885 0.0151574 0.419742 -0.00336479 -0.0151574 0.999879 0.586164 0 0 0 1 
0.999994 -2.78549e-05 0.00351656 0.0974278 -2.78549e-05 0.999875 0.0158411 0.438884 -0.00351656 -0.0158411 0.999868 0.612446 0 0 0 1 
0.999993 -3.01975e-05 0.00366144 0.101488 -3.01975e-05 0.999864 0.0164937 0.457176 -0.00366144 -0.0164937 0.999857 0.637524 0 0 0 1 
0.999993 -3.25168e-05 0.00379943 0.105359 -3.25168e-05 0.999854 0.0171153 0.474612 -0.00379943 -0.0171153 0.999846 0.661398 0 0 0 1 
0.999992 -3.47995e-05 0.00393052 0.109039 -3.47995e-05 0.999843 0.0177059 0.491192 -0.00393052 -0.0177059 0.999836 0.684068 0 0 0 1 
0.999992 -3.70335e-05 0.00405471 0.112529 -3.70335e-05 0.999833 0.0182653 0.50691 -0.00405471 -0.0182653 0.999825 0.705534 0 0 0 1 
0.999991 -3.92068e-05 0.00417198 0.115826 -3.92068e-05 0.999823 0.0187936 0.521764 -0.00417198 -0.0187936 0.999815 0.725797 0 0 0 1 
0.999991 -4.13083e-05 0.00428232 0.118931 -4.13083e-05 0.999814 0.0192906 0.535749 -0.00428232 -0.0192906 0.999805 0.744855 0 0 0 1 
0.99999 -4.33273e-05 0.00438571 0.121842 -4.33273e-05 0.999805 0.0197564 0.548864 -0.00438571 -0.0197564 0.999795 0.762706 0 0 0 1 
0.99999 -4.52538e-05 0.00448214 0.124559 -4.52538e-05 0.999796 0.0201908 0.561103 -0.00448214 -0.0201908 0.999786 0.779351 0 0 0 1 
0.99999 -4.70784e-05 0.0045716 0.127081 -4.70784e-05 0.999788 0.0205938 0.572463 -0.0045716 -0.0205938 0.999777 0.794786 0 0 0 1 
0.999989 -4.87922e-05 0.00465406 0.129407 -4.87922e-05 0.99978 0.0209652 0.58294 -0.00465406 -0.0209652 0.999769 0.809009 0 0 0 1 
0.999989 -5.0387e-05 0.00472949 0.131535 -5.0387e-05 0.999773 0.021305 0.59253 -0.00472949 -0.021305 0.999762 0.822018 0 0 0 1 
0.999988 -5.18551e-05 0.00479789 0.133466 -5.18551e-05 0.999766 0.0216131 0.601228 -0.00479789 -0.0216131 0.999755 0.833811 0 0 0 1 
0.999988 -5.31895e-05 0.00485923 0.135199 -5.31895e-05 0.99976 0.0218894 0.609032 -0.00485923 -0.0218894 0.999749 0.844383 0 0 0 1 
0.999988 -5.43838e-05 0.00491347 0.136731 -5.43838e-05 0.999755 0.0221338 0.615935 -0.00491347 -0.0221338 0.999743 0.85373 0 0 0 1 
0.999988 -5.5432e-05 0.00496059 0.138063 -5.5432e-05 0.99975 0.022346 0.621934 -0.00496059 -0.022346 0.999738 0.86185 0 0 0 1 
0.999987 -5.63291e-05 0.00500056 0.139193 -5.63291e-05 0.999746 0.0225261 0.627025 -0.00500056 -0.0225261 0.999734 0.868736 0 0 0 1 
0.999987 -5.70703e-05 0.00503335 0.14012 -5.70703e-05 0.999743 0.0226738 0.631202 -0.00503335 -0.0226738 0.99973 0.874384 0 0 0 1 
0.999987 -5.76519e-05 0.00505893 0.140844 -5.76519e-05 0.99974 0.022789 0.63446 -0.00505893 -0.022789 0.999727 0.87879 0 0 0 1 
0.999987 -5.80704e-05 0.00507725 0.141362 -5.80704e-05 0.999738 0.0228716 0.636795 -0.00507725 -0.0228716 0.999726 0.881946 0 0 0 1 
0.999987 -5.83231e-05 0.00508829 0.141674 -5.83231e-05 0.999737 0.0229213 0.638201 -0.00508829 -0.0229213 0.999724 0.883847 0 0 0 1 
0.999987 -5.84082e-05 0.005092 0.141779 -5.84082e-05 0.999737 0.022938 0.638674 -0.005092 -0.022938 0.999724 0.884486 0 0 0 1 
0.999987 -5.83243e-05 0.00508834 0.141675 -5.83243e-05 0.999737 0.0229215 0.638208 -0.00508834 -0.0229215 0.999724 0.883855 0 0 0 1 
0.999987 -5.80707e-05 0.00507727 0.141362 -5.80707e-05 0.999738 0.0228716 0.636797 -0.00507727 -0.0228716 0.999726 0.881949 0 0 0 1 
0.999987 -5.76475e-05 0.00505874 0.140838 -5.76475e-05 0.99974 0.0227882 0.634436 -0.00505874 -0.0227882 0.999728 0.878757 0 0 0 1 
0.999987 -5.70555e-05 0.0050327 0.140102 -5.70555e-05 0.999743 0.0226709 0.631118 -0.0050327 -0.0226709 0.99973 0.874272 0 0 0 1 
0.999988 -5.62962e-05 0.0049991 0.139152 -5.62962e-05 0.999746 0.0225195 0.626839 -0.0049991 -0.0225195 0.999734 0.868485 0 0 0 1 
0.999988 -5.53719e-05 0.0049579 0.137987 -5.53719e-05 0.999751 0.0223339 0.621592 -0.0049579 -0.0223339 0.999738 0.861386 0 0 0 1 
0.999988 -5.42855e-05 0.00490903 0.136606 -5.42855e-05 0.999755 0.0221138 0.61537 -0.00490903 -0.0221138 0.999743 0.852965 0 0 0 1 
0.999988 -5.30409e-05 0.00485243 0.135007 -5.30409e-05 0.999761 0.0218588 0.608167 -0.00485243 -0.0218588 0.999749 0.843212 0 0 0 1 
0.999989 -5.16427e-05 0.00478806 0.133189 -5.16427e-05 0.999767 0.0215688 0.599977 -0.00478806 -0.0215688 0.999756 0.832115 0 0 0 1 
0.999989 -5.00964e-05 0.00471584 0.13115 -5.00964e-05 0.999774 0.0212435 0.590793 -0.00471584 -0.0212435 0.999763 0.819664 0 0 0 1 
0.999989 -4.84083e-05 0.00463571 0.128889 -4.84083e-05 0.999782 0.0208826 0.580608 -0.00463571 -0.0208826 0.999771 0.805845 0 0 0 1 
0.99999 -4.65855e-05 0.00454761 0.126404 -4.65855e-05 0.99979 0.0204857 0.569415 -0.00454761 -0.0204857 0.99978 0.790646 0 0 0 1 
0.99999 -4.46362e-05 0.00445146 0.123694 -4.46362e-05 0.999799 0.0200525 0.557207 -0.00445146 -0.0200525 0.999789 0.774054 0 0 0 1 
0.999991 -4.25694e-05 0.00434718 0.120757 -4.25694e-05 0.999808 0.0195828 0.543976 -0.00434718 -0.0195828 0.999799 0.756055 0 0 0 1 
0.999991 -4.0395e-05 0.00423472 0.117591 -4.0395e-05 0.999818 0.0190762 0.529715 -0.00423472 -0.0190762 0.999809 0.736634 0 0 0 1 
0.999992 -3.81242e-05 0.00411398 0.114195 -3.81242e-05 0.999828 0.0185323 0.514416 -0.00411398 -0.0185323 0.99982 0.715776 0 0 0 1 
0.999992 -3.57688e-05 0.00398488 0.110566 -3.57688e-05 0.999839 0.0179508 0.49807 -0.00398488 -0.0179508 0.999831 0.693465 0 0 0 1 
0.999993 -3.33421e-05 0.00384734 0.106704 -3.33421e-05 0.99985 0.0173312 0.48067 -0.00384734 -0.0173312 0.999842 0.669685 0 0 0 1 
0.999993 -3.08583e-05 0.00370128 0.102605 -3.08583e-05 0.999861 0.0166732 0.462208 -0.00370128 -0.0166732 0.999854 0.644417 0 0 0 1 
0.999994 -2.83327e-05 0.00354659 0.0982692 -2.83327e-05 0.999872 0.0159764 0.442675 -0.00354659 -0.0159764 0.999866 0.617645 0 0 0 1 
0.999994 -2.5782e-05 0.00338319 0.0936932 -2.5782e-05 0.999884 0.0152403 0.422061 -0.00338319 -0.0152403 0.999878 0.58935 0 0 0 1 
0.999995 -2.32239e-05 0.00321097 0.0888755 -2.32239e-05 0.999895 0.0144645 0.400359 -0.00321097 -0.0144645 0.99989 0.559511 0 0 0 1 
0.999995 -2.05775e-05 0.00302251 0.0836091 -2.05775e-05 0.999907 0.0136155 0.376635 -0.00302251 -0.0136155 0.999903 0.526838 0 0 0 1 
0.999996 -1.78145e-05 0.00281228 0.0777421 -1.78145e-05 0.99992 0.0126685 0.350206 -0.00281228 -0.0126685 0.999916 0.490367 0 0 0 1 
0.999997 -1.50163e-05 0.00258199 0.0713239 -1.50163e-05 0.999932 0.0116312 0.321294 -0.00258199 -0.0116312 0.999929 0.450386 0 0 0 1 
0.999997 -1.22785e-05 0.00233479 0.0644448 -1.22785e-05 0.999945 0.0105176 0.290305 -0.00233479 -0.0105176 0.999942 0.407434 0 0 0 1 
0.999998 -9.66454e-06 0.00207141 0.0571272 -9.66454e-06 0.999956 0.00933113 0.257342 -0.00207141 -0.00933113 0.999954 0.361632 0 0 0 1 
0.999998 -7.25008e-06 0.00179411 0.0494359 -7.25008e-06 0.999967 0.00808195 0.222695 -0.00179411 -0.00808195 0.999966 0.313365 0 0 0 1 
0.999999 -5.09569e-06 0.00150411 0.0414069 -5.09569e-06 0.999977 0.0067756 0.186526 -0.00150411 -0.0067756 0.999976 0.26284 0 0 0 1 
0.999999 -3.25564e-06 0.00120226 0.0330653 -3.25564e-06 0.999985 0.00541583 0.14895 -0.00120226 -0.00541583 0.999985 0.210198 0 0 0 1 
1 -1.78361e-06 0.000889877 0.0244497 -1.78361e-06 0.999992 0.00400864 0.110139 -0.000889877 -0.00400864 0.999992 0.155663 0 0 0 1 
1 -7.25686e-07 0.000567617 0.0155794 -7.25686e-07 0.999997 0.00255695 0.070181 -0.000567617 -0.00255695 0.999997 0.0993448 0 0 0 1 
1 -1.25154e-07 0.000235724 0.00646309 -1.25154e-07 0.999999 0.00106187 0.0291144 -0.000235724 -0.00106187 0.999999 0.0412794 0 0 0 1 
1 -2.44703e-08 -0.000104232 -0.00285473 -2.44703e-08 1 -0.000469535 -0.0128598 0.000104232 0.000469535 1 -0.0182632 0 0 0 1 
1 -4.61947e-07 -0.000452874 -0.0123896 -4.61947e-07 0.999998 -0.00204007 -0.0558116 0.000452874 0.00204007 0.999998 -0.0793972 0 0 0 1 
1 -1.47386e-06 -0.000808926 -0.0221051 -1.47386e-06 0.999993 -0.00364398 -0.0995774 0.000808926 0.00364398 0.999993 -0.141904 0 0 0 1 
0.999999 -3.09945e-06 -0.00117306 -0.0320184 -3.09945e-06 0.999986 -0.00528432 -0.144234 0.00117306 0.00528432 0.999985 -0.205906 0 0 0 1 
0.999999 -5.38038e-06 -0.00154556 -0.042135 -5.38038e-06 0.999976 -0.00696229 -0.189806 0.00154556 0.00696229 0.999975 -0.271457 0 0 0 1 
0.999998 -8.35116e-06 -0.00192553 -0.0524298 -8.35116e-06 0.999962 -0.00867397 -0.236181 0.00192553 0.00867397 0.999961 -0.338408 0 0 0 1 
0.999997 -1.20534e-05 -0.00231329 -0.0629093 -1.20534e-05 0.999946 -0.0104207 -0.283389 0.00231329 0.0104207 0.999943 -0.406818 0 0 0 1 
0.999996 -1.6532e-05 -0.00270917 -0.0735813 -1.6532e-05 0.999926 -0.012204 -0.331463 0.00270917 0.012204 0.999922 -0.476751 0 0 0 1 
0.999995 -2.18289e-05 -0.00311305 -0.0844406 -2.18289e-05 0.999902 -0.0140234 -0.380381 0.00311305 0.0140234 0.999897 -0.548191 0 0 0 1 
0.999994 -2.80019e-05 -0.00352583 -0.0955095 -2.80019e-05 0.999874 -0.0158828 -0.430243 0.00352583 0.0158828 0.999868 -0.621303 0 0 0 1 
0.999992 -3.50816e-05 -0.00394642 -0.106757 -3.50816e-05 0.999842 -0.0177775 -0.480911 0.00394642 0.0177775 0.999834 -0.695902 0 0 0 1 
0.99999 -4.31401e-05 -0.00437623 -0.11822 -4.31401e-05 0.999806 -0.0197137 -0.532545 0.00437623 0.0197137 0.999796 -0.772242 0 0 0 1 
0.999988 -5.22199e-05 -0.00481474 -0.12988 -5.22199e-05 0.999765 -0.021689 -0.585075 0.00481474 0.021689 0.999753 -0.850239 0 0 0 1 
0.999986 -6.23809e-05 -0.00526229 -0.141747 -6.23809e-05 0.999719 -0.0237051 -0.638531 0.00526229 0.0237051 0.999705 -0.929961 0 0 0 1 
0.999984 -7.36904e-05 -0.00571938 -0.15383 -7.36904e-05 0.999668 -0.0257642 -0.692962 0.00571938 0.0257642 0.999652 -1.0115 0 0 0 1 
0.999981 -8.62146e-05 -0.00618625 -0.166134 -8.62146e-05 0.999612 -0.0278673 -0.748388 0.00618625 0.0278673 0.999592 -1.09491 0 0 0 1 
0.999978 -9.99823e-05 -0.0066618 -0.178628 -9.99823e-05 0.99955 -0.0300095 -0.804667 0.0066618 0.0300095 0.999527 -1.18 0 0 0 1 
0.999974 -0.000115106 -0.00714777 -0.191354 -0.000115106 0.999481 -0.0321987 -0.861994 0.00714777 0.0321987 0.999456 -1.2671 0 0 0 1 
0.999971 -0.000131607 -0.00764281 -0.204275 -0.000131607 0.999407 -0.0344287 -0.920201 0.00764281 0.0344287 0.999378 -1.35596 0 0 0 1 
0.999967 -0.000149578 -0.00814776 -0.21741 -0.000149578 0.999326 -0.0367033 -0.979372 0.00814776 0.0367033 0.999293 -1.44675 0 0 0 1 
0.999962 -0.00016905 -0.00866169 -0.230734 -0.00016905 0.999238 -0.0390185 -1.03939 0.00866169 0.0390185 0.999201 -1.5393 0 0 0 1 
0.999958 -0.000190109 -0.00918512 -0.244255 -0.000190109 0.999144 -0.0413764 -1.1003 0.00918512 0.0413764 0.999101 -1.63373 0 0 0 1 
0.999953 -0.000212821 -0.00971805 -0.257973 -0.000212821 0.999041 -0.043777 -1.16209 0.00971805 0.043777 0.998994 -1.73003 0 0 0 1 
0.999947 -0.000237216 -0.0102596 -0.271862 -0.000237216 0.998931 -0.0462167 -1.22466 0.0102596 0.0462167 0.998879 -1.82807 0 0 0 1 
0.999942 -0.00026335 -0.0108097 -0.285915 -0.00026335 0.998814 -0.0486945 -1.28797 0.0108097 0.0486945 0.998755 -1.92781 0 0 0 1 
0.999935 -0.000291274 -0.011368 -0.300125 -0.000291274 0.998688 -0.0512095 -1.35198 0.011368 0.0512095 0.998623 -2.02923 0 0 0 1 
0.999929 -0.00032102 -0.0119339 -0.314474 -0.00032102 0.998554 -0.0537588 -1.41661 0.0119339 0.0537588 0.998483 -2.13223 0 0 0 1 
0.999922 -0.000352617 -0.012507 -0.328945 -0.000352617 0.998412 -0.0563403 -1.48181 0.012507 0.0563403 0.998333 -2.23672 0 0 0 1 
0.999914 -0.000386115 -0.013087 -0.343535 -0.000386115 0.998261 -0.0589534 -1.54753 0.013087 0.0589534 0.998175 -2.34267 0 0 0 1 
0.999906 -0.000421502 -0.013673 -0.358214 -0.000421502 0.998101 -0.0615931 -1.61365 0.013673 0.0615931 0.998008 -2.44992 0 0 0 1 
0.999898 -0.000458784 -0.0142643 -0.372962 -0.000458784 0.997933 -0.0642566 -1.68009 0.0142643 0.0642566 0.997831 -2.55832 0 0 0 1 
0.999889 -0.00049796 -0.0148601 -0.387764 -0.00049796 0.997757 -0.0669407 -1.74676 0.0148601 0.0669407 0.997646 -2.66778 0 0 0 1 
0.99988 -0.000539027 -0.01546 -0.402602 -0.000539027 0.997572 -0.0696429 -1.81361 0.01546 0.0696429 0.997452 -2.77819 0 0 0 1 
0.999871 -0.000581964 -0.0160631 -0.417456 -0.000581964 0.997378 -0.0723599 -1.88052 0.0160631 0.0723599 0.997249 -2.88941 0 0 0 1 
0.999861 -0.000626682 -0.016668 -0.432288 -0.000626682 0.997177 -0.0750845 -1.94733 0.016668 0.0750845 0.997038 -3.00116 0 0 0 1 
0.999851 -0.000673197 -0.0172745 -0.447097 -0.000673197 0.996967 -0.0778169 -2.01405 0.0172745 0.0778169 0.996818 -3.11344 0 0 0 1 
0.99984 -0.000721387 -0.0178811 -0.461842 -0.000721387 0.99675 -0.0805494 -2.08047 0.0178811 0.0805494 0.99659 -3.22595 0 0 0 1 
0.999829 -0.000771212 -0.0184872 -0.47651 -0.000771212 0.996526 -0.0832797 -2.14654 0.0184872 0.0832797 0.996355 -3.33859 0 0 0 1 
0.999817 -0.000822544 -0.0190914 -0.491067 -0.000822544 0.996295 -0.0860014 -2.21212 0.0190914 0.0860014 0.996112 -3.45108 0 0 0 1 
0.999806 -0.000875305 -0.019693 -0.505496 -0.000875305 0.996057 -0.0887113 -2.27712 0.019693 0.0887113 0.995863 -3.56329 0 0 0 1 
0.999794 -0.000929375 -0.0202908 -0.519772 -0.000929375 0.995813 -0.0914043 -2.34143 0.0202908 0.0914043 0.995607 -3.67503 0 0 0 1 
0.999781 -0.000984613 -0.0208837 -0.533869 -0.000984613 0.995565 -0.0940753 -2.40493 0.0208837 0.0940753 0.995346 -3.78605 0 0 0 1 
0.999769 -0.00104087 -0.0214707 -0.547761 -0.00104087 0.995311 -0.0967192 -2.46751 0.0214707 0.0967192 0.99508 -3.89616 0 0 0 1 
0.999756 -0.001098 -0.0220505 -0.561425 -0.001098 0.995054 -0.0993312 -2.52906 0.0220505 0.0993312 0.99481 -4.00514 0 0 0 1 
0.999743 -0.00115582 -0.0226221 -0.574837 -0.00115582 0.994793 -0.101906 -2.58948 0.0226221 0.101906 0.994537 -4.11277 0 0 0 1 
0.99973 -0.00121415 -0.0231843 -0.587971 -0.00121415 0.994531 -0.104439 -2.64864 0.0231843 0.104439 0.994261 -4.2188 0 0 0 1 
0.999717 -0.00127282 -0.0237362 -0.600811 -0.00127282 0.994266 -0.106925 -2.70648 0.0237362 0.106925 0.993984 -4.32309 0 0 0 1 
0.999704 -0.00133161 -0.0242765 -0.613327 -0.00133161 0.994001 -0.109359 -2.76286 0.0242765 0.109359 0.993706 -4.42536 0 0 0 1 
0.999691 -0.00139032 -0.0248041 -0.6255 -0.00139032 0.993737 -0.111736 -2.8177 0.0248041 0.111736 0.993428 -4.5254 0 0 0 1 
0.999678 -0.00145061 -0.0253344 -0.637684 -0.00145061 0.993465 -0.114124 -2.87258 0.0253344 0.114124 0.993143 -4.6261 0 0 0 1 
0.999664 -0.00151429 -0.0258826 -0.650225 -0.00151429 0.993179 -0.116594 -2.92908 0.0258826 0.116594 0.992842 -4.73037 0 0 0 1 
0.999649 -0.00158139 -0.0264477 -0.663098 -0.00158139 0.992876 -0.119139 -2.98707 0.0264477 0.119139 0.992525 -4.83807 0 0 0 1 
0.999633 -0.0016519 -0.0270286 -0.676272 -0.0016519 0.992559 -0.121756 -3.04641 0.0270286 0.121756 0.992192 -4.94897 0 0 0 1 
0.999617 -0.00172587 -0.0276247 -0.689727 -0.00172587 0.992225 -0.124442 -3.10703 0.0276247 0.124442 0.991842 -5.06298 0 0 0 1 
0.9996 -0.00180327 -0.0282347 -0.70343 -0.00180327 0.991877 -0.127189 -3.16875 0.0282347 0.127189 0.991476 -5.17987 0 0 0 1 
0.999582 -0.0018841 -0.0288579 -0.717358 -0.0018841 0.991513 -0.129996 -3.2315 0.0288579 0.129996 0.991094 -5.2995 0 0 0 1 
0.999563 -0.00196833 -0.0294929 -0.731482 -0.00196833 0.991133 -0.132857 -3.29512 0.0294929 0.132857 0.990696 -5.42166 0 0 0 1 
0.999544 -0.00205596 -0.0301391 -0.745778 -0.00205596 0.990739 -0.135768 -3.35952 0.0301391 0.135768 0.990282 -5.54621 0 0 0 1 
0.999523 -0.00214692 -0.0307953 -0.760219 -0.00214692 0.990329 -0.138724 -3.42457 0.0307953 0.138724 0.989852 -5.67295 0 0 0 1 
0.999502 -0.0022412 -0.0314607 -0.774782 -0.0022412 0.989904 -0.141721 -3.49017 0.0314607 0.141721 0.989407 -5.80172 0 0 0 1 
0.999481 -0.00233874 -0.0321343 -0.789443 -0.00233874 0.989465 -0.144756 -3.55622 0.0321343 0.144756 0.988945 -5.93236 0 0 0 1 
0.999458 -0.00243944 -0.0328149 -0.804174 -0.00243944 0.989011 -0.147822 -3.62258 0.0328149 0.147822 0.988469 -6.06464 0 0 0 1 
0.999435 -0.00254327 -0.0335018 -0.818956 -0.00254327 0.988543 -0.150916 -3.68916 0.0335018 0.150916 0.987979 -6.19842 0 0 0 1 
0.999412 -0.00265012 -0.034194 -0.833764 -0.00265012 0.988062 -0.154034 -3.75587 0.034194 0.154034 0.987474 -6.33351 0 0 0 1 
0.999387 -0.00275988 -0.0348903 -0.848574 -0.00275988 0.987568 -0.157171 -3.82259 0.0348903 0.157171 0.986955 -6.46972 0 0 0 1 
0.999362 -0.00287245 -0.03559 -0.863365 -0.00287245 0.98706 -0.160323 -3.88922 0.03559 0.160323 0.986423 -6.60687 0 0 0 1 
0.999337 -0.00298769 -0.036292 -0.878116 -0.00298769 0.986541 -0.163485 -3.95566 0.036292 0.163485 0.985878 -6.74477 0 0 0 1 
0.999311 -0.0031055 -0.0369954 -0.892806 -0.0031055 0.986011 -0.166654 -4.02184 0.0369954 0.166654 0.985321 -6.88325 0 0 0 1 
0.999284 -0.00322571 -0.0376992 -0.907414 -0.00322571 0.985469 -0.169824 -4.08764 0.0376992 0.169824 0.984753 -7.02212 0 0 0 1 
0.999257 -0.00334819 -0.0384026 -0.921923 -0.00334819 0.984917 -0.172993 -4.153 0.0384026 0.172993 0.984174 -7.16121 0 0 0 1 
0.999229 -0.00347273 -0.0391045 -0.93631 -0.00347273 0.984356 -0.176155 -4.21781 0.0391045 0.176155 0.983585 -7.3003 0 0 0 1 
0.999201 -0.0035992 -0.0398042 -0.950561 -0.0035992 0.983787 -0.179307 -4.28201 0.0398042 0.179307 0.982988 -7.43926 0 0 0 1 
0.999173 -0.00372738 -0.0405006 -0.964656 -0.00372738 0.983209 -0.182444 -4.3455 0.0405006 0.182444 0.982382 -7.57786 0 0 0 1 
0.999144 -0.00385709 -0.0411929 -0.978578 -0.00385709 0.982625 -0.185562 -4.40822 0.0411929 0.185562 0.981769 -7.71593 0 0 0 1 
0.999115 -0.0039881 -0.0418801 -0.992311 -0.0039881 0.982035 -0.188658 -4.47008 0.0418801 0.188658 0.981149 -7.85328 0 0 0 1 
0.999085 -0.00412019 -0.0425613 -1.00584 -0.00412019 0.98144 -0.191727 -4.53101 0.0425613 0.191727 0.980525 -7.98973 0 0 0 1 
0.999056 -0.00425314 -0.0432357 -1.01914 -0.00425314 0.980841 -0.194765 -4.59095 0.0432357 0.194765 0.979897 -8.12509 0 0 0 1 
0.999026 -0.00438672 -0.0439024 -1.03221 -0.00438672 0.980239 -0.197768 -4.64983 0.0439024 0.197768 0.979265 -8.25919 0 0 0 1 
0.998996 -0.00452069 -0.0445606 -1.04504 -0.00452069 0.979636 -0.200733 -4.7076 0.0445606 0.200733 0.978632 -8.39184 0 0 0 1 
0.998967 -0.00465475 -0.0452093 -1.0576 -0.00465475 0.979032 -0.203655 -4.76417 0.0452093 0.203655 0.977998 -8.52284 0 0 0 1 
0.998937 -0.0047887 -0.0458478 -1.06988 -0.0047887 0.978428 -0.206531 -4.81951 0.0458478 0.206531 0.977365 -8.65205 0 0 0 1 
0.998907 -0.00492222 -0.0464752 -1.08188 -0.00492222 0.977827 -0.209357 -4.87354 0.0464752 0.209357 0.976734 -8.77924 0 0 0 1 
0.998878 -0.00505505 -0.0470906 -1.09357 -0.00505505 0.977228 -0.21213 -4.92623 0.0470906 0.21213 0.976106 -8.90426 0 0 0 1 
0.998849 -0.00518689 -0.0476932 -1.10495 -0.00518689 0.976635 -0.214844 -4.9775 0.0476932 0.214844 0.975483 -9.02691 0 0 0 1 
0.99882 -0.00531745 -0.0482822 -1.11601 -0.00531745 0.976046 -0.217498 -5.02732 0.0482822 0.217498 0.974866 -9.14699 0 0 0 1 
0.998791 -0.00544645 -0.0488568 -1.12674 -0.00544645 0.975465 -0.220086 -5.07564 0.0488568 0.220086 0.974256 -9.26436 0 0 0 1 
0.998763 -0.00557357 -0.0494161 -1.13712 -0.00557357 0.974893 -0.222606 -5.1224 0.0494161 0.222606 0.973655 -9.37881 0 0 0 1 
0.998735 -0.00569853 -0.0499595 -1.14715 -0.00569853 0.97433 -0.225053 -5.16757 0.0499595 0.225053 0.973065 -9.49019 0 0 0 1 
0.998708 -0.00582097 -0.050486 -1.15681 -0.00582097 0.973778 -0.227425 -5.2111 0.050486 0.227425 0.972486 -9.59827 0 0 0 1 
0.998681 -0.00594062 -0.0509949 -1.1661 -0.00594062 0.973239 -0.229718 -5.25295 0.0509949 0.229718 0.97192 -9.70293 0 0 0 1 
0.998655 -0.00605714 -0.0514854 -1.17501 -0.00605714 0.972714 -0.231927 -5.29307 0.0514854 0.231927 0.97137 -9.80394 0 0 0 1 
0.99863 -0.00617021 -0.0519567 -1.18352 -0.00617021 0.972205 -0.23405 -5.33143 0.0519567 0.23405 0.970835 -9.90115 0 0 0 1 
0.998606 -0.00627951 -0.052408 -1.19163 -0.00627951 0.971713 -0.236083 -5.36798 0.052408 0.236083 0.970319 -9.99436 0 0 0 1 
0.998583 -0.00638454 -0.0528378 -1.19933 -0.00638454 0.971239 -0.238019 -5.40262 0.0528378 0.238019 0.969822 -10.0833 0 0 0 1 
0.99856 -0.00648543 -0.0532472 -1.20662 -0.00648543 0.970785 -0.239863 -5.43547 0.0532472 0.239863 0.969345 -10.168 0 0 0 1 
0.998539 -0.00658153 -0.0536341 -1.21348 -0.00658153 0.970352 -0.241606 -5.46639 0.0536341 0.241606 0.968891 -10.2483 0 0 0 1 
0.998519 -0.00667242 -0.0539972 -1.2199 -0.00667242 0.969943 -0.243242 -5.49528 0.0539972 0.243242 0.968461 -10.3237 0 0 0 1 
0.9985 -0.00675797 -0.0543367 -1.22587 -0.00675797 0.969557 -0.244771 -5.52219 0.0543367 0.244771 0.968057 -10.3942 0 0 0 1 
0.998482 -0.00683776 -0.0546513 -1.23139 -0.00683776 0.969198 -0.246189 -5.54704 0.0546513 0.246189 0.96768 -10.4597 0 0 0 1 
0.998466 -0.00691134 -0.0549397 -1.23643 -0.00691134 0.968866 -0.247488 -5.56975 0.0549397 0.247488 0.967332 -10.5197 0 0 0 1 
0.998451 -0.00697897 -0.0552034 -1.24102 -0.00697897 0.968562 -0.248676 -5.59044 0.0552034 0.248676 0.967012 -10.5747 0 0 0 1 
0.998437 -0.00703955 -0.0554384 -1.2451 -0.00703955 0.968289 -0.249734 -5.60883 0.0554384 0.249734 0.966726 -10.6237 0 0 0 1 
0.998425 -0.0070933 -0.0556461 -1.2487 -0.0070933 0.968047 -0.25067 -5.62505 0.0556461 0.25067 0.966472 -10.667 0 0 0 1 
0.998415 -0.00713983 -0.0558251 -1.2518 -0.00713983 0.967837 -0.251476 -5.639 0.0558251 0.251476 0.966252 -10.7044 0 0 0 1 
0.998406 -0.00717837 -0.055973 -1.25435 -0.00717837 0.967663 -0.252143 -5.6505 0.055973 0.252143 0.96607 -10.7353 0 0 0 1 
0.9984 -0.0072092 -0.056091 -1.25639 -0.0072092 0.967525 -0.252674 -5.65966 0.056091 0.252674 0.965924 -10.76 0 0 0 1 
0.998395 -0.00723192 -0.0561778 -1.25788 -0.00723192 0.967422 -0.253065 -5.66639 0.0561778 0.253065 0.965817 -10.7781 0 0 0 1 
0.998391 -0.00724645 -0.0562332 -1.25883 -0.00724645 0.967357 -0.253315 -5.67068 0.0562332 0.253315 0.965748 -10.7897 0 0 0 1 
0.99839 -0.00725176 -0.0562534 -1.25918 -0.00725176 0.967333 -0.253406 -5.67225 0.0562534 0.253406 0.965723 -10.7939 0 0 0 1 
0.99839 -0.00725037 -0.0562482 -1.25909 -0.00725037 0.967339 -0.253382 -5.67184 0.0562482 0.253382 0.96573 -10.7928 0 0 0 1 
0.998392 -0.00724487 -0.0562272 -1.25873 -0.00724487 0.967364 -0.253288 -5.67022 0.0562272 0.253288 0.965756 -10.7885 0 0 0 1 
0.998394 -0.0072349 -0.0561892 -1.25807 -0.0072349 0.967409 -0.253116 -5.66727 0.0561892 0.253116 0.965803 -10.7805 0 0 0 1 
0.998397 -0.00722075 -0.0561352 -1.25715 -0.00722075 0.967473 -0.252873 -5.66308 0.0561352 0.252873 0.96587 -10.7692 0 0 0 1 
0.998401 -0.00720279 -0.0560665 -1.25596 -0.00720279 0.967553 -0.252564 -5.65776 0.0560665 0.252564 0.965955 -10.7548 0 0 0 1 
0.998406 -0.00718066 -0.0559818 -1.2545 -0.00718066 0.967653 -0.252182 -5.65118 0.0559818 0.252182 0.966059 -10.7371 0 0 0 1 
0.998412 -0.00715502 -0.0558835 -1.25281 -0.00715502 0.967769 -0.251739 -5.64354 0.0558835 0.251739 0.96618 -10.7166 0 0 0 1 
0.998418 -0.00712558 -0.0557704 -1.25085 -0.00712558 0.967901 -0.25123 -5.63473 0.0557704 0.25123 0.966319 -10.693 0 0 0 1 
0.998425 -0.00709301 -0.0556449 -1.24868 -0.00709301 0.968048 -0.250665 -5.62496 0.0556449 0.250665 0.966473 -10.6668 0 0 0 1 
0.998433 -0.00705698 -0.0555058 -1.24627 -0.00705698 0.96821 -0.250038 -5.6141 0.0555058 0.250038 0.966644 -10.6377 0 0 0 1 
0.998442 -0.00701821 -0.0553557 -1.24367 -0.00701821 0.968385 -0.249362 -5.60237 0.0553557 0.249362 0.966827 -10.6064 0 0 0 1 
0.998451 -0.00697637 -0.0551932 -1.24084 -0.00697637 0.968573 -0.24863 -5.58965 0.0551932 0.24863 0.967025 -10.5725 0 0 0 1 
0.998461 -0.0069318 -0.0550196 -1.23782 -0.0069318 0.968774 -0.247848 -5.57603 0.0550196 0.247848 0.967235 -10.5364 0 0 0 1 
0.998472 -0.00688491 -0.0548363 -1.23462 -0.00688491 0.968985 -0.247022 -5.56161 0.0548363 0.247022 0.967457 -10.4982 0 0 0 1 
0.998483 -0.00683534 -0.0546418 -1.23122 -0.00683534 0.969209 -0.246146 -5.54629 0.0546418 0.246146 0.967691 -10.4577 0 0 0 1 
0.998494 -0.00678381 -0.0544388 -1.22766 -0.00678381 0.969441 -0.245231 -5.53027 0.0544388 0.245231 0.967935 -10.4154 0 0 0 1 
0.998506 -0.00673001 -0.054226 -1.22392 -0.00673001 0.969683 -0.244273 -5.51343 0.054226 0.244273 0.968189 -10.3712 0 0 0 1 
0.998518 -0.00667463 -0.054006 -1.22005 -0.00667463 0.969933 -0.243282 -5.49598 0.054006 0.243282 0.968451 -10.3255 0 0 0 1 
0.998531 -0.00661734 -0.0537775 -1.21602 -0.00661734 0.970191 -0.242252 -5.47781 0.0537775 0.242252 0.968722 -10.278 0 0 0 1 
0.998544 -0.00655886 -0.053543 -1.21187 -0.00655886 0.970454 -0.241196 -5.45913 0.053543 0.241196 0.968998 -10.2294 0 0 0 1 
0.998557 -0.00649884 -0.0533014 -1.20758 -0.00649884 0.970725 -0.240107 -5.43981 0.0533014 0.240107 0.969282 -10.1793 0 0 0 1 
0.998571 -0.00643765 -0.0530537 -1.20318 -0.00643765 0.971 -0.238992 -5.41997 0.0530537 0.238992 0.969571 -10.128 0 0 0 1 
0.998585 -0.00637563 -0.0528014 -1.19868 -0.00637563 0.97128 -0.237856 -5.3997 0.0528014 0.237856 0.969864 -10.0757 0 0 0 1 
0.998599 -0.00631244 -0.0525431 -1.19406 -0.00631244 0.971564 -0.236692 -5.37889 0.0525431 0.236692 0.970163 -10.0223 0 0 0 1 
0.998613 -0.00624867 -0.052281 -1.18936 -0.00624867 0.971852 -0.235511 -5.35771 0.052281 0.235511 0.970464 -9.96813 0 0 0 1 
0.998627 -0.00618437 -0.0520154 -1.18458 -0.00618437 0.972141 -0.234315 -5.33619 0.0520154 0.234315 0.970768 -9.91327 0 0 0 1 
0.998642 -0.00611963 -0.0517464 -1.17973 -0.00611963 0.972433 -0.233103 -5.31434 0.0517464 0.233103 0.971074 -9.85776 0 0 0 1 
0.998656 -0.00605462 -0.0514749 -1.17482 -0.00605462 0.972726 -0.23188 -5.29221 0.0514749 0.23188 0.971382 -9.80177 0 0 0 1 
0.99867 -0.00598949 -0.0512012 -1.16985 -0.00598949 0.973019 -0.230647 -5.26985 0.0512012 0.230647 0.971689 -9.7454 0 0 0 1 
0.998685 -0.00592437 -0.0509261 -1.16485 -0.00592437 0.973312 -0.229408 -5.2473 0.0509261 0.229408 0.971997 -9.68877 0 0 0 1 
0.998699 -0.0058594 -0.05065 -1.15981 -0.0058594 0.973605 -0.228164 -5.22461 0.05065 0.228164 0.972304 -9.63199 0 0 0 1 
0.998714 -0.00579469 -0.0503735 -1.15475 -0.00579469 0.973897 -0.226918 -5.20182 0.0503735 0.226918 0.97261 -9.57516 0 0 0 1 
0.998728 -0.00573039 -0.0500971 -1.14968 -0.00573039 0.974186 -0.225673 -5.17897 0.0500971 0.225673 0.972914 -9.51841 0 0 0 1 
0.998742 -0.00566661 -0.0498213 -1.1446 -0.00566661 0.974474 -0.224431 -5.15611 0.0498213 0.224431 0.973216 -9.46185 0 0 0 1 
0.998756 -0.00560354 -0.049547 -1.13954 -0.00560354 0.974758 -0.223195 -5.1333 0.049547 0.223195 0.973514 -9.40562 0 0 0 1 
0.99877 -0.00554121 -0.0492744 -1.13449 -0.00554121 0.975038 -0.221967 -5.11058 0.0492744 0.221967 0.973808 -9.34979 0 0 0 1 
0.998784 -0.00547982 -0.0490043 -1.12948 -0.00547982 0.975315 -0.22075 -5.08799 0.0490043 0.22075 0.974098 -9.29452 0 0 0 1 
0.998797 -0.00541947 -0.0487372 -1.12451 -0.00541947 0.975587 -0.219547 -5.0656 0.0487372 0.219547 0.974384 -9.23991 0 0 0 1 
0.99881 -0.00536031 -0.0484739 -1.1196 -0.00536031 0.975853 -0.218361 -5.04347 0.0484739 0.218361 0.974663 -9.18612 0 0 0 1 
0.998823 -0.00530246 -0.0482149 -1.11475 -0.00530246 0.976114 -0.217195 -5.02165 0.0482149 0.217195 0.974937 -9.13327 0 0 0 1 
0.998835 -0.00524603 -0.0479609 -1.10999 -0.00524603 0.976368 -0.21605 -5.00018 0.0479609 0.21605 0.975204 -9.08146 0 0 0 1 
0.998848 -0.00519118 -0.0477127 -1.10532 -0.00519118 0.976615 -0.214932 -4.97916 0.0477127 0.214932 0.975463 -9.03087 0 0 0 1 
0.998859 -0.00513806 -0.0474709 -1.10076 -0.00513806 0.976855 -0.213843 -4.95863 0.0474709 0.213843 0.975714 -8.98164 0 0 0 1 
0.998871 -0.00508684 -0.0472366 -1.09634 -0.00508684 0.977085 -0.212788 -4.93868 0.0472366 0.212788 0.975956 -8.93396 0 0 0 1 
0.998882 -0.0050376 -0.0470102 -1.09205 -0.0050376 0.977307 -0.211768 -4.91937 0.0470102 0.211768 0.976189 -8.88792 0 0 0 1 
0.998892 -0.00499057 -0.0467929 -1.08792 -0.00499057 0.977519 -0.210789 -4.90078 0.0467929 0.210789 0.976411 -8.84376 0 0 0 1 
0.998902 -0.0049459 -0.0465855 -1.08398 -0.0049459 0.97772 -0.209854 -4.88301 0.0465855 0.209854 0.976622 -8.80164 0 0 0 1 
0.998911 -0.00490378 -0.046389 -1.08023 -0.00490378 0.97791 -0.208969 -4.86614 0.046389 0.208969 0.976821 -8.76177 0 0 0 1 
0.99892 -0.00486439 -0.0462046 -1.07671 -0.00486439 0.978087 -0.208138 -4.85028 0.0462046 0.208138 0.977007 -8.72435 0 0 0 1 
0.998928 -0.00482794 -0.0460331 -1.07343 -0.00482794 0.978252 -0.207366 -4.8355 0.0460331 0.207366 0.97718 -8.68959 0 0 0 1 
0.998936 -0.00479465 -0.045876 -1.07042 -0.00479465 0.978401 -0.206658 -4.82194 0.045876 0.206658 0.977337 -8.65775 0 0 0 1 
0.998942 -0.00476475 -0.0457343 -1.0677 -0.00476475 0.978536 -0.20602 -4.8097 0.0457343 0.20602 0.977478 -8.62907 0 0 0 1 
0.998948 -0.00473854 -0.0456098 -1.06531 -0.00473854 0.978654 -0.205459 -4.79892 0.0456098 0.205459 0.977602 -8.60386 0 0 0 1 
0.998953 -0.00471623 -0.0455035 -1.06327 -0.00471623 0.978755 -0.20498 -4.78971 0.0455035 0.20498 0.977708 -8.58235 0 0 0 1 
0.998957 -0.00469814 -0.0454171 -1.0616 -0.00469814 0.978836 -0.204591 -4.78222 0.0454171 0.204591 0.977793 -8.56488 0 0 0 1 
0.99896 -0.0046846 -0.0453524 -1.06036 -0.0046846 0.978897 -0.2043 -4.7766 0.0453524 0.2043 0.977857 -8.55178 0 0 0 1 
0.998962 -0.00467598 -0.0453111 -1.05956 -0.00467598 0.978936 -0.204114 -4.77301 0.0453111 0.204114 0.977898 -8.54342 0 0 0 1 
0.998963 -0.00467261 -0.0452949 -1.05925 -0.00467261 0.978951 -0.204041 -4.77161 0.0452949 0.204041 0.977914 -8.54016 0 0 0 1 
0.998962 -0.00467492 -0.045306 -1.05946 -0.00467492 0.978941 -0.204091 -4.77257 0.045306 0.204091 0.977903 -8.5424 0 0 0 1 
0.99896 -0.00468336 -0.0453465 -1.06024 -0.00468336 0.978903 -0.204273 -4.77608 0.0453465 0.204273 0.977863 -8.55058 0 0 0 1 
0.998958 -0.00469585 -0.0454062 -1.06139 -0.00469585 0.978847 -0.204542 -4.78127 0.0454062 0.204542 0.977804 -8.56266 0 0 0 1 
0.998954 -0.00470995 -0.0454736 -1.06269 -0.00470995 0.978783 -0.204845 -4.78711 0.0454736 0.204845 0.977737 -8.57629 0 0 0 1 
0.998951 -0.00472569 -0.0455486 -1.06413 -0.00472569 0.978712 -0.205184 -4.79362 0.0455486 0.205184 0.977663 -8.59148 0 0 0 1 
0.998947 -0.00474306 -0.0456313 -1.06572 -0.00474306 0.978634 -0.205556 -4.80078 0.0456313 0.205556 0.977581 -8.60821 0 0 0 1 
0.998943 -0.00476206 -0.0457216 -1.06746 -0.00476206 0.978548 -0.205963 -4.80859 0.0457216 0.205963 0.977491 -8.62648 0 0 0 1 
0.998938 -0.0047827 -0.0458194 -1.06934 -0.0047827 0.978455 -0.206403 -4.81705 0.0458194 0.206403 0.977394 -8.6463 0 0 0 1 
0.998933 -0.00480498 -0.0459248 -1.07136 -0.00480498 0.978355 -0.206878 -4.82616 0.0459248 0.206878 0.977288 -8.66765 0 0 0 1 
0.998928 -0.00482892 -0.0460377 -1.07352 -0.00482892 0.978247 -0.207387 -4.8359 0.0460377 0.207387 0.977175 -8.69053 0 0 0 1 
0.998922 -0.00485451 -0.0461581 -1.07582 -0.00485451 0.978132 -0.207929 -4.84628 0.0461581 0.207929 0.977054 -8.71494 0 0 0 1 
0.998916 -0.00488177 -0.0462861 -1.07827 -0.00488177 0.978009 -0.208506 -4.85729 0.0462861 0.208506 0.976925 -8.74088 0 0 0 1 
0.99891 -0.00491072 -0.0464215 -1.08085 -0.00491072 0.977879 -0.209115 -4.86893 0.0464215 0.209115 0.976788 -8.76835 0 0 0 1 
0.998903 -0.00494135 -0.0465643 -1.08357 -0.00494135 0.977741 -0.209759 -4.88119 0.0465643 0.209759 0.976644 -8.79734 0 0 0 1 
0.998896 -0.00497368 -0.0467146 -1.08643 -0.00497368 0.977595 -0.210436 -4.89408 0.0467146 0.210436 0.976491 -8.82786 0 0 0 1 
0.998888 -0.00500774 -0.0468724 -1.08943 -0.00500774 0.977442 -0.211147 -4.90758 0.0468724 0.211147 0.97633 -8.8599 0 0 0 1 
0.99888 -0.00504353 -0.0470375 -1.09257 -0.00504353 0.97728 -0.211891 -4.9217 0.0470375 0.211891 0.976161 -8.89348 0 0 0 1 
0.998872 -0.00508107 -0.0472101 -1.09583 -0.00508107 0.977111 -0.212668 -4.93642 0.0472101 0.212668 0.975983 -8.92857 0 0 0 1 
0.998863 -0.00512037 -0.0473902 -1.09924 -0.00512037 0.976934 -0.213479 -4.95176 0.0473902 0.213479 0.975798 -8.9652 0 0 0 1 
0.998854 -0.00516146 -0.0475776 -1.10278 -0.00516146 0.976749 -0.214324 -4.96769 0.0475776 0.214324 0.975603 -9.00336 0 0 0 1 
0.998845 -0.00520436 -0.0477725 -1.10645 -0.00520436 0.976556 -0.215201 -4.98422 0.0477725 0.215201 0.975401 -9.04305 0 0 0 1 
0.998835 -0.00524909 -0.0479747 -1.11025 -0.00524909 0.976354 -0.216113 -5.00135 0.0479747 0.216113 0.975189 -9.08428 0 0 0 1 
0.998824 -0.00529567 -0.0481844 -1.11418 -0.00529567 0.976145 -0.217057 -5.01907 0.0481844 0.217057 0.974969 -9.12705 0 0 0 1 
0.998814 -0.00534412 -0.0484016 -1.11825 -0.00534412 0.975926 -0.218035 -5.03738 0.0484016 0.218035 0.97474 -9.17136 0 0 0 1 
0.998802 -0.00539447 -0.0486261 -1.12244 -0.00539447 0.975699 -0.219047 -5.05627 0.0486261 0.219047 0.974502 -9.21722 0 0 0 1 
0.998791 -0.00544674 -0.0488581 -1.12676 -0.00544674 0.975464 -0.220092 -5.07575 0.0488581 0.220092 0.974255 -9.26463 0 0 0 1 
0.998779 -0.00550097 -0.0490975 -1.13121 -0.00550097 0.97522 -0.22117 -5.0958 0.0490975 0.22117 0.973999 -9.31359 0 0 0 1 
0.998766 -0.00555718 -0.0493444 -1.13579 -0.00555718 0.974966 -0.222282 -5.11642 0.0493444 0.222282 0.973733 -9.36412 0 0 0 1 
0.998753 -0.00561541 -0.0495988 -1.1405 -0.00561541 0.974704 -0.223428 -5.13761 0.0495988 0.223428 0.973458 -9.41622 0 0 0 1 
0.99874 -0.00567567 -0.0498606 -1.14533 -0.00567567 0.974433 -0.224608 -5.15937 0.0498606 0.224608 0.973173 -9.4699 0 0 0 1 
0.998726 -0.00573801 -0.0501299 -1.15028 -0.00573801 0.974152 -0.225821 -5.18169 0.0501299 0.225821 0.972878 -9.52516 0 0 0 1 
0.998712 -0.00580246 -0.0504068 -1.15536 -0.00580246 0.973862 -0.227068 -5.20457 0.0504068 0.227068 0.972573 -9.582 0 0 0 1 
0.998697 -0.00586906 -0.0506912 -1.16056 -0.00586906 0.973562 -0.228349 -5.228 0.0506912 0.228349 0.972259 -9.64045 0 0 0 1 
0.998682 -0.00593784 -0.0509831 -1.16589 -0.00593784 0.973252 -0.229665 -5.25198 0.0509831 0.229665 0.971934 -9.7005 0 0 0 1 
0.998666 -0.00600884 -0.0512827 -1.17133 -0.00600884 0.972932 -0.231014 -5.27651 0.0512827 0.231014 0.971598 -9.76217 0 0 0 1 
0.99865 -0.00608209 -0.0515898 -1.1769 -0.00608209 0.972602 -0.232397 -5.30158 0.0515898 0.232397 0.971252 -9.82547 0 0 0 1 
0.998633 -0.00615766 -0.0519046 -1.18258 -0.00615766 0.972262 -0.233815 -5.3272 0.0519046 0.233815 0.970895 -9.89039 0 0 0 1 
0.998616 -0.00623556 -0.052227 -1.18839 -0.00623556 0.971911 -0.235268 -5.35334 0.052227 0.235268 0.970526 -9.95697 0 0 0 1 
0.998598 -0.00631586 -0.0525571 -1.19431 -0.00631586 0.971549 -0.236755 -5.38002 0.0525571 0.236755 0.970147 -10.0252 0 0 0 1 
0.99858 -0.00639858 -0.052895 -1.20035 -0.00639858 0.971176 -0.238277 -5.40722 0.052895 0.238277 0.969756 -10.0951 0 0 0 1 
0.998561 -0.0064838 -0.0532406 -1.2065 -0.0064838 0.970792 -0.239834 -5.43495 0.0532406 0.239834 0.969353 -10.1667 0 0 0 1 
0.998541 -0.00657154 -0.053594 -1.21277 -0.00657154 0.970397 -0.241426 -5.46319 0.053594 0.241426 0.968938 -10.24 0 0 0 1 
0.998521 -0.00666187 -0.0539552 -1.21915 -0.00666187 0.96999 -0.243053 -5.49195 0.0539552 0.243053 0.968511 -10.3149 0 0 0 1 
0.9985 -0.00675483 -0.0543243 -1.22565 -0.00675483 0.969571 -0.244715 -5.52121 0.0543243 0.244715 0.968072 -10.3916 0 0 0 1 
0.998479 -0.00685048 -0.0547013 -1.23226 -0.00685048 0.969141 -0.246414 -5.55098 0.0547013 0.246414 0.96762 -10.4701 0 0 0 1 
0.998457 -0.00694888 -0.0550862 -1.23898 -0.00694888 0.968697 -0.248148 -5.58126 0.0550862 0.248148 0.967155 -10.5502 0 0 0 1 
0.998435 -0.00705009 -0.0554792 -1.24581 -0.00705009 0.968241 -0.249918 -5.61202 0.0554792 0.249918 0.966676 -10.6322 0 0 0 1 
0.998412 -0.00715416 -0.0558802 -1.25275 -0.00715416 0.967773 -0.251724 -5.64328 0.0558802 0.251724 0.966184 -10.7159 0 0 0 1 
0.998388 -0.00726117 -0.0562893 -1.2598 -0.00726117 0.967291 -0.253567 -5.67502 0.0562893 0.253567 0.965679 -10.8014 0 0 0 1 
0.998364 -0.00737116 -0.0567065 -1.26695 -0.00737116 0.966795 -0.255447 -5.70725 0.0567065 0.255447 0.965159 -10.8888 0 0 0 1 
0.998339 -0.00748422 -0.057132 -1.27421 -0.00748422 0.966286 -0.257363 -5.73995 0.057132 0.257363 0.964624 -10.978 0 0 0 1 
0.998313 -0.0076004 -0.0575657 -1.28157 -0.0076004 0.965762 -0.259317 -5.77312 0.0575657 0.259317 0.964075 -11.069 0 0 0 1 
0.998286 -0.00771979 -0.0580077 -1.28904 -0.00771979 0.965225 -0.261308 -5.80676 0.0580077 0.261308 0.963511 -11.1619 0 0 0 1 
0.998259 -0.00784245 -0.0584581 -1.29661 -0.00784245 0.964672 -0.263337 -5.84086 0.0584581 0.263337 0.962931 -11.2567 0 0 0 1 
0.998231 -0.00796846 -0.0589169 -1.30428 -0.00796846 0.964104 -0.265404 -5.87542 0.0589169 0.265404 0.962335 -11.3534 0 0 0 1 
0.998202 -0.00809791 -0.0593843 -1.31205 -0.00809791 0.963521 -0.267509 -5.91042 0.0593843 0.267509 0.961724 -11.452 0 0 0 1 
0.998173 -0.00823086 -0.0598602 -1.31992 -0.00823086 0.962922 -0.269653 -5.94586 0.0598602 0.269653 0.961095 -11.5526 0 0 0 1 
0.998143 -0.00836742 -0.0603448 -1.32789 -0.00836742 0.962307 -0.271836 -5.98175 0.0603448 0.271836 0.96045 -11.6552 0 0 0 1 
0.998111 -0.00850766 -0.0608381 -1.33595 -0.00850766 0.961675 -0.274058 -6.01806 0.0608381 0.274058 0.959787 -11.7598 0 0 0 1 
0.998079 -0.00865167 -0.0613402 -1.3441 -0.00865167 0.961027 -0.27632 -6.0548 0.0613402 0.27632 0.959106 -11.8664 0 0 0 1 
0.998047 -0.00879955 -0.0618512 -1.35235 -0.00879955 0.960361 -0.278622 -6.09196 0.0618512 0.278622 0.958407 -11.975 0 0 0 1 
0.998013 -0.0089514 -0.0623711 -1.36069 -0.0089514 0.959676 -0.280964 -6.12953 0.0623711 0.280964 0.957689 -12.0858 0 0 0 1 
0.997979 -0.00910347 -0.0628871 -1.36891 -0.00910347 0.958991 -0.283289 -6.16657 0.0628871 0.283289 0.956971 -12.1959 0 0 0 1 
0.997946 -0.00925158 -0.0633853 -1.3768 -0.00925158 0.958324 -0.285533 -6.20211 0.0633853 0.285533 0.956271 -12.3023 0 0 0 1 
0.997914 -0.00939578 -0.0638663 -1.38437 -0.00939578 0.957675 -0.287699 -6.2362 0.0638663 0.287699 0.955589 -12.4053 0 0 0 1 
0.997883 -0.00953476 -0.0643261 -1.39156 -0.00953476 0.957049 -0.289771 -6.2686 0.0643261 0.289771 0.954932 -12.5038 0 0 0 1 
0.997854 -0.00966898 -0.0647667 -1.39842 -0.00966898 0.956444 -0.291756 -6.29947 0.0647667 0.291756 0.954298 -12.5984 0 0 0 1 
0.997825 -0.00979756 -0.0651858 -1.4049 -0.00979756 0.955865 -0.293644 -6.32867 0.0651858 0.293644 0.95369 -12.6885 0 0 0 1 
0.997798 -0.00992031 -0.0655831 -1.41101 -0.00992031 0.955312 -0.295433 -6.3562 0.0655831 0.295433 0.95311 -12.774 0 0 0 1 
0.997772 -0.0100371 -0.0659587 -1.41676 -0.0100371 0.954786 -0.297125 -6.3821 0.0659587 0.297125 0.952558 -12.8549 0 0 0 1 
0.997747 -0.0101474 -0.0663113 -1.42213 -0.0101474 0.954289 -0.298714 -6.40629 0.0663113 0.298714 0.952036 -12.9309 0 0 0 1 
0.997724 -0.0102513 -0.0666414 -1.42713 -0.0102513 0.953821 -0.300201 -6.42883 0.0666414 0.300201 0.951545 -13.0022 0 0 0 1 
0.997703 -0.0103486 -0.066949 -1.43178 -0.0103486 0.953383 -0.301586 -6.44975 0.066949 0.301586 0.951085 -13.0687 0 0 0 1 
