0.999962 -0.00872654 0 0 0.00872654 0.999962 0 0 0 0 1 0 0 0 0 1 
0.999848 -0.0174524 0 0 0.0174524 0.999848 0 0 0 0 1 0 0 0 0 1 
0.999657 -0.0261769 0 0 0.0261769 0.999657 0 0 0 0 1 0 0 0 0 1 
0.999391 -0.0348995 0 0 0.0348995 0.999391 0 0 0 0 1 0 0 0 0 1 
0.999048 -0.0436194 0 0 0.0436194 0.999048 0 0 0 0 1 0 0 0 0 1 
0.99863 -0.052336 0 0 0.052336 0.99863 0 0 0 0 1 0 0 0 0 1 
0.998135 -0.0610485 0 0 0.0610485 0.998135 0 0 0 0 1 0 0 0 0 1 
0.997564 -0.0697565 0 0 0.0697565 0.997564 0 0 0 0 1 0 0 0 0 1 
0.996917 -0.0784591 0 0 0.0784591 0.996917 0 0 0 0 1 0 0 0 0 1 
0.996195 -0.0871557 0 0 0.0871557 0.996195 0 0 0 0 1 0 0 0 0 1 
0.995396 -0.0958458 0 0 0.0958458 0.995396 0 0 0 0 1 0 0 0 0 1 
0.994522 -0.104528 0 0 0.104528 0.994522 0 0 0 0 1 0 0 0 0 1 
0.993572 -0.113203 0 0 0.113203 0.993572 0 0 0 0 1 0 0 0 0 1 
0.992546 -0.121869 0 0 0.121869 0.992546 0 0 0 0 1 0 0 0 0 1 
0.991445 -0.130526 0 0 0.130526 0.991445 0 0 0 0 1 0 0 0 0 1 
0.990268 -0.139173 0 0 0.139173 0.990268 0 0 0 0 1 0 0 0 0 1 
0.989016 -0.147809 0 0 0.147809 0.989016 0 0 0 0 1 0 0 0 0 1 
0.987688 -0.156434 0 0 0.156434 0.987688 0 0 0 0 1 0 0 0 0 1 
0.986286 -0.165048 0 0 0.165048 0.986286 0 0 0 0 1 0 0 0 0 1 
0.984808 -0.173648 0 0 0.173648 0.984808 0 0 0 0 1 0 0 0 0 1 
0.983255 -0.182236 0 0 0.182236 0.983255 0 0 0 0 1 0 0 0 0 1 
0.981627 -0.190809 0 0 0.190809 0.981627 0 0 0 0 1 0 0 0 0 1 
0.979925 -0.199368 0 0 0.199368 0.979925 0 0 0 0 1 0 0 0 0 1 
0.978148 -0.207912 0 0 0.207912 0.978148 0 0 0 0 1 0 0 0 0 1 
0.976296 -0.21644 0 0 0.21644 0.976296 0 0 0 0 1 0 0 0 0 1 
0.97437 -0.224951 0 0 0.224951 0.97437 0 0 0 0 1 0 0 0 0 1 
0.97237 -0.233445 0 0 0.233445 0.97237 0 0 0 0 1 0 0 0 0 1 
0.970296 -0.241922 0 0 0.241922 0.970296 0 0 0 0 1 0 0 0 0 1 
0.968148 -0.25038 0 0 0.25038 0.968148 0 0 0 0 1 0 0 0 0 1 
0.965926 -0.258819 0 0 0.258819 0.965926 0 0 0 0 1 0 0 0 0 1 
0.96363 -0.267238 0 0 0.267238 0.96363 0 0 0 0 1 0 0 0 0 1 
0.961262 -0.275637 0 0 0.275637 0.961262 0 0 0 0 1 0 0 0 0 1 
0.95882 -0.284015 0 0 0.284015 0.95882 0 0 0 0 1 0 0 0 0 1 
0.956305 -0.292372 0 0 0.292372 0.956305 0 0 0 0 1 0 0 0 0 1 
0.953717 -0.300706 0 0 0.300706 0.953717 0 0 0 0 1 0 0 0 0 1 
0.951057 -0.309017 0 0 0.309017 0.951057 0 0 0 0 1 0 0 0 0 1 
0.948324 -0.317305 0 0 0.317305 0.948324 0 0 0 0 1 0 0 0 0 1 
0.945519 -0.325568 0 0 0.325568 0.945519 0 0 0 0 1 0 0 0 0 1 
0.942641 -0.333807 0 0 0.333807 0.942641 0 0 0 0 1 0 0 0 0 1 
0.939693 -0.34202 0 0 0.34202 0.939693 0 0 0 0 1 0 0 0 0 1 
0.936672 -0.350207 0 0 0.350207 0.936672 0 0 0 0 1 0 0 0 0 1 
0.93358 -0.358368 0 0 0.358368 0.93358 0 0 0 0 1 0 0 0 0 1 
0.930418 -0.366501 0 0 0.366501 0.930418 0 0 0 0 1 0 0 0 0 1 
0.927184 -0.374607 0 0 0.374607 0.927184 0 0 0 0 1 0 0 0 0 1 
0.92388 -0.382683 0 0 0.382683 0.92388 0 0 0 0 1 0 0 0 0 1 
0.920505 -0.390731 0 0 0.390731 0.920505 0 0 0 0 1 0 0 0 0 1 
0.91706 -0.398749 0 0 0.398749 0.91706 0 0 0 0 1 0 0 0 0 1 
0.913545 -0.406737 0 0 0.406737 0.913545 0 0 0 0 1 0 0 0 0 1 
0.909961 -0.414693 0 0 0.414693 0.909961 0 0 0 0 1 0 0 0 0 1 
0.906308 -0.422618 0 0 0.422618 0.906308 0 0 0 0 1 0 0 0 0 1 
0.902585 -0.430511 0 0 0.430511 0.902585 0 0 0 0 1 0 0 0 0 1 
0.898794 -0.438371 0 0 0.438371 0.898794 0 0 0 0 1 0 0 0 0 1 
0.894934 -0.446198 0 0 0.446198 0.894934 0 0 0 0 1 0 0 0 0 1 
0.891007 -0.45399 0 0 0.45399 0.891007 0 0 0 0 1 0 0 0 0 1 
0.887011 -0.461749 0 0 0.461749 0.887011 0 0 0 0 1 0 0 0 0 1 
0.882948 -0.469472 0 0 0.469472 0.882948 0 0 0 0 1 0 0 0 0 1 
0.878817 -0.477159 0 0 0.477159 0.878817 0 0 0 0 1 0 0 0 0 1 
0.87462 -0.48481 0 0 0.48481 0.87462 0 0 0 0 1 0 0 0 0 1 
0.866025 -0.5 0 0 0.5 0.866025 0 0 0 0 1 0 0 0 0 1 
0.857167 -0.515038 0 0 0.515038 0.857167 0 0 0 0 1 0 0 0 0 1 
0.848048 -0.529919 0 0 0.529919 0.848048 0 0 0 0 1 0 0 0 0 1 
0.838671 -0.544639 0 0 0.544639 0.838671 0 0 0 0 1 0 0 0 0 1 
0.824126 -0.566406 0 0 0.566406 0.824126 0 0 0 0 1 0 0 0 0 1 
0.809017 -0.587785 0 0 0.587785 0.809017 0 0 0 0 1 0 0 0 0 1 
0.793353 -0.608761 0 0 0.608761 0.793353 0 0 0 0 1 0 0 0 0 1 
0.777146 -0.62932 0 0 0.62932 0.777146 0 0 0 0 1 0 0 0 0 1 
0.760406 -0.649448 0 0 0.649448 0.760406 0 0 0 0 1 0 0 0 0 1 
0.743145 -0.669131 0 0 0.669131 0.743145 0 0 0 0 1 0 0 0 0 1 
0.725374 -0.688355 0 0 0.688355 0.725374 0 0 0 0 1 0 0 0 0 1 
0.707107 -0.707107 0 0 0.707107 0.707107 0 0 0 0 1 0 0 0 0 1 
0.688355 -0.725374 0 0 0.725374 0.688355 0 0 0 0 1 0 0 0 0 1 
0.669131 -0.743145 0 0 0.743145 0.669131 0 0 0 0 1 0 0 0 0 1 
0.649448 -0.760406 0 0 0.760406 0.649448 0 0 0 0 1 0 0 0 0 1 
0.622515 -0.782608 0 0 0.782608 0.622515 0 0 0 0 1 0 0 0 0 1 
0.594823 -0.803857 0 0 0.803857 0.594823 0 0 0 0 1 0 0 0 0 1 
0.566406 -0.824126 0 0 0.824126 0.566406 0 0 0 0 1 0 0 0 0 1 
0.5373 -0.843391 0 0 0.843391 0.5373 0 0 0 0 1 0 0 0 0 1 
0.507538 -0.861629 0 0 0.861629 0.507538 0 0 0 0 1 0 0 0 0 1 
0.469472 -0.882948 0 0 0.882948 0.469472 0 0 0 0 1 0 0 0 0 1 
0.430511 -0.902585 0 0 0.902585 0.430511 0 0 0 0 1 0 0 0 0 1 
0.390731 -0.920505 0 0 0.920505 0.390731 0 0 0 0 1 0 0 0 0 1 
0.350207 -0.936672 0 0 0.936672 0.350207 0 0 0 0 1 0 0 0 0 1 
0.309017 -0.951057 0 0 0.951057 0.309017 0 0 0 0 1 0 0 0 0 1 
0.267238 -0.96363 0 0 0.96363 0.267238 0 0 0 0 1 0 0 0 0 1 
0.224951 -0.97437 0 0 0.97437 0.224951 0 0 0 0 1 0 0 0 0 1 
0.182236 -0.983255 0 0 0.983255 0.182236 0 0 0 0 1 0 0 0 0 1 
0.139173 -0.990268 0 0 0.990268 0.139173 0 0 0 0 1 0 0 0 0 1 
0.0958458 -0.995396 0 0 0.995396 0.0958458 0 0 0 0 1 0 0 0 0 1 
0.052336 -0.99863 0 0 0.99863 0.052336 0 0 0 0 1 0 0 0 0 1 
0.00872654 -0.999962 0 0 0.999962 0.00872654 0 0 0 0 1 0 0 0 0 1 
-0.0348995 -0.999391 0 0 0.999391 -0.0348995 0 0 0 0 1 0 0 0 0 1 
-0.0784591 -0.996917 0 0 0.996917 -0.0784591 0 0 0 0 1 0 0 0 0 1 
-0.121869 -0.992546 0 0 0.992546 -0.121869 0 0 0 0 1 0 0 0 0 1 
-0.165048 -0.986286 0 0 0.986286 -0.165048 0 0 0 0 1 0 0 0 0 1 
-0.207912 -0.978148 0 0 0.978148 -0.207912 0 0 0 0 1 0 0 0 0 1 
-0.25038 -0.968148 0 0 0.968148 -0.25038 0 0 0 0 1 0 0 0 0 1 
-0.292372 -0.956305 0 0 0.956305 -0.292372 0 0 0 0 1 0 0 0 0 1 
-0.333807 -0.942641 0 0 0.942641 -0.333807 0 0 0 0 1 0 0 0 0 1 
-0.374607 -0.927184 0 0 0.927184 -0.374607 0 0 0 0 1 0 0 0 0 1 
-0.414693 -0.909961 0 0 0.909961 -0.414693 0 0 0 0 1 0 0 0 0 1 
-0.45399 -0.891007 0 0 0.891007 -0.45399 0 0 0 0 1 0 0 0 0 1 
-0.492424 -0.870356 0 0 0.870356 -0.492424 0 0 0 0 1 0 0 0 0 1 
-0.529919 -0.848048 0 0 0.848048 -0.529919 0 0 0 0 1 0 0 0 0 1 
-0.566406 -0.824126 0 0 0.824126 -0.566406 0 0 0 0 1 0 0 0 0 1 
-0.601815 -0.798636 0 0 0.798636 -0.601815 0 0 0 0 1 0 0 0 0 1 
-0.636078 -0.771625 0 0 0.771625 -0.636078 0 0 0 0 1 0 0 0 0 1 
-0.669131 -0.743145 0 0 0.743145 -0.669131 0 0 0 0 1 0 0 0 0 1 
-0.700909 -0.71325 0 0 0.71325 -0.700909 0 0 0 0 1 0 0 0 0 1 
-0.731354 -0.681998 0 0 0.681998 -0.731354 0 0 0 0 1 0 0 0 0 1 
-0.760406 -0.649448 0 0 0.649448 -0.760406 0 0 0 0 1 0 0 0 0 1 
-0.788011 -0.615661 0 0 0.615661 -0.788011 0 0 0 0 1 0 0 0 0 1 
-0.814116 -0.580703 0 0 0.580703 -0.814116 0 0 0 0 1 0 0 0 0 1 
-0.838671 -0.544639 0 0 0.544639 -0.838671 0 0 0 0 1 0 0 0 0 1 
-0.861629 -0.507538 0 0 0.507538 -0.861629 0 0 0 0 1 0 0 0 0 1 
-0.882948 -0.469472 0 0 0.469472 -0.882948 0 0 0 0 1 0 0 0 0 1 
-0.902585 -0.430511 0 0 0.430511 -0.902585 0 0 0 0 1 0 0 0 0 1 
-0.920505 -0.390731 0 0 0.390731 -0.920505 0 0 0 0 1 0 0 0 0 1 
-0.936672 -0.350207 0 0 0.350207 -0.936672 0 0 0 0 1 0 0 0 0 1 
-0.951057 -0.309017 0 0 0.309017 -0.951057 0 0 0 0 1 0 0 0 0 1 
-0.96363 -0.267238 0 0 0.267238 -0.96363 0 0 0 0 1 0 0 0 0 1 
-0.97437 -0.224951 0 0 0.224951 -0.97437 0 0 0 0 1 0 0 0 0 1 
-0.983255 -0.182236 0 0 0.182236 -0.983255 0 0 0 0 1 0 0 0 0 1 
-0.990268 -0.139173 0 0 0.139173 -0.990268 0 0 0 0 1 0 0 0 0 1 
-0.995396 -0.0958458 0 0 0.0958458 -0.995396 0 0 0 0 1 0 0 0 0 1 
-0.99863 -0.052336 0 0 0.052336 -0.99863 0 0 0 0 1 0 0 0 0 1 
-0.999962 -0.00872654 0 0 0.00872654 -0.999962 0 0 0 0 1 0 0 0 0 1 
-0.999391 0.0348995 0 0 -0.0348995 -0.999391 0 0 0 0 1 0 0 0 0 1 
-0.996917 0.0784591 0 0 -0.0784591 -0.996917 0 0 0 0 1 0 0 0 0 1 
-0.992546 0.121869 0 0 -0.121869 -0.992546 0 0 0 0 1 0 0 0 0 1 
-0.986286 0.165048 0 0 -0.165048 -0.986286 0 0 0 0 1 0 0 0 0 1 
-0.978148 0.207912 0 0 -0.207912 -0.978148 0 0 0 0 1 0 0 0 0 1 
-0.968148 0.25038 0 0 -0.25038 -0.968148 0 0 0 0 1 0 0 0 0 1 
-0.956305 0.292372 0 0 -0.292372 -0.956305 0 0 0 0 1 0 0 0 0 1 
-0.942641 0.333807 0 0 -0.333807 -0.942641 0 0 0 0 1 0 0 0 0 1 
-0.927184 0.374607 0 0 -0.374607 -0.927184 0 0 0 0 1 0 0 0 0 1 
-0.909961 0.414693 0 0 -0.414693 -0.909961 0 0 0 0 1 0 0 0 0 1 
-0.891007 0.45399 0 0 -0.45399 -0.891007 0 0 0 0 1 0 0 0 0 1 
-0.870356 0.492424 0 0 -0.492424 -0.870356 0 0 0 0 1 0 0 0 0 1 
-0.848048 0.529919 0 0 -0.529919 -0.848048 0 0 0 0 1 0 0 0 0 1 
-0.824126 0.566406 0 0 -0.566406 -0.824126 0 0 0 0 1 0 0 0 0 1 
-0.798636 0.601815 0 0 -0.601815 -0.798636 0 0 0 0 1 0 0 0 0 1 
-0.771625 0.636078 0 0 -0.636078 -0.771625 0 0 0 0 1 0 0 0 0 1 
-0.743145 0.669131 0 0 -0.669131 -0.743145 0 0 0 0 1 0 0 0 0 1 
-0.71325 0.700909 0 0 -0.700909 -0.71325 0 0 0 0 1 0 0 0 0 1 
-0.681998 0.731354 0 0 -0.731354 -0.681998 0 0 0 0 1 0 0 0 0 1 
-0.649448 0.760406 0 0 -0.760406 -0.649448 0 0 0 0 1 0 0 0 0 1 
-0.615661 0.788011 0 0 -0.788011 -0.615661 0 0 0 0 1 0 0 0 0 1 
-0.580703 0.814116 0 0 -0.814116 -0.580703 0 0 0 0 1 0 0 0 0 1 
-0.544639 0.838671 0 0 -0.838671 -0.544639 0 0 0 0 1 0 0 0 0 1 
-0.507538 0.861629 0 0 -0.861629 -0.507538 0 0 0 0 1 0 0 0 0 1 
-0.469472 0.882948 0 0 -0.882948 -0.469472 0 0 0 0 1 0 0 0 0 1 
-0.430511 0.902585 0 0 -0.902585 -0.430511 0 0 0 0 1 0 0 0 0 1 
-0.390731 0.920505 0 0 -0.920505 -0.390731 0 0 0 0 1 0 0 0 0 1 
-0.350207 0.936672 0 0 -0.936672 -0.350207 0 0 0 0 1 0 0 0 0 1 
-0.309017 0.951057 0 0 -0.951057 -0.309017 0 0 0 0 1 0 0 0 0 1 
-0.267238 0.96363 0 0 -0.96363 -0.267238 0 0 0 0 1 0 0 0 0 1 
-0.224951 0.97437 0 0 -0.97437 -0.224951 0 0 0 0 1 0 0 0 0 1 
-0.182236 0.983255 0 0 -0.983255 -0.182236 0 0 0 0 1 0 0 0 0 1 
-0.139173 0.990268 0 0 -0.990268 -0.139173 0 0 0 0 1 0 0 0 0 1 
-0.0958458 0.995396 0 0 -0.995396 -0.0958458 0 0 0 0 1 0 0 0 0 1 
-0.052336 0.99863 0 0 -0.99863 -0.052336 0 0 0 0 1 0 0 0 0 1 
-0.00872654 0.999962 0 0 -0.999962 -0.00872654 0 0 0 0 1 0 0 0 0 1 
0.0348995 0.999391 0 0 -0.999391 0.0348995 0 0 0 0 1 0 0 0 0 1 
0.0784591 0.996917 0 0 -0.996917 0.0784591 0 0 0 0 1 0 0 0 0 1 
0.121869 0.992546 0 0 -0.992546 0.121869 0 0 0 0 1 0 0 0 0 1 
0.165048 0.986286 0 0 -0.986286 0.165048 0 0 0 0 1 0 0 0 0 1 
0.207912 0.978148 0 0 -0.978148 0.207912 0 0 0 0 1 0 0 0 0 1 
0.25038 0.968148 0 0 -0.968148 0.25038 0 0 0 0 1 0 0 0 0 1 
0.292372 0.956305 0 0 -0.956305 0.292372 0 0 0 0 1 0 0 0 0 1 
0.333807 0.942641 0 0 -0.942641 0.333807 0 0 0 0 1 0 0 0 0 1 
0.374607 0.927184 0 0 -0.927184 0.374607 0 0 0 0 1 0 0 0 0 1 
0.414693 0.909961 0 0 -0.909961 0.414693 0 0 0 0 1 0 0 0 0 1 
0.45399 0.891007 0 0 -0.891007 0.45399 0 0 0 0 1 0 0 0 0 1 
0.492424 0.870356 0 0 -0.870356 0.492424 0 0 0 0 1 0 0 0 0 1 
0.529919 0.848048 0 0 -0.848048 0.529919 0 0 0 0 1 0 0 0 0 1 
0.566406 0.824126 0 0 -0.824126 0.566406 0 0 0 0 1 0 0 0 0 1 
0.601815 0.798636 0 0 -0.798636 0.601815 0 0 0 0 1 0 0 0 0 1 
0.636078 0.771625 0 0 -0.771625 0.636078 0 0 0 0 1 0 0 0 0 1 
0.669131 0.743145 0 0 -0.743145 0.669131 0 0 0 0 1 0 0 0 0 1 
0.700909 0.71325 0 0 -0.71325 0.700909 0 0 0 0 1 0 0 0 0 1 
0.731354 0.681998 0 0 -0.681998 0.731354 0 0 0 0 1 0 0 0 0 1 
0.760406 0.649448 0 0 -0.649448 0.760406 0 0 0 0 1 0 0 0 0 1 
0.788011 0.615661 0 0 -0.615661 0.788011 0 0 0 0 1 0 0 0 0 1 
0.814116 0.580703 0 0 -0.580703 0.814116 0 0 0 0 1 0 0 0 0 1 
0.838671 0.544639 0 0 -0.544639 0.838671 0 0 0 0 1 0 0 0 0 1 
0.861629 0.507538 0 0 -0.507538 0.861629 0 0 0 0 1 0 0 0 0 1 
0.882948 0.469472 0 0 -0.469472 0.882948 0 0 0 0 1 0 0 0 0 1 
0.902585 0.430511 0 0 -0.430511 0.902585 0 0 0 0 1 0 0 0 0 1 
0.920505 0.390731 0 0 -0.390731 0.920505 0 0 0 0 1 0 0 0 0 1 
0.936672 0.350207 0 0 -0.350207 0.936672 0 0 0 0 1 0 0 0 0 1 
0.951057 0.309017 0 0 -0.309017 0.951057 0 0 0 0 1 0 0 0 0 1 
0.96363 0.267238 0 0 -0.267238 0.96363 0 0 0 0 1 0 0 0 0 1 
0.97437 0.224951 0 0 -0.224951 0.97437 0 0 0 0 1 0 0 0 0 1 
0.983255 0.182236 0 0 -0.182236 0.983255 0 0 0 0 1 0 0 0 0 1 
0.990268 0.139173 0 0 -0.139173 0.990268 0 0 0 0 1 0 0 0 0 1 
0.995396 0.0958458 0 0 -0.0958458 0.995396 0 0 0 0 1 0 0 0 0 1 
0.99863 0.052336 0 0 -0.052336 0.99863 0 0 0 0 1 0 0 0 0 1 
0.999962 0.00872654 0 0 -0.00872654 0.999962 0 0 0 0 1 0 0 0 0 1 
