0.999992 0.00396501 -0.000347911 -0.347434 -0.00396497 0.999992 0.000112898 0.037373 0.000348356 -0.000111518 1 0.0211712 0 0 0 1 
0.999969 0.00788832 -0.000787898 -0.694575 -0.00788814 0.999969 0.00022661 0.0766952 0.000789662 -0.000220388 1 0.0408267 0 0 0 1 
0.99993 0.0117892 -0.00131299 -1.04265 -0.0117887 0.99993 0.0003459 0.117904 0.00131698 -0.000330398 0.999999 0.0591611 0 0 0 1 
0.999876 0.0156459 -0.00192173 -1.38974 -0.0156451 0.999877 0.000471635 0.160705 0.00192888 -0.000441511 0.999998 0.0760256 0 0 0 1 
0.999807 0.0194801 -0.00262357 -1.73821 -0.0194786 0.99981 0.00059851 0.205629 0.00263474 -0.000547291 0.999996 0.0913925 0 0 0 1 
0.999724 0.0232485 -0.00340718 -2.0838 -0.0232462 0.99973 0.000732229 0.251814 0.00342329 -0.000652823 0.999994 0.105116 0 0 0 1 
0.999626 0.0269927 -0.00428411 -2.43057 -0.0269892 0.999635 0.000868879 0.299988 0.004306 -0.000752929 0.99999 0.117267 0 0 0 1 
0.999516 0.0306707 -0.00524237 -2.77441 -0.0306658 0.999529 0.00101226 0.349342 0.00527095 -0.000851006 0.999986 0.127721 0 0 0 1 
0.999392 0.034303 -0.00628344 -3.11711 -0.0342963 0.999411 0.00116233 0.400106 0.00631961 -0.00094612 0.99998 0.136563 0 0 0 1 
0.999255 0.0378693 -0.00741404 -3.45732 -0.0378605 0.999282 0.00131524 0.45218 0.00745853 -0.00103356 0.999972 0.143527 0 0 0 1 
0.999107 0.041368 -0.00861723 -3.79399 -0.0413567 0.999143 0.00148026 0.504953 0.00867109 -0.00112256 0.999962 0.148847 0 0 0 1 
0.998947 0.0448009 -0.00990953 -4.12819 -0.0447868 0.998995 0.00164766 0.558932 0.00997339 -0.00120211 0.99995 0.152243 0 0 0 1 
0.998776 0.0481668 -0.0112827 -4.45933 -0.0481493 0.998838 0.00182302 0.613735 0.0113574 -0.00127753 0.999935 0.15382 0 0 0 1 
0.998595 0.0514463 -0.0127343 -4.78571 -0.0514249 0.998675 0.00200495 0.669033 0.0128206 -0.00134727 0.999917 0.15346 0 0 0 1 
0.998403 0.0546599 -0.0142662 -5.10916 -0.0546341 0.998504 0.00219315 0.725094 0.0143648 -0.00141023 0.999896 0.151252 0 0 0 1 
0.998204 0.0577669 -0.0158658 -5.42561 -0.0577361 0.998329 0.00239192 0.780903 0.0159775 -0.00147159 0.999871 0.147117 0 0 0 1 
0.997995 0.0608087 -0.0175543 -5.73961 -0.0607724 0.998148 0.00259333 0.837553 0.0176794 -0.00152132 0.999843 0.140957 0 0 0 1 
0.997778 0.0637649 -0.0193121 -6.04847 -0.0637225 0.997964 0.00280483 0.894154 0.0194516 -0.00156799 0.99981 0.132948 0 0 0 1 
0.997554 0.0666175 -0.0211454 -6.35106 -0.0665684 0.997777 0.0030202 0.950616 0.0212996 -0.00160519 0.999772 0.122846 0 0 0 1 
0.997324 0.0693851 -0.0230483 -6.64852 -0.0693285 0.997589 0.00324625 1.00683 0.0232179 -0.00163966 0.999729 0.110879 0 0 0 1 
0.997086 0.0720699 -0.0250287 -6.94154 -0.0720052 0.997398 0.00347636 1.06309 0.0252141 -0.00166403 0.999681 0.0968941 0 0 0 1 
0.996844 0.0746326 -0.0270736 -7.22621 -0.0745592 0.99721 0.00371346 1.11836 0.0272752 -0.00168315 0.999627 0.0808583 0 0 0 1 
0.996595 0.0771133 -0.0291875 -7.50603 -0.0770303 0.997021 0.00395856 1.17327 0.0294058 -0.00169676 0.999566 0.0629513 0 0 0 1 
0.996343 0.0794736 -0.0313657 -7.77766 -0.0793803 0.996836 0.00420989 1.22703 0.031601 -0.00170468 0.999499 0.0429974 0 0 0 1 
0.996087 0.081735 -0.0336101 -8.04298 -0.0816307 0.996653 0.00446583 1.28003 0.0338627 -0.00170474 0.999425 0.0210914 0 0 0 1 
0.995828 0.083878 -0.0359189 -8.30026 -0.083762 0.996475 0.00472704 1.33174 0.0361888 -0.00169868 0.999344 -0.00285248 0 0 0 1 
0.995564 0.0859433 -0.0382963 -8.5531 -0.0858147 0.996299 0.00499259 1.38294 0.0385836 -0.00168405 0.999254 -0.0286607 0 0 0 1 
0.995298 0.087874 -0.0407353 -8.7965 -0.0877322 0.99613 0.00525961 1.43247 0.0410398 -0.00166109 0.999156 -0.0565756 0 0 0 1 
0.995031 0.0896899 -0.0432295 -9.03175 -0.089534 0.995968 0.00553291 1.48035 0.0435515 -0.0016349 0.99905 -0.0863367 0 0 0 1 
0.99476 0.0914111 -0.0457815 -9.26063 -0.0912403 0.995812 0.00581264 1.52693 0.0461211 -0.00160507 0.998935 -0.117854 0 0 0 1 
0.99449 0.0930017 -0.048386 -9.48001 -0.0928151 0.995665 0.00609463 1.57148 0.048743 -0.0015701 0.99881 -0.151267 0 0 0 1 
0.994217 0.0944822 -0.0510545 -9.69211 -0.0942792 0.995525 0.0063751 1.61459 0.0514284 -0.00152485 0.998676 -0.186661 0 0 0 1 
0.993944 0.0958339 -0.0537669 -9.89442 -0.0956136 0.995396 0.00666098 1.65531 0.0541578 -0.00147979 0.998531 -0.223745 0 0 0 1 
0.99367 0.0970778 -0.0565346 -10.0892 -0.0968394 0.995276 0.00694758 1.69429 0.056942 -0.00142881 0.998376 -0.262603 0 0 0 1 
0.993393 0.0982161 -0.0593574 -10.2768 -0.0979591 0.995164 0.00723216 1.73159 0.0597807 -0.00136978 0.998211 -0.303225 0 0 0 1 
0.993119 0.0992108 -0.0622219 -10.4533 -0.0989342 0.995066 0.00751867 1.76604 0.0626608 -0.00131107 0.998034 -0.345546 0 0 0 1 
0.992843 0.100102 -0.0651329 -10.6222 -0.0998048 0.994976 0.00780626 1.7985 0.0655871 -0.00124982 0.997846 -0.38941 0 0 0 1 
0.992568 0.100854 -0.0680945 -10.7809 -0.100536 0.994901 0.00808706 1.82844 0.0685629 -0.00118101 0.997646 -0.435114 0 0 0 1 
0.992292 0.101505 -0.0710937 -10.932 -0.101165 0.994834 0.00837012 1.8562 0.071576 -0.00111338 0.997435 -0.482135 0 0 0 1 
0.992015 0.10202 -0.0741439 -11.0731 -0.101659 0.994782 0.0086443 1.88143 0.0746389 -0.00103792 0.99721 -0.530956 0 0 0 1 
0.99174 0.102418 -0.0772205 -11.2046 -0.102033 0.994741 0.00892276 1.90379 0.0777283 -0.00097002 0.996974 -0.580917 0 0 0 1 
0.991462 0.102702 -0.0803509 -11.3282 -0.102294 0.994712 0.0091894 1.92416 0.0808698 -0.000891546 0.996724 -0.632577 0 0 0 1 
0.991185 0.102853 -0.0835053 -11.4409 -0.102421 0.994696 0.00945532 1.94135 0.0840349 -0.000819272 0.996462 -0.685388 0 0 0 1 
0.990906 0.102893 -0.086705 -11.5455 -0.102437 0.994692 0.0097123 1.9563 0.0872441 -0.000742219 0.996187 -0.739657 0 0 0 1 
0.990628 0.102804 -0.0899289 -11.6396 -0.102322 0.994701 0.00996553 1.96818 0.0904769 -0.000670403 0.995898 -0.795024 0 0 0 1 
0.990349 0.102588 -0.0931868 -11.7237 -0.10208 0.994724 0.0102097 1.97726 0.0937425 -0.000598596 0.995596 -0.851657 0 0 0 1 
0.990067 0.102265 -0.0964809 -11.7997 -0.101732 0.994757 0.010443 1.98408 0.097043 -0.000524034 0.99528 -0.909489 0 0 0 1 
0.989784 0.101818 -0.0998003 -11.8656 -0.101258 0.994803 0.0106692 1.98794 0.100368 -0.000454628 0.99495 -0.968337 0 0 0 1 
0.9895 0.101247 -0.103145 -11.9215 -0.100661 0.994861 0.0108864 1.98892 0.103717 -0.000389417 0.994607 -1.02817 0 0 0 1 
0.989215 0.100538 -0.106513 -11.9661 -0.0999245 0.994933 0.0110901 1.98678 0.107088 -0.000327272 0.99425 -1.08903 0 0 0 1 
0.988927 0.0997252 -0.109899 -12.0022 -0.0990846 0.995015 0.0112883 1.98201 0.110477 -0.000273979 0.993879 -1.15056 0 0 0 1 
0.988635 0.0987948 -0.113312 -12.0287 -0.0981267 0.995108 0.0114722 1.97462 0.113891 -0.000222891 0.993493 -1.21301 0 0 0 1 
0.988339 0.097748 -0.116751 -12.046 -0.0970527 0.995211 0.0116396 1.96473 0.11733 -0.000172935 0.993093 -1.27635 0 0 0 1 
0.988039 0.0965854 -0.120207 -12.0535 -0.0958627 0.995325 0.0117941 1.95214 0.120784 -0.000129657 0.992679 -1.34035 0 0 0 1 
0.987738 0.0952892 -0.123669 -12.0495 -0.0945384 0.99545 0.0119385 1.93623 0.124244 -0.000100663 0.992252 -1.4048 0 0 0 1 
0.987428 0.0938992 -0.12716 -12.0381 -0.0931212 0.995582 0.0120627 1.9185 0.127731 -6.97734e-05 0.991809 -1.47004 0 0 0 1 
0.987114 0.0923783 -0.130658 -12.0154 -0.0915727 0.995724 0.0121738 1.89765 0.131224 -5.22265e-05 0.991353 -1.53567 0 0 0 1 
0.986795 0.0907465 -0.134165 -11.9831 -0.0899131 0.995874 0.0122704 1.87424 0.134724 -4.52113e-05 0.990883 -1.60165 0 0 0 1 
0.986135 0.0871551 -0.141215 -11.8906 -0.0862668 0.996195 0.0124112 1.82032 0.14176 -5.69016e-05 0.989901 -1.73475 0 0 0 1 
0.985446 0.0831143 -0.148284 -11.7586 -0.0821712 0.99654 0.0124862 1.75643 0.148809 -0.000119823 0.988866 -1.86852 0 0 0 1 
0.984719 0.0786522 -0.155375 -11.5896 -0.0776554 0.996902 0.0124838 1.68396 0.155876 -0.000227283 0.987777 -2.00275 0 0 0 1 
0.983955 0.0737397 -0.162468 -11.3804 -0.0726906 0.997277 0.0124006 1.60254 0.16294 -0.000391739 0.986636 -2.13685 0 0 0 1 
0.982719 0.0656308 -0.173079 -10.9984 -0.0645036 0.997844 0.0121352 1.46631 0.173502 -0.000761265 0.984833 -2.33616 0 0 0 1 
0.981362 0.0566387 -0.183633 -10.5343 -0.0554358 0.998394 0.0116817 1.31519 0.183999 -0.00128417 0.982926 -2.53211 0 0 0 1 
0.979869 0.0467941 -0.194081 -9.98864 -0.045516 0.998903 0.011042 1.15132 0.194384 -0.00198595 0.980923 -2.72279 0 0 0 1 
0.978225 0.0361411 -0.204377 -9.36297 -0.0347855 0.999343 0.0102225 0.97725 0.204612 -0.00289052 0.978839 -2.90631 0 0 0 1 
0.97641 0.0247419 -0.214505 -8.66196 -0.023307 0.999686 0.0092163 0.796609 0.214665 -0.00399942 0.97668 -3.08155 0 0 0 1 
0.974413 0.0126471 -0.224408 -7.88727 -0.0111248 0.999906 0.0080468 0.611682 0.224489 -0.0053444 0.974462 -3.24648 0 0 0 1 
0.97222 -8.89704e-05 -0.23407 -7.04273 0.00170806 0.999976 0.00671441 0.425844 0.234064 -0.00692768 0.972197 -3.40011 0 0 0 1 
0.96982 -0.0134204 -0.243451 -6.13041 0.0151513 0.999871 0.00523868 0.241611 0.243349 -0.00876918 0.969899 -3.54102 0 0 0 1 
0.967206 -0.0272854 -0.252524 -5.15415 0.0291481 0.999568 0.00363727 0.061867 0.252316 -0.0108786 0.967584 -3.66812 0 0 0 1 
0.964371 -0.0416262 -0.26126 -4.11744 0.0436463 0.999045 0.00193219 -0.110784 0.26093 -0.0132664 0.965267 -3.78041 0 0 0 1 
0.96131 -0.056376 -0.26964 -3.02486 0.0585851 0.998282 0.000145528 -0.27373 0.269168 -0.0159368 0.962961 -3.87725 0 0 0 1 
0.956877 -0.0765743 -0.280221 -1.48808 0.0790946 0.996864 -0.00232094 -0.471975 0.27952 -0.0199431 0.959933 -3.98137 0 0 0 1 
0.952052 -0.09724 -0.290073 0.131269 0.100157 0.99496 -0.00480959 -0.64466 0.289079 -0.0244739 0.956992 -4.05582 0 0 0 1 
0.946849 -0.118214 -0.29917 1.82131 0.121627 0.992549 -0.00725809 -0.787656 0.297799 -0.0295147 0.954172 -4.10073 0 0 0 1 
0.941298 -0.139333 -0.30748 3.56997 0.143354 0.989625 -0.00958883 -0.898302 0.305626 -0.0350526 0.951506 -4.11652 0 0 0 1 
0.935443 -0.160441 -0.314968 5.36623 0.165201 0.98619 -0.0117122 -0.975457 0.312498 -0.041077 0.94903 -4.10397 0 0 0 1 
0.927775 -0.186557 -0.323156 7.65807 0.192439 0.98121 -0.0139613 -1.02425 0.319689 -0.0492349 0.946243 -4.05136 0 0 0 1 
0.919842 -0.21208 -0.33002 9.97728 0.219317 0.975529 -0.0156146 -1.0226 0.325256 -0.058016 0.943845 -3.96209 0 0 0 1 
0.911801 -0.236694 -0.335552 12.2963 0.245524 0.96925 -0.0165289 -0.976125 0.329146 -0.0673152 0.941877 -3.84216 0 0 0 1 
0.903837 -0.260098 -0.339746 14.5879 0.270756 0.962505 -0.0165606 -0.894057 0.331315 -0.0770203 0.940371 -3.69823 0 0 0 1 
0.896157 -0.281999 -0.342607 16.8231 0.2947 0.955462 -0.0155922 -0.788349 0.331745 -0.0869932 0.93935 -3.5378 0 0 0 1 
0.888983 -0.302122 -0.344138 18.9733 0.317052 0.948312 -0.0135182 -0.673791 0.330434 -0.0970921 0.938822 -3.36837 0 0 0 1 
0.882548 -0.320209 -0.344348 21.0089 0.337509 0.941267 -0.010263 -0.567007 0.327409 -0.107163 0.938786 -3.1973 0 0 0 1 
0.87708 -0.336025 -0.343245 22.9006 0.355781 0.934551 -0.00578172 -0.485649 0.322723 -0.117049 0.939228 -3.03117 0 0 0 1 
0.872796 -0.349362 -0.340842 24.6189 0.371591 0.928397 -6.83038e-05 -0.447277 0.31646 -0.126594 0.940121 -2.87543 0 0 0 1 
0.869882 -0.360029 -0.33717 26.1326 0.384667 0.92303 0.00681133 -0.467297 0.308766 -0.135623 0.941419 -2.73438 0 0 0 1 
0.868492 -0.367879 -0.332244 27.4147 0.394782 0.918656 0.0147798 -0.559161 0.299781 -0.144 0.943077 -2.60995 0 0 0 1 
0.86872 -0.37278 -0.326131 28.435 0.401714 0.91546 0.0236483 -0.730598 0.289744 -0.151555 0.945029 -2.50288 0 0 0 1 
0.870606 -0.374647 -0.318881 29.1696 0.405306 0.913577 0.0332172 -0.984769 0.278877 -0.158163 0.947213 -2.41158 0 0 0 1 
0.874117 -0.373419 -0.310608 29.594 0.405422 0.913109 0.043187 -1.3173 0.267492 -0.163678 0.949557 -2.33351 0 0 0 1 
0.879153 -0.369068 -0.301462 29.6876 0.401984 0.9141 0.0532062 -1.71672 0.255929 -0.167959 0.951993 -2.26524 0 0 0 1 
0.885548 -0.361598 -0.291636 29.4342 0.394965 0.916541 0.0628887 -2.16518 0.244556 -0.170877 0.95446 -2.20313 0 0 0 1 
0.893084 -0.351054 -0.281358 28.8246 0.384408 0.920364 0.0718349 -2.63913 0.233734 -0.172311 0.95691 -2.14417 0 0 0 1 
0.901494 -0.3375 -0.270927 27.8523 0.370399 0.925454 0.079621 -3.11041 0.223858 -0.172129 0.959301 -2.08683 0 0 0 1 
0.910489 -0.321046 -0.260652 26.5196 0.353088 0.931641 0.0858716 -3.54909 0.215265 -0.170218 0.961606 -2.03142 0 0 0 1 
0.919759 -0.301834 -0.250876 24.8346 0.332672 0.938714 0.0902541 -3.92494 0.208259 -0.166472 0.963803 -1.98045 0 0 0 1 
0.928996 -0.280043 -0.241953 22.8112 0.309387 0.946428 0.092492 -4.20883 0.20309 -0.160782 0.965869 -1.93891 0 0 0 1 
0.937898 -0.255901 -0.234227 20.4705 0.283508 0.954509 0.0923938 -4.37496 0.199928 -0.153061 0.967782 -1.91384 0 0 0 1 
0.946183 -0.229685 -0.227996 17.841 0.25534 0.962666 0.0898644 -4.40225 0.198843 -0.143245 0.969506 -1.91384 0 0 0 1 
0.953592 -0.201708 -0.223552 14.9541 0.2252 0.970611 0.0848522 -4.27333 0.199866 -0.131258 0.970992 -1.94919 0 0 0 1 
0.959904 -0.172341 -0.221093 11.8494 0.193432 0.978054 0.0774196 -3.97785 0.202898 -0.117082 0.972175 -2.03012 0 0 0 1 
0.964931 -0.141977 -0.220796 8.56669 0.16037 0.984736 0.0676452 -3.50946 0.207821 -0.100682 0.972971 -2.16746 0 0 0 1 
0.968536 -0.111047 -0.222724 5.1519 0.126365 0.990419 0.0556999 -2.86903 0.214405 -0.0820919 0.973289 -2.37044 0 0 0 1 
0.970631 -0.0799979 -0.226885 1.65117 0.0917626 0.994904 0.0417716 -2.0621 0.222387 -0.0613644 0.973025 -2.64714 0 0 0 1 
0.971176 -0.0492669 -0.233215 -1.89054 0.0568905 0.99804 0.0260716 -1.09888 0.231474 -0.0385878 0.972076 -3.0037 0 0 0 1 
0.970194 -0.0192886 -0.241561 -5.42757 0.0220776 0.999717 0.00884424 0.00545099 0.241322 -0.0139137 0.970345 -3.44317 0 0 0 1 
0.967756 0.00952668 -0.25171 -8.91709 -0.012358 0.999877 -0.00966973 1.23261 0.251587 0.0124686 0.967754 -3.96587 0 0 0 1 
0.963989 0.036806 -0.263381 -12.3184 -0.0461036 0.99851 -0.0292056 2.56064 0.261914 0.0402967 0.96425 -4.56823 0 0 0 1 
0.959062 0.0622423 -0.27627 -15.5977 -0.0788823 0.995653 -0.0495214 3.96679 0.271987 0.0692869 0.959803 -5.24411 0 0 0 1 
0.953197 0.0855088 -0.290006 -18.7177 -0.110344 0.991399 -0.0703661 5.42435 0.281495 0.0990733 0.954435 -5.98294 0 0 0 1 
0.946647 0.106409 -0.304199 -21.6513 -0.140213 0.985887 -0.0914699 6.90628 0.290173 0.129242 0.948207 -6.77076 0 0 0 1 
0.939687 0.124773 -0.318464 -24.3737 -0.16819 0.979304 -0.112589 8.38463 0.297825 0.159361 0.941225 -7.59133 0 0 0 1 
0.932623 0.140448 -0.332397 -26.8604 -0.193936 0.97189 -0.133484 9.82929 0.304306 0.188954 0.933646 -8.42582 0 0 0 1 
0.925754 0.153374 -0.345625 -29.0944 -0.217162 0.963925 -0.153916 11.2109 0.30955 0.217544 0.925664 -9.25428 0 0 0 1 
0.919374 0.163531 -0.357784 -31.0604 -0.237571 0.955724 -0.173642 12.4994 0.313547 0.244641 0.917518 -10.0557 0 0 0 1 
0.913754 0.170928 -0.368561 -32.7464 -0.254888 0.947626 -0.19245 13.6662 0.316363 0.269793 0.909465 -10.8104 0 0 0 1 
0.909133 0.175612 -0.377675 -34.1423 -0.268858 0.939983 -0.210114 14.6838 0.318109 0.292563 0.901784 -11.4993 0 0 0 1 
0.905693 0.177651 -0.384917 -35.241 -0.27927 0.93313 -0.226442 15.5283 0.31895 0.312582 0.894742 -12.1061 0 0 0 1 
0.903571 0.177114 -0.390116 -36.035 -0.285934 0.927388 -0.241232 16.1784 0.319063 0.329518 0.888604 -12.6162 0 0 0 1 
0.902819 0.174128 -0.393189 -36.5216 -0.288766 0.923014 -0.254281 16.62 0.318641 0.34311 0.883597 -13.0184 0 0 0 1 
0.903434 0.168759 -0.394117 -36.6959 -0.287687 0.920206 -0.265436 16.8439 0.317874 0.353187 0.879895 -13.305 0 0 0 1 
0.905332 0.161145 -0.392946 -36.5572 -0.282735 0.919082 -0.274499 16.8488 0.316915 0.359613 0.877635 -13.4701 0 0 0 1 
0.90838 0.151378 -0.389783 -36.1037 -0.273974 0.919671 -0.281324 16.6399 0.315886 0.362339 0.876884 -13.5113 0 0 0 1 
0.912369 0.139628 -0.38482 -35.3407 -0.261615 0.9219 -0.285758 16.2322 0.314866 0.361392 0.877642 -13.4293 0 0 0 1 
0.91707 0.126031 -0.378283 -34.2734 -0.245882 0.925617 -0.287707 15.6458 0.313885 0.356861 0.879845 -13.2281 0 0 0 1 
0.92222 0.110817 -0.370446 -32.9151 -0.227139 0.930588 -0.287079 14.9081 0.312919 0.348893 0.883377 -12.9141 0 0 0 1 
0.927557 0.0942413 -0.361603 -31.2839 -0.205803 0.936528 -0.283833 14.0501 0.311902 0.33769 0.888078 -12.4967 0 0 0 1 
0.932832 0.0766327 -0.352067 -29.4071 -0.182392 0.943112 -0.277981 13.1058 0.310736 0.323524 0.893742 -11.9892 0 0 0 1 
0.937831 0.0583837 -0.342147 -27.3199 -0.157492 0.950013 -0.269578 12.1085 0.309305 0.306704 0.900146 -11.4071 0 0 0 1 
0.942394 0.039945 -0.332111 -25.0642 -0.131735 0.956929 -0.258715 11.0882 0.307472 0.287562 0.907066 -10.7676 0 0 0 1 
0.946413 0.0218332 -0.32222 -22.6928 -0.105828 0.963592 -0.245542 10.0709 0.305128 0.266484 0.914267 -10.0906 0 0 0 1 
0.949854 0.00459243 -0.312659 -20.262 -0.0804685 0.969807 -0.230217 9.07452 0.302162 0.243832 0.921544 -9.39469 0 0 0 1 
0.952743 -0.0112081 -0.303572 -17.834 -0.0563672 0.975442 -0.21292 8.10952 0.298503 0.219969 0.928714 -8.6981 0 0 0 1 
0.955152 -0.0249976 -0.295059 -15.476 -0.034226 0.980432 -0.193858 7.17977 0.294131 0.195263 0.935606 -8.01744 0 0 0 1 
0.957199 -0.0362421 -0.287151 -13.254 -0.0146782 0.984774 -0.17322 6.28171 0.289057 0.17002 0.942093 -7.36476 0 0 0 1 
0.959017 -0.0444666 -0.279839 -11.2324 0.00171613 0.988503 -0.151192 5.40775 0.283345 0.144516 0.948067 -6.74791 0 0 0 1 
0.960734 -0.0492825 -0.27306 -9.47016 0.0145044 0.991675 -0.127947 4.54829 0.277093 0.118963 0.95345 -6.16914 0 0 0 1 
0.962449 -0.0504002 -0.266742 -8.02113 0.0233396 0.994338 -0.103665 3.69576 0.270457 0.0935463 0.958177 -5.6263 0 0 0 1 
0.964217 -0.0476529 -0.260795 -6.9295 0.0280102 0.996519 -0.0785257 2.84684 0.263629 0.068411 0.962195 -5.11261 0 0 0 1 
0.966036 -0.0410123 -0.255133 -6.22757 0.0284534 0.998204 -0.052724 2.00469 0.256837 0.0436739 0.965467 -4.61798 0 0 0 1 
0.967841 -0.0305854 -0.249697 -5.93486 0.0247494 0.999343 -0.0264794 1.18036 0.250342 0.019448 0.967962 -4.13089 0 0 0 1 
0.969515 -0.0166104 -0.244468 -6.05688 0.0171186 0.999853 -4.57943e-05 0.392652 0.244433 -0.00414057 0.969657 -3.64035 0 0 0 1 
0.970899 0.000552529 -0.239487 -6.58391 0.00591697 0.999637 0.0262942 -0.333651 0.239414 -0.026946 0.970543 -3.13761 0 0 0 1 
0.97182 0.0204089 -0.234838 -7.48826 -0.00835034 0.9986 0.0522289 -0.970983 0.235575 -0.0487961 0.97063 -2.61766 0 0 0 1 
0.972106 0.0424488 -0.230669 -8.73371 -0.0251428 0.996679 0.0774547 -1.4917 0.233191 -0.0694945 0.969945 -2.07995 0 0 0 1 
0.971601 0.0660759 -0.22721 -10.271 -0.0438216 0.993856 0.101636 -1.87113 0.23253 -0.0887931 0.968528 -1.5298 0 0 0 1 
0.970208 0.0906545 -0.224675 -12.0382 -0.06369 0.990174 0.124496 -2.09365 0.233753 -0.106477 0.966448 -0.975404 0 0 0 1 
0.96787 0.115589 -0.22331 -13.9722 -0.0840854 0.985736 0.14579 -2.15173 0.236977 -0.122329 0.963783 -0.42812 0 0 0 1 
0.964581 0.140306 -0.223376 -16.0084 -0.10437 0.980705 0.165304 -2.04722 0.242259 -0.136135 0.960613 0.0986415 0 0 0 1 
0.960395 0.164276 -0.225068 -18.0821 -0.123963 0.975287 0.182889 -1.79254 0.24955 -0.147746 0.957025 0.592273 0 0 0 1 
0.955407 0.187013 -0.228527 -20.1315 -0.142351 0.969722 0.198433 -1.4089 0.258717 -0.157053 0.9531 1.04071 0 0 0 1 
0.949734 0.208138 -0.233847 -22.1051 -0.15916 0.964256 0.211844 -0.921955 0.269581 -0.163976 0.948914 1.43242 0 0 0 1 
0.94352 0.22732 -0.241032 -23.9566 -0.174105 0.959136 0.223036 -0.362046 0.281883 -0.168474 0.944541 1.75613 0 0 0 1 
0.936903 0.244339 -0.250021 -25.6525 -0.187058 0.954579 0.231923 0.241365 0.295333 -0.170521 0.940054 2.00009 0 0 0 1 
0.930034 0.259022 -0.260663 -27.1661 -0.197979 0.950772 0.238404 0.858943 0.309583 -0.170118 0.935531 2.15198 0 0 0 1 
0.923064 0.271247 -0.272724 -28.4786 -0.20692 0.947858 0.242382 1.4641 0.324249 -0.167302 0.93106 2.19959 0 0 0 1 
0.91614 0.28098 -0.285898 -29.5825 -0.214035 0.945916 0.243785 2.03628 0.338935 -0.162149 0.926731 2.1333 0 0 0 1 
0.90946 0.288143 -0.299759 -30.4679 -0.21944 0.944985 0.242591 2.55512 0.353168 -0.154848 0.922656 1.94858 0 0 0 1 
0.903215 0.292711 -0.313884 -31.1331 -0.223275 0.945048 0.238815 3.00762 0.366539 -0.145619 0.918936 1.64614 0 0 0 1 
0.897644 0.294652 -0.327744 -31.5748 -0.225618 0.946044 0.232588 3.38214 0.378592 -0.134836 0.915689 1.23685 0 0 0 1 
0.892961 0.293974 -0.340881 -31.7945 -0.226518 0.947883 0.224071 3.67348 0.388987 -0.122871 0.913013 0.736619 0 0 0 1 
0.889404 0.290675 -0.352802 -31.7904 -0.225931 0.950455 0.213519 3.87674 0.397387 -0.110196 0.911011 0.168959 0 0 0 1 
0.887171 0.284792 -0.363071 -31.563 -0.223779 0.953641 0.201225 3.99064 0.403547 -0.0972734 0.909774 -0.439494 0 0 0 1 
0.886405 0.276406 -0.37133 -31.1148 -0.219962 0.957316 0.187519 4.01694 0.407312 -0.0845395 0.909368 -1.06113 0 0 0 1 
0.887168 0.265628 -0.377325 -30.4505 -0.21438 0.961358 0.172723 3.96063 0.408624 -0.0723434 0.909831 -1.67092 0 0 0 1 
0.889481 0.25257 -0.380831 -29.5722 -0.2069 0.965652 0.157187 3.82614 0.407451 -0.0610205 0.911186 -2.24479 0 0 0 1 
0.89325 0.237413 -0.381758 -28.4891 -0.197474 0.970081 0.141231 3.62338 0.403866 -0.0507673 0.913408 -2.76442 0 0 0 1 
0.89834 0.220307 -0.380065 -27.2067 -0.186039 0.974537 0.125165 3.36135 0.397963 -0.0417338 0.916452 -3.21523 0 0 0 1 
0.904554 0.201429 -0.375776 -25.7335 -0.172592 0.978913 0.109276 3.05127 0.389864 -0.0339898 0.920245 -3.58718 0 0 0 1 
0.911641 0.181002 -0.368985 -24.0823 -0.15721 0.983097 0.093834 2.70669 0.379732 -0.0275348 0.924687 -3.87463 0 0 0 1 
0.919323 0.15923 -0.359848 -22.2661 -0.140007 0.98699 0.079052 2.34168 0.367754 -0.0222932 0.929656 -4.07703 0 0 0 1 
0.927332 0.136347 -0.348518 -20.2998 -0.12115 0.990494 0.065147 1.96957 0.354087 -0.01819 0.935036 -4.19558 0 0 0 1 
0.935386 0.11259 -0.335225 -18.2016 -0.10086 0.993527 0.0522569 1.60464 0.338939 -0.0150695 0.940688 -4.23657 0 0 0 1 
0.943242 0.0882368 -0.32017 -15.9924 -0.079416 0.996017 0.0405312 1.2592 0.322471 -0.012804 0.946493 -4.2066 0 0 0 1 
0.95067 0.0635874 -0.303618 -13.6982 -0.0571523 0.997913 0.0300436 0.94544 0.304895 -0.0112091 0.95232 -4.11591 0 0 0 1 
0.957493 0.0389592 -0.285814 -11.3469 -0.0344327 0.99919 0.0208478 0.672478 0.286395 -0.0101202 0.958058 -3.97497 0 0 0 1 
0.963585 0.0146927 -0.266999 -8.96879 -0.0116509 0.999848 0.0129733 0.446305 0.267149 -0.00939005 0.963609 -3.79438 0 0 0 1 
0.968865 -0.00883832 -0.247431 -6.59961 0.0107565 0.999922 0.00640179 0.270558 0.247355 -0.00886397 0.968884 -3.58528 0 0 0 1 
0.973312 -0.0312522 -0.227346 -4.27592 0.0323483 0.999476 0.00109592 0.144755 0.227193 -0.00842092 0.973813 -3.35759 0 0 0 1 
0.976952 -0.0521619 -0.206988 -2.03651 0.0526788 0.998607 -0.00301731 0.0651916 0.206857 -0.00795611 0.978339 -3.12043 0 0 0 1 
0.979861 -0.0711815 -0.186562 0.0803854 0.0713128 0.997436 -0.00601568 0.024282 0.186512 -0.00740971 0.982425 -2.88076 0 0 0 1 
0.98215 -0.0879268 -0.166285 2.03469 0.0878196 0.996104 -0.00801178 0.0124636 0.166341 -0.00673428 0.986045 -2.64437 0 0 0 1 
0.983954 -0.102036 -0.14637 3.78707 0.101797 0.994763 -0.00913753 0.018533 0.146535 -0.00590915 0.989188 -2.41529 0 0 0 1 
0.985423 -0.113185 -0.127003 5.30164 0.112892 0.993562 -0.00952756 0.030391 0.127264 -0.00494897 0.991857 -2.19544 0 0 0 1 
0.986707 -0.121099 -0.108369 6.54557 0.120803 0.992633 -0.00932559 0.0368469 0.1087 -0.00388962 0.994067 -1.98523 0 0 0 1 
0.987935 -0.125568 -0.0906454 7.4911 0.125299 0.992081 -0.00867817 0.029001 0.0910173 -0.00278432 0.995845 -1.78373 0 0 0 1 
0.989206 -0.12646 -0.0740173 8.11585 0.126234 0.99197 -0.0077361 0.00185239 0.0744013 -0.0016909 0.997227 -1.58918 0 0 0 1 
0.99058 -0.123741 -0.0586489 8.40689 0.123566 0.992314 -0.00662736 -0.0455621 0.0590182 -0.000682052 0.998257 -1.39915 0 0 0 1 
0.992067 -0.117485 -0.0447203 8.35909 0.117358 0.993075 -0.00547349 -0.108815 0.0450537 0.000181779 0.998985 -1.21151 0 0 0 1 
0.993636 -0.107886 -0.0323885 7.97942 0.107801 0.994163 -0.00436001 -0.179357 0.0326699 0.000840738 0.999466 -1.02462 0 0 0 1 
0.995214 -0.09525 -0.0218185 7.28433 0.0951993 0.995453 -0.00335455 -0.244571 0.0220388 0.00126139 0.999756 -0.83824 0 0 0 1 
0.996708 -0.0799953 -0.0131648 6.30093 0.0799692 0.996794 -0.00249483 -0.289825 0.0133222 0.00143383 0.99991 -0.653801 0 0 0 1 
0.998015 -0.0626357 -0.00653571 5.06785 0.0626254 0.998036 -0.00177012 -0.301516 0.00663374 0.0013573 0.999977 -0.474275 0 0 0 1 
0.99904 -0.0437564 -0.00205105 3.62938 0.043754 0.999042 -0.00116596 -0.267176 0.00210011 0.0010751 0.999997 -0.304813 0 0 0 1 
0.999712 -0.0239893 0.000226331 2.03726 0.0239894 0.999712 -0.000631648 -0.179253 -0.000211113 0.000636895 1 -0.151749 0 0 0 1 
0.999992 -0.00397505 0.000262213 0.345376 0.00397507 0.999992 -0.000109073 -0.0352858 -0.000261778 0.000110115 1 -0.0223603 0 0 0 1 
