1 -1.29059e-07 -0.000172419 -0.00661758 -1.29059e-07 0.999999 -0.00149703 -0.0574571 0.000172419 0.00149703 0.999999 -0.0459546 0 0 0 1 
1 -5.26809e-07 -0.000348353 -0.0133619 -5.26809e-07 0.999995 -0.00302457 -0.116014 0.000348353 0.00302457 0.999995 -0.0929356 0 0 0 1 
1 -1.21012e-06 -0.000527967 -0.0202388 -1.21012e-06 0.999989 -0.00458406 -0.175723 0.000527967 0.00458406 0.999989 -0.140993 0 0 0 1 
1 -2.19027e-06 -0.000710296 -0.0272108 -2.19027e-06 0.999981 -0.00616713 -0.236258 0.000710296 0.00616713 0.999981 -0.189874 0 0 0 1 
1 -3.49497e-06 -0.000897245 -0.0343503 -3.49497e-06 0.99997 -0.00779032 -0.298246 0.000897245 0.00779032 0.999969 -0.240095 0 0 0 1 
0.999999 -5.12045e-06 -0.00108603 -0.0415506 -5.12045e-06 0.999956 -0.00942945 -0.360762 0.00108603 0.00942945 0.999955 -0.290913 0 0 0 1 
0.999999 -7.10623e-06 -0.0012794 -0.0489157 -7.10623e-06 0.999938 -0.0111084 -0.42471 0.0012794 0.0111084 0.999937 -0.343073 0 0 0 1 
0.999999 -9.44168e-06 -0.00147472 -0.056345 -9.44168e-06 0.999918 -0.0128042 -0.489215 0.00147472 0.0128042 0.999917 -0.39587 0 0 0 1 
0.999999 -1.21517e-05 -0.00167301 -0.0638772 -1.21517e-05 0.999894 -0.0145259 -0.554613 0.00167301 0.0145259 0.999893 -0.449587 0 0 0 1 
0.999998 -1.52489e-05 -0.00187412 -0.0715054 -1.52489e-05 0.999868 -0.016272 -0.620845 0.00187412 0.016272 0.999866 -0.504183 0 0 0 1 
0.999998 -1.87187e-05 -0.00207641 -0.0791676 -1.87187e-05 0.999837 -0.0180284 -0.687372 0.00207641 0.0180284 0.999835 -0.559219 0 0 0 1 
0.999997 -2.26021e-05 -0.00228163 -0.0869299 -2.26021e-05 0.999804 -0.0198102 -0.754768 0.00228163 0.0198102 0.999801 -0.615178 0 0 0 1 
0.999997 -2.68959e-05 -0.00248891 -0.0947587 -2.68959e-05 0.999766 -0.02161 -0.822741 0.00248891 0.02161 0.999763 -0.671823 0 0 0 1 
0.999996 -3.15914e-05 -0.00269741 -0.102622 -3.15914e-05 0.999726 -0.0234202 -0.891012 0.00269741 0.0234202 0.999722 -0.728926 0 0 0 1 
0.999996 -3.67223e-05 -0.00290819 -0.110559 -3.67223e-05 0.999681 -0.0252503 -0.959927 0.00290819 0.0252503 0.999677 -0.786785 0 0 0 1 
0.999995 -4.22247e-05 -0.00311843 -0.118464 -4.22247e-05 0.999633 -0.0270757 -1.02856 0.00311843 0.0270757 0.999629 -0.844626 0 0 0 1 
0.999994 -4.82008e-05 -0.00333176 -0.126474 -4.82008e-05 0.999581 -0.028928 -1.09811 0.00333176 0.028928 0.999576 -0.903451 0 0 0 1 
0.999994 -5.45904e-05 -0.00354567 -0.134493 -5.45904e-05 0.999526 -0.0307853 -1.16773 0.00354567 0.0307853 0.99952 -0.962568 0 0 0 1 
0.999993 -6.13955e-05 -0.00376013 -0.14252 -6.13955e-05 0.999467 -0.0326473 -1.23743 0.00376013 0.0326473 0.99946 -1.02197 0 0 0 1 
0.999992 -6.86197e-05 -0.00397513 -0.150555 -6.86197e-05 0.999404 -0.034514 -1.3072 0.00397513 0.034514 0.999396 -1.08166 0 0 0 1 
0.999991 -7.63045e-05 -0.00419175 -0.158638 -7.63045e-05 0.999337 -0.0363948 -1.37738 0.00419175 0.0363948 0.999329 -1.14194 0 0 0 1 
0.99999 -8.43515e-05 -0.00440716 -0.166664 -8.43515e-05 0.999268 -0.0382651 -1.44706 0.00440716 0.0382651 0.999258 -1.20202 0 0 0 1 
0.999989 -9.28361e-05 -0.00462341 -0.174709 -9.28361e-05 0.999194 -0.0401427 -1.51691 0.00462341 0.0401427 0.999183 -1.26246 0 0 0 1 
0.999988 -0.00010168 -0.00483853 -0.182699 -0.00010168 0.999117 -0.0420105 -1.58628 0.00483853 0.0420105 0.999105 -1.32273 0 0 0 1 
0.999987 -0.00011093 -0.00505372 -0.190679 -0.00011093 0.999037 -0.0438789 -1.65557 0.00505372 0.0438789 0.999024 -1.38316 0 0 0 1 
0.999986 -0.000120534 -0.00526784 -0.198608 -0.000120534 0.998953 -0.045738 -1.72441 0.00526784 0.045738 0.99894 -1.44342 0 0 0 1 
0.999985 -0.000130595 -0.00548316 -0.206569 -0.000130595 0.998866 -0.0476075 -1.79353 0.00548316 0.0476075 0.998851 -1.50415 0 0 0 1 
0.999984 -0.000140969 -0.00569665 -0.214449 -0.000140969 0.998776 -0.0494611 -1.86195 0.00569665 0.0494611 0.99876 -1.5645 0 0 0 1 
0.999983 -0.000151656 -0.0059085 -0.222257 -0.000151656 0.998683 -0.0513005 -1.92975 0.0059085 0.0513005 0.998666 -1.62452 0 0 0 1 
0.999981 -0.000162705 -0.0061198 -0.230033 -0.000162705 0.998587 -0.0531351 -1.99726 0.0061198 0.0531351 0.998569 -1.68452 0 0 0 1 
0.99998 -0.00017401 -0.00632869 -0.237708 -0.00017401 0.998489 -0.0549487 -2.0639 0.00632869 0.0549487 0.998469 -1.74396 0 0 0 1 
0.999979 -0.000185666 -0.00653704 -0.245353 -0.000185666 0.998388 -0.0567578 -2.13027 0.00653704 0.0567578 0.998367 -1.80338 0 0 0 1 
0.999977 -0.000197512 -0.00674219 -0.252868 -0.000197512 0.998285 -0.058539 -2.19552 0.00674219 0.058539 0.998262 -1.86201 0 0 0 1 
0.999976 -0.000209652 -0.00694612 -0.260327 -0.000209652 0.99818 -0.0603096 -2.26029 0.00694612 0.0603096 0.998156 -1.92041 0 0 0 1 
0.999974 -0.000222094 -0.00714905 -0.267739 -0.000222094 0.998072 -0.0620716 -2.32464 0.00714905 0.0620716 0.998046 -1.97865 0 0 0 1 
0.999973 -0.000234632 -0.00734788 -0.27499 -0.000234632 0.997963 -0.0637979 -2.3876 0.00734788 0.0637979 0.997936 -2.03583 0 0 0 1 
0.999972 -0.000247399 -0.00754493 -0.282166 -0.000247399 0.997852 -0.0655088 -2.4499 0.00754493 0.0655088 0.997823 -2.09261 0 0 0 1 
0.99997 -0.000260307 -0.00773904 -0.289225 -0.000260307 0.99774 -0.0671941 -2.51119 0.00773904 0.0671941 0.99771 -2.14866 0 0 0 1 
0.999969 -0.000273379 -0.00793074 -0.296186 -0.000273379 0.997626 -0.0688586 -2.57163 0.00793074 0.0688586 0.997595 -2.20412 0 0 0 1 
0.999967 -0.000286573 -0.00811963 -0.303035 -0.000286573 0.997512 -0.0704986 -2.6311 0.00811963 0.0704986 0.997479 -2.25888 0 0 0 1 
0.999965 -0.000299772 -0.00830427 -0.309721 -0.000299772 0.997397 -0.0721017 -2.68915 0.00830427 0.0721017 0.997363 -2.3125 0 0 0 1 
0.999964 -0.000313161 -0.00848745 -0.316346 -0.000313161 0.997281 -0.0736922 -2.74667 0.00848745 0.0736922 0.997245 -2.3658 0 0 0 1 
0.999962 -0.000326463 -0.00866558 -0.322778 -0.000326463 0.997165 -0.0752388 -2.80252 0.00866558 0.0752388 0.997128 -2.41773 0 0 0 1 
0.999961 -0.000339871 -0.00884148 -0.329122 -0.000339871 0.997049 -0.076766 -2.8576 0.00884148 0.076766 0.99701 -2.46909 0 0 0 1 
0.999959 -0.000353168 -0.00901252 -0.335283 -0.000353168 0.996934 -0.0782511 -2.91109 0.00901252 0.0782511 0.996893 -2.51913 0 0 0 1 
0.999958 -0.000366407 -0.00917962 -0.341294 -0.000366407 0.996819 -0.0797019 -2.96328 0.00917962 0.0797019 0.996776 -2.5681 0 0 0 1 
0.999956 -0.000379676 -0.00934408 -0.347203 -0.000379676 0.996703 -0.0811299 -3.01459 0.00934408 0.0811299 0.99666 -2.61637 0 0 0 1 
0.999955 -0.000392797 -0.00950389 -0.352938 -0.000392797 0.99659 -0.0825174 -3.06438 0.00950389 0.0825174 0.996544 -2.66336 0 0 0 1 
0.999953 -0.000405762 -0.00965919 -0.358505 -0.000405762 0.996477 -0.0838658 -3.11271 0.00965919 0.0838658 0.99643 -2.70909 0 0 0 1 
0.999952 -0.000418479 -0.00980911 -0.363872 -0.000418479 0.996367 -0.0851675 -3.15932 0.00980911 0.0851675 0.996318 -2.75331 0 0 0 1 
0.99995 -0.000431032 -0.00995487 -0.369085 -0.000431032 0.996258 -0.086433 -3.20457 0.00995487 0.086433 0.996208 -2.79636 0 0 0 1 
0.999949 -0.000443407 -0.0100965 -0.374144 -0.000443407 0.99615 -0.0876626 -3.2485 0.0100965 0.0876626 0.996099 -2.83825 0 0 0 1 
0.999948 -0.000455601 -0.0102341 -0.379055 -0.000455601 0.996044 -0.0888575 -3.29114 0.0102341 0.0888575 0.995992 -2.87902 0 0 0 1 
0.999946 -0.000467528 -0.0103669 -0.38379 -0.000467528 0.995941 -0.0900106 -3.33225 0.0103669 0.0900106 0.995887 -2.91841 0 0 0 1 
0.999945 -0.000478988 -0.0104929 -0.388278 -0.000478988 0.995841 -0.0911049 -3.37122 0.0104929 0.0911049 0.995786 -2.95584 0 0 0 1 
0.999944 -0.000490355 -0.0106164 -0.392673 -0.000490355 0.995743 -0.0921772 -3.40937 0.0106164 0.0921772 0.995686 -2.99257 0 0 0 1 
0.999942 -0.000501241 -0.0107334 -0.39683 -0.000501241 0.995648 -0.0931925 -3.44547 0.0107334 0.0931925 0.99559 -3.02738 0 0 0 1 
0.999941 -0.000511748 -0.0108451 -0.400796 -0.000511748 0.995557 -0.094162 -3.4799 0.0108451 0.094162 0.995498 -3.06067 0 0 0 1 
0.999939 -0.000531685 -0.0110538 -0.408201 -0.000531685 0.995384 -0.0959745 -3.5442 0.0110538 0.0959745 0.995322 -3.12299 0 0 0 1 
0.999937 -0.000549765 -0.0112397 -0.414787 -0.000549765 0.995227 -0.0975888 -3.60138 0.0112397 0.0975888 0.995163 -3.1786 0 0 0 1 
0.999935 -0.000566083 -0.0114049 -0.42063 -0.000566083 0.995085 -0.099023 -3.65211 0.0114049 0.099023 0.99502 -3.2281 0 0 0 1 
0.999933 -0.000580221 -0.0115461 -0.425618 -0.000580221 0.994962 -0.100249 -3.69542 0.0115461 0.100249 0.994895 -3.27047 0 0 0 1 
0.999931 -0.000597431 -0.0117156 -0.431601 -0.000597431 0.994813 -0.101721 -3.74737 0.0117156 0.101721 0.994744 -3.32143 0 0 0 1 
0.99993 -0.000609537 -0.0118334 -0.435754 -0.000609537 0.994708 -0.102743 -3.78343 0.0118334 0.102743 0.994637 -3.35688 0 0 0 1 
0.999929 -0.00061616 -0.0118974 -0.438006 -0.00061616 0.99465 -0.103299 -3.80298 0.0118974 0.103299 0.994579 -3.37614 0 0 0 1 
0.999929 -0.00061708 -0.0119062 -0.438318 -0.00061708 0.994642 -0.103375 -3.80569 0.0119062 0.103375 0.994571 -3.37881 0 0 0 1 
0.999929 -0.000612559 -0.0118626 -0.436783 -0.000612559 0.994681 -0.102997 -3.79236 0.0118626 0.102997 0.994611 -3.36568 0 0 0 1 
0.999931 -0.000602464 -0.0117647 -0.433333 -0.000602464 0.994769 -0.102147 -3.76241 0.0117647 0.102147 0.9947 -3.33621 0 0 0 1 
0.999932 -0.000587144 -0.0116146 -0.428036 -0.000587144 0.994902 -0.100843 -3.71642 0.0116146 0.100843 0.994835 -3.29105 0 0 0 1 
0.999935 -0.00056675 -0.0114116 -0.420867 -0.00056675 0.995079 -0.0990811 -3.65417 0.0114116 0.0990811 0.995014 -3.23011 0 0 0 1 
0.999938 -0.000541688 -0.011157 -0.411859 -0.000541688 0.995297 -0.0968709 -3.57596 0.011157 0.0968709 0.995234 -3.15386 0 0 0 1 
0.999941 -0.000512377 -0.0108517 -0.401032 -0.000512377 0.995551 -0.0942198 -3.48196 0.0108517 0.0942198 0.995492 -3.06265 0 0 0 1 
0.999945 -0.000479409 -0.0104975 -0.388442 -0.000479409 0.995838 -0.0911447 -3.37264 0.0104975 0.0911447 0.995782 -2.95721 0 0 0 1 
0.99995 -0.000430759 -0.00995172 -0.368972 -0.000430759 0.99626 -0.0864057 -3.2036 0.00995172 0.0864057 0.99621 -2.79543 0 0 0 1 
0.999956 -0.000378031 -0.00932385 -0.346477 -0.000378031 0.996718 -0.0809542 -3.00828 0.00932385 0.0809542 0.996674 -2.61043 0 0 0 1 
0.999963 -0.000322985 -0.00861936 -0.32111 -0.000322985 0.997196 -0.0748375 -2.78803 0.00861936 0.0748375 0.997158 -2.40424 0 0 0 1 
0.999969 -0.00026735 -0.00784292 -0.292998 -0.00026735 0.997679 -0.068096 -2.54395 0.00784292 0.068096 0.997648 -2.1787 0 0 0 1 
0.999975 -0.000212777 -0.00699764 -0.26221 -0.000212777 0.998153 -0.060757 -2.27664 0.00699764 0.060757 0.998128 -1.93519 0 0 0 1 
0.999983 -0.000148836 -0.00585335 -0.220226 -0.000148836 0.998708 -0.0508216 -1.91211 0.00585335 0.0508216 0.998691 -1.60889 0 0 0 1 
0.999989 -9.27586e-05 -0.00462148 -0.174637 -9.27586e-05 0.999195 -0.040126 -1.51629 0.00462148 0.040126 0.999184 -1.26193 0 0 0 1 
0.999995 -4.76966e-05 -0.00331429 -0.125818 -4.76966e-05 0.999586 -0.0287763 -1.09242 0.00331429 0.0287763 0.99958 -0.898628 0 0 0 1 
0.999998 -1.63968e-05 -0.00194338 -0.07413 -1.63968e-05 0.999858 -0.0168733 -0.643633 0.00194338 0.0168733 0.999856 -0.523012 0 0 0 1 
1 -1.18563e-06 -0.000522596 -0.0200333 -1.18563e-06 0.99999 -0.00453743 -0.173939 0.000522596 0.00453743 0.99999 -0.139555 0 0 0 1 
1 -3.78899e-06 0.000934224 0.0359938 -3.78899e-06 0.999967 0.00811139 0.312516 -0.000934224 -0.00811139 0.999967 0.24748 0 0 0 1 
0.999997 -2.52504e-05 0.00241159 0.0933883 -2.52504e-05 0.999781 0.0209386 0.810843 -0.00241159 -0.0209386 0.999778 0.633614 0 0 0 1 
0.999992 -6.58179e-05 0.00389316 0.15153 -6.58179e-05 0.999429 0.0338023 1.31566 -0.00389316 -0.0338023 0.999421 1.01441 0 0 0 1 
0.999986 -0.000124837 0.005361 0.209711 -0.000124837 0.998916 0.0465468 1.82081 -0.005361 -0.0465468 0.998902 1.38532 0 0 0 1 
0.999977 -0.000200475 0.00679253 0.267006 -0.000200475 0.998259 0.058976 2.31828 -0.00679253 -0.058976 0.998236 1.74095 0 0 0 1 
0.999967 -0.000290023 0.00816831 0.322588 -0.000290023 0.997482 0.0709213 2.80087 -0.00816831 -0.0709213 0.997448 2.07703 0 0 0 1 
0.999955 -0.000389181 0.00946013 0.375239 -0.000389181 0.996621 0.0821374 3.25801 -0.00946013 -0.0821374 0.996576 2.3875 0 0 0 1 
0.999943 -0.000492891 0.0106438 0.423878 -0.000492891 0.99572 0.0924147 3.68031 -0.0106438 -0.0924147 0.995664 2.66765 0 0 0 1 
0.999932 -0.000594549 0.0116874 0.467073 -0.000594549 0.994838 0.101476 4.05536 -0.0116874 -0.101476 0.994769 2.91119 0 0 0 1 
0.999921 -0.00068658 0.0125569 0.503286 -0.00068658 0.994039 0.109025 4.36978 -0.0125569 -0.109025 0.99396 3.11161 0 0 0 1 
0.999912 -0.000760834 0.0132163 0.530888 -0.000760834 0.993394 0.11475 4.60943 -0.0132163 -0.11475 0.993306 3.26211 0 0 0 1 
0.999907 -0.000809485 0.0136308 0.5483 -0.000809485 0.992972 0.11835 4.76061 -0.0136308 -0.11835 0.992878 3.35606 0 0 0 1 
0.999905 -0.000825171 0.0137618 0.55381 -0.000825171 0.992835 0.119487 4.80845 -0.0137618 -0.119487 0.99274 3.38563 0 0 0 1 
0.999908 -0.000803058 0.0135768 0.546028 -0.000803058 0.993027 0.117881 4.74088 -0.0135768 -0.117881 0.992935 3.34384 0 0 0 1 
0.999915 -0.000741434 0.0130473 0.523802 -0.000741434 0.993563 0.113283 4.5479 -0.0130473 -0.113283 0.993477 3.22366 0 0 0 1 
0.999926 -0.000642775 0.0121509 0.486351 -0.000642775 0.994419 0.1055 4.22274 -0.0121509 -0.1055 0.994345 3.0183 0 0 0 1 
0.999941 -0.000514626 0.0108754 0.433439 -0.000514626 0.995532 0.0944258 3.76333 -0.0108754 -0.0944258 0.995472 2.72198 0 0 0 1 
0.999957 -0.000369807 0.00922203 0.365501 -0.000369807 0.996789 0.0800702 3.17346 -0.00922203 -0.0800702 0.996747 2.33065 0 0 0 1 
0.999974 -0.000225172 0.00719837 0.28335 -0.000225172 0.998045 0.0624998 2.46018 -0.00719837 -0.0624998 0.998019 1.84067 0 0 0 1 
0.999988 -0.00010133 0.0048302 0.188605 -0.00010133 0.99912 0.0419382 1.63756 -0.0048302 -0.0419382 0.999109 1.25193 0 0 0 1 
0.999998 -2.00286e-05 0.00214782 0.0830986 -2.00286e-05 0.999826 0.0186485 0.721503 -0.00214782 -0.0186485 0.999824 0.565145 0 0 0 1 
1 -2.7956e-06 -0.000802468 -0.030732 -2.7956e-06 0.999976 -0.00696742 -0.26683 0.000802468 0.00696742 0.999975 -0.214622 0 0 0 1 
0.999992 -6.84039e-05 -0.00396888 -0.150322 -6.84039e-05 0.999406 -0.0344597 -1.30517 0.00396888 0.0344597 0.999398 -1.07992 0 0 0 1 
0.999973 -0.00023129 -0.00729542 -0.273078 -0.00023129 0.997992 -0.0633424 -2.371 0.00729542 0.0633424 0.997965 -2.02073 0 0 0 1 
0.999942 -0.00050003 -0.0107204 -0.39637 -0.00050003 0.995658 -0.0930801 -3.44148 0.0107204 0.0930801 0.995601 -3.02353 0 0 0 1 
0.999899 -0.000876725 -0.0141836 -0.517814 -0.000876725 0.992388 -0.123149 -4.49592 0.0141836 0.123149 0.992287 -4.07294 0 0 0 1 
0.999844 -0.00135664 -0.0176248 -0.635253 -0.00135664 0.988221 -0.153027 -5.51558 0.0176248 0.153027 0.988065 -5.15141 0 0 0 1 
0.999778 -0.00192955 -0.0209928 -0.747024 -0.00192955 0.983247 -0.182269 -6.48603 0.0209928 0.182269 0.983025 -6.24177 0 0 0 1 
0.999703 -0.00257895 -0.0242347 -0.851609 -0.00257895 0.977608 -0.210417 -7.39409 0.0242347 0.210417 0.977311 -7.32441 0 0 0 1 
0.999622 -0.00328493 -0.0273084 -0.947999 -0.00328493 0.971479 -0.237105 -8.23099 0.0273084 0.237105 0.9711 -8.38139 0 0 0 1 
0.999536 -0.00402495 -0.0301783 -1.03552 -0.00402495 0.965053 -0.262022 -8.99088 0.0301783 0.262022 0.96459 -9.3956 0 0 0 1 
0.99945 -0.00477416 -0.032812 -1.11369 -0.00477416 0.958548 -0.28489 -9.66958 0.032812 0.28489 0.957999 -10.35 0 0 0 1 
0.999366 -0.00550815 -0.035186 -1.18235 -0.00550815 0.952176 -0.305502 -10.2657 0.035186 0.305502 0.951541 -11.2301 0 0 0 1 
0.999286 -0.00620271 -0.0372801 -1.24147 -0.00620271 0.946145 -0.323684 -10.779 0.0372801 0.323684 0.945431 -12.0224 0 0 0 1 
0.999213 -0.00683562 -0.0390798 -1.29117 -0.00683562 0.94065 -0.33931 -11.2106 0.0390798 0.33931 0.939863 -12.7155 0 0 0 1 
0.999149 -0.00738655 -0.0405733 -1.33164 -0.00738655 0.935866 -0.352278 -11.5619 0.0405733 0.352278 0.935016 -13.2993 0 0 0 1 
0.999097 -0.00783889 -0.0417542 -1.36311 -0.00783889 0.931939 -0.362531 -11.8352 0.0417542 0.362531 0.931036 -13.7666 0 0 0 1 
0.999058 -0.00817876 -0.0426168 -1.38581 -0.00817876 0.928988 -0.370019 -12.0323 0.0426168 0.370019 0.928046 -14.1111 0 0 0 1 
0.999033 -0.00839775 -0.0431619 -1.40004 -0.00839775 0.927087 -0.374753 -12.1558 0.0431619 0.374753 0.926119 -14.3302 0 0 0 1 
0.999022 -0.00849115 -0.0433921 -1.40601 -0.00849115 0.926276 -0.376751 -12.2077 0.0433921 0.376751 0.925298 -14.4231 0 0 0 1 
0.999026 -0.00845934 -0.0433138 -1.40398 -0.00845934 0.926552 -0.376072 -12.19 0.0433138 0.376072 0.925578 -14.3915 0 0 0 1 
0.999043 -0.00830654 -0.0429359 -1.39415 -0.00830654 0.927879 -0.37279 -12.1047 0.0429359 0.37279 0.926922 -14.2392 0 0 0 1 
0.999074 -0.00804261 -0.0422737 -1.37681 -0.00804261 0.93017 -0.367041 -11.9542 0.0422737 0.367041 0.929244 -13.9737 0 0 0 1 
0.999115 -0.00767969 -0.041343 -1.3522 -0.00767969 0.933321 -0.358961 -11.7405 0.041343 0.358961 0.932437 -13.6033 0 0 0 1 
0.999167 -0.00723359 -0.040165 -1.32065 -0.00723359 0.937194 -0.348732 -11.4665 0.040165 0.348732 0.936361 -13.1389 0 0 0 1 
0.999226 -0.00672145 -0.0387621 -1.28247 -0.00672145 0.941641 -0.336552 -11.1351 0.0387621 0.336552 0.940867 -12.5923 0 0 0 1 
0.99929 -0.00616202 -0.037161 -1.23814 -0.00616202 0.946498 -0.32265 -10.7502 0.037161 0.32265 0.945789 -11.977 0 0 0 1 
0.999358 -0.005574 -0.0353904 -1.18818 -0.005574 0.951604 -0.307277 -10.3164 0.0353904 0.307277 0.950962 -11.3068 0 0 0 1 
0.999427 -0.00497482 -0.0334793 -1.13316 -0.00497482 0.956806 -0.290684 -9.83867 0.0334793 0.290684 0.956233 -10.5955 0 0 0 1 
0.999495 -0.00438151 -0.0314615 -1.07386 -0.00438151 0.961958 -0.273164 -9.32381 0.0314615 0.273164 0.961453 -9.85775 0 0 0 1 
0.999561 -0.00380812 -0.0293684 -1.01107 -0.00380812 0.966936 -0.25499 -8.77857 0.0293684 0.25499 0.966497 -9.10668 0 0 0 1 
0.999624 -0.00326665 -0.0272334 -0.94568 -0.00326665 0.971637 -0.236453 -8.21085 0.0272334 0.236453 0.971261 -8.35524 0 0 0 1 
0.999681 -0.00276701 -0.0250922 -0.878775 -0.00276701 0.975975 -0.217863 -7.62996 0.0250922 0.217863 0.975657 -7.6163 0 0 0 1 
0.999733 -0.00231578 -0.0229783 -0.811432 -0.00231578 0.979893 -0.199509 -7.04525 0.0229783 0.199509 0.979627 -6.90097 0 0 0 1 
0.999779 -0.00191702 -0.0209251 -0.74481 -0.00191702 0.983355 -0.181682 -6.4668 0.0209251 0.181682 0.983135 -6.21952 0 0 0 1 
0.999819 -0.00157205 -0.0189635 -0.680059 -0.00157205 0.986351 -0.164651 -5.9046 0.0189635 0.164651 0.98617 -5.58066 0 0 0 1 
0.999853 -0.00128039 -0.0171253 -0.618408 -0.00128039 0.988883 -0.14869 -5.36932 0.0171253 0.14869 0.988736 -4.99264 0 0 0 1 
0.99988 -0.00103972 -0.0154403 -0.561078 -0.00103972 0.990973 -0.13406 -4.87155 0.0154403 0.13406 0.990853 -4.46265 0 0 0 1 
0.999903 -0.000846405 -0.0139371 -0.509278 -0.000846405 0.992651 -0.121009 -4.4218 0.0139371 0.121009 0.992554 -3.99707 0 0 0 1 
0.99992 -0.000696189 -0.0126442 -0.464232 -0.000696189 0.993955 -0.109783 -4.03069 0.0126442 0.109783 0.993875 -3.60204 0 0 0 1 
0.999933 -0.000584744 -0.0115909 -0.4272 -0.000584744 0.994923 -0.100638 -3.70916 0.0115909 0.100638 0.994856 -3.28393 0 0 0 1 
0.999941 -0.000508157 -0.010807 -0.399445 -0.000508157 0.995588 -0.0938318 -3.46818 0.010807 0.0938318 0.995529 -3.04933 0 0 0 1 
0.999947 -0.000463325 -0.0103203 -0.382129 -0.000463325 0.995977 -0.0896059 -3.31783 0.0103203 0.0896059 0.995924 -2.90458 0 0 0 1 
0.999948 -0.000449108 -0.0101611 -0.376449 -0.000449108 0.996101 -0.0882233 -3.26851 0.0101611 0.0882233 0.996049 -2.85737 0 0 0 1 
0.999946 -0.000466861 -0.0103595 -0.383527 -0.000466861 0.995946 -0.0899465 -3.32997 0.0103595 0.0899465 0.995893 -2.91622 0 0 0 1 
0.99994 -0.000520217 -0.0109342 -0.40396 -0.000520217 0.995483 -0.0949363 -3.50738 0.0109342 0.0949363 0.995423 -3.08727 0 0 0 1 
0.999929 -0.000616378 -0.0118995 -0.43808 -0.000616378 0.994648 -0.103317 -3.80362 0.0118995 0.103317 0.994577 -3.37678 0 0 0 1 
0.999912 -0.000765806 -0.0132593 -0.485719 -0.000765806 0.993351 -0.115123 -4.21725 0.0132593 0.115123 0.993263 -3.78935 0 0 0 1 
0.999887 -0.000980688 -0.0149975 -0.545885 -0.000980688 0.991485 -0.130216 -4.73964 0.0149975 0.130216 0.991372 -4.3248 0 0 0 1 
0.999853 -0.00127301 -0.0170761 -0.616746 -0.00127301 0.988947 -0.148263 -5.35489 0.0170761 0.148263 0.9888 -4.97705 0 0 0 1 
0.99981 -0.00165265 -0.0194401 -0.695889 -0.00165265 0.985651 -0.168789 -6.04205 0.0194401 0.168789 0.985461 -5.73479 0 0 0 1 
0.999756 -0.00212273 -0.0220092 -0.780133 -0.00212273 0.981569 -0.191094 -6.7735 0.0220092 0.191094 0.981325 -6.57768 0 0 0 1 
0.999692 -0.0026782 -0.0246911 -0.866095 -0.0026782 0.976747 -0.21438 -7.51986 0.0246911 0.21438 0.976438 -7.47949 0 0 0 1 
0.99962 -0.00330241 -0.0273798 -0.950208 -0.00330241 0.971327 -0.237725 -8.25017 0.0273798 0.237725 0.970947 -8.40632 0 0 0 1 
0.999543 -0.00396788 -0.0299674 -1.02917 -0.00396788 0.965549 -0.260191 -8.93577 0.0299674 0.260191 0.965092 -9.32016 0 0 0 1 
0.999466 -0.00464073 -0.0323599 -1.10042 -0.00464073 0.959707 -0.280965 -9.55437 0.0323599 0.280965 0.959172 -10.1846 0 0 0 1 
0.999392 -0.00527997 -0.0344672 -1.16174 -0.00527997 0.954157 -0.299261 -10.0868 0.0344672 0.299261 0.953549 -10.9617 0 0 0 1 
0.999326 -0.00584886 -0.03623 -1.21199 -0.00584886 0.949217 -0.314567 -10.5231 0.03623 0.314567 0.948544 -11.6233 0 0 0 1 
0.999273 -0.00631373 -0.0376028 -1.25046 -0.00631373 0.945181 -0.326486 -10.8571 0.0376028 0.326486 0.944454 -12.1458 0 0 0 1 
0.999234 -0.00665264 -0.0385692 -1.27718 -0.00665264 0.942239 -0.334876 -11.0891 0.0385692 0.334876 0.941472 -12.5177 0 0 0 1 
0.999211 -0.0068504 -0.0391207 -1.29229 -0.0068504 0.940521 -0.339665 -11.2203 0.0391207 0.339665 0.939732 -12.7314 0 0 0 1 
0.999205 -0.00690204 -0.0392633 -1.29618 -0.00690204 0.940073 -0.340903 -11.2541 0.0392633 0.340903 0.939278 -12.7868 0 0 0 1 
0.999215 -0.00681161 -0.0390132 -1.28935 -0.00681161 0.940858 -0.338732 -11.1948 0.0390132 0.338732 0.940074 -12.6896 0 0 0 1 
0.999241 -0.00659076 -0.0383948 -1.27238 -0.00659076 0.942776 -0.333362 -11.0474 0.0383948 0.333362 0.942017 -12.4503 0 0 0 1 
0.99928 -0.00625402 -0.0374296 -1.24564 -0.00625402 0.9457 -0.324982 -10.8152 0.0374296 0.324982 0.944979 -12.0796 0 0 0 1 
0.999329 -0.00582292 -0.0361517 -1.20978 -0.00582292 0.949443 -0.313887 -10.5039 0.0361517 0.313887 0.948772 -11.5936 0 0 0 1 
0.999387 -0.00531905 -0.0345914 -1.16531 -0.00531905 0.953817 -0.30034 -10.1178 0.0345914 0.30034 0.953205 -11.0079 0 0 0 1 
0.999451 -0.0047655 -0.0327828 -1.11283 -0.0047655 0.958624 -0.284637 -9.66217 0.0327828 0.284637 0.958075 -10.3393 0 0 0 1 
0.999518 -0.00418622 -0.0307658 -1.05314 -0.00418622 0.963653 -0.267124 -9.14385 0.0307658 0.267124 0.963171 -9.60653 0 0 0 1 
0.999585 -0.00360333 -0.0285809 -0.987104 -0.00360333 0.968714 -0.248153 -8.57052 0.0285809 0.248153 0.968299 -8.8278 0 0 0 1 
0.99965 -0.00303564 -0.0262663 -0.915626 -0.00303564 0.973643 -0.228057 -7.94991 0.0262663 0.228057 0.973293 -8.01969 0 0 0 1 
0.999712 -0.00249984 -0.0238643 -0.839811 -0.00249984 0.978295 -0.207201 -7.29165 0.0238643 0.207201 0.978007 -7.19906 0 0 0 1 
0.999769 -0.00200818 -0.0214125 -0.760732 -0.00200818 0.982564 -0.185914 -6.60505 0.0214125 0.185914 0.982333 -6.3801 0 0 0 1 
0.999819 -0.00157008 -0.0189517 -0.679666 -0.00157008 0.986368 -0.164548 -5.90119 0.0189517 0.164548 0.986187 -5.57685 0 0 0 1 
0.999863 -0.00119067 -0.0165177 -0.597824 -0.00119067 0.989662 -0.143414 -5.1906 0.0165177 0.143414 0.989525 -4.80052 0 0 0 1 
0.9999 -0.00087155 -0.0141418 -0.516369 -0.00087155 0.992433 -0.122786 -4.48337 0.0141418 0.122786 0.992332 -4.06007 0 0 0 1 
0.99993 -0.00061181 -0.0118554 -0.436528 -0.00061181 0.994688 -0.102934 -3.79015 0.0118554 0.102934 0.994618 -3.3635 0 0 0 1 
0.999953 -0.000407834 -0.00968378 -0.359385 -0.000407834 0.996459 -0.0840793 -3.12036 0.00968378 0.0840793 0.996412 -2.71634 0 0 0 1 
0.999971 -0.000254334 -0.00764983 -0.285982 -0.000254334 0.997792 -0.0664196 -2.48303 0.00764983 0.0664196 0.997762 -2.12289 0 0 0 1 
0.999983 -0.000144623 -0.00576996 -0.217153 -0.000144623 0.998744 -0.0500976 -1.88543 0.00576996 0.0500976 0.998728 -1.58526 0 0 0 1 
0.999992 -7.15694e-05 -0.00405965 -0.153711 -7.15694e-05 0.999379 -0.0352478 -1.33459 0.00405965 0.0352478 0.99937 -1.10516 0 0 0 1 
0.999997 -2.78228e-05 -0.00253144 -0.0963632 -2.78228e-05 0.999758 -0.0219792 -0.836673 0.00253144 0.0219792 0.999755 -0.683458 0 0 0 1 
0.999999 -6.1798e-06 -0.00119309 -0.0456297 -6.1798e-06 0.999946 -0.010359 -0.396179 0.00119309 0.010359 0.999946 -0.319779 0 0 0 1 
1 -1.0895e-08 -5.00964e-05 -0.00192355 -1.0895e-08 1 -0.000434962 -0.0167012 5.00964e-05 0.000434962 1 -0.0133431 0 0 0 1 
1 -3.47468e-06 0.000894638 0.034464 -3.47468e-06 0.99997 0.00776768 0.299233 -0.000894638 -0.00776768 0.999969 0.237046 0 0 0 1 
0.999999 -1.16653e-05 0.00163919 0.0633088 -1.16653e-05 0.999899 0.0142323 0.549678 -0.00163919 -0.0142323 0.999897 0.432535 0 0 0 1 
0.999998 -2.07406e-05 0.00218566 0.0845737 -2.07406e-05 0.99982 0.018977 0.73431 -0.00218566 -0.018977 0.999818 0.57498 0 0 0 1 
0.999997 -2.79282e-05 0.00253623 0.098257 -2.79282e-05 0.999758 0.0220208 0.853115 -0.00253623 -0.0220208 0.999754 0.665898 0 0 0 1 
0.999996 -3.15812e-05 0.00269697 0.104542 -3.15812e-05 0.999726 0.0234165 0.907688 -0.00269697 -0.0234165 0.999722 0.707467 0 0 0 1 
0.999996 -3.10472e-05 0.00267408 0.103647 -3.10472e-05 0.99973 0.0232177 0.899911 -0.00267408 -0.0232177 0.999727 0.70155 0 0 0 1 
0.999997 -2.66029e-05 0.00247532 0.0958774 -2.66029e-05 0.999769 0.0214919 0.832454 -0.00247532 -0.0214919 0.999766 0.650128 0 0 0 1 
0.999998 -1.93846e-05 0.00211301 0.0817421 -1.93846e-05 0.999832 0.0183462 0.709725 -0.00211301 -0.0183462 0.999829 0.556094 0 0 0 1 
0.999999 -1.10817e-05 0.00159766 0.061696 -1.10817e-05 0.999904 0.0138717 0.535675 -0.00159766 -0.0138717 0.999903 0.421674 0 0 0 1 
1 -3.86993e-06 0.000944149 0.0363775 -3.86993e-06 0.999966 0.00819756 0.315847 -0.000944149 -0.00819756 0.999966 0.250096 0 0 0 1 
1 -1.22873e-07 0.000168237 0.00646469 -1.22873e-07 0.999999 0.00146072 0.0561296 -0.000168237 -0.00146072 0.999999 0.0447558 0 0 0 1 
