0.999999 0.00107741 -3.77336e-20 -0.0347898 -0.00107741 0.999999 -0.000169625 0.00510795 -1.82755e-07 0.000169625 1 -0.00547679 0 0 0 1 
0.999998 0.00208246 -7.53071e-20 -0.067243 -0.00208246 0.999998 -0.000337988 0.0102115 -7.03845e-07 0.000337987 1 -0.010912 0 0 0 1 
0.999995 0.00302768 -1.11819e-19 -0.0977646 -0.00302768 0.999995 -0.000501128 0.0151859 -1.51726e-06 0.000501126 1 -0.0161777 0 0 0 1 
0.999992 0.00390747 -1.46775e-19 -0.126173 -0.00390747 0.999992 -0.000656921 0.0199611 -2.5669e-06 0.000656916 1 -0.0212055 0 0 0 1 
0.999989 0.00472017 -1.82416e-19 -0.152415 -0.00472017 0.999989 -0.000815569 0.0248375 -3.84962e-06 0.00081556 1 -0.0263246 0 0 0 1 
0.999985 0.00546187 -2.16305e-19 -0.176365 -0.00546186 0.999985 -0.000966178 0.0294821 -5.27714e-06 0.000966164 1 -0.0311836 0 0 0 1 
0.999981 0.00613649 -2.50646e-19 -0.198149 -0.00613649 0.999981 -0.00111877 0.0341913 -6.86531e-06 0.00111875 0.999999 -0.0361059 0 0 0 1 
0.999977 0.00674015 -2.83571e-19 -0.217641 -0.00674014 0.999976 -0.001265 0.0387093 -8.52629e-06 0.00126497 0.999999 -0.0408222 0 0 0 1 
0.999974 0.00727831 -3.15649e-19 -0.235018 -0.0072783 0.999973 -0.00140749 0.0431121 -1.02442e-05 0.00140746 0.999999 -0.0454174 0 0 0 1 
0.99997 0.00773868 -3.47789e-19 -0.249884 -0.00773868 0.999969 -0.00155045 0.0475191 -1.19984e-05 0.0015504 0.999999 -0.0500267 0 0 0 1 
0.999967 0.0081355 -3.77175e-19 -0.262697 -0.00813549 0.999965 -0.00168117 0.0515493 -1.36772e-05 0.00168111 0.999999 -0.0542411 0 0 0 1 
0.999964 0.00845478 -4.06989e-19 -0.273007 -0.00845476 0.999963 -0.00181411 0.0556305 -1.53379e-05 0.00181404 0.999998 -0.0585265 0 0 0 1 
0.999962 0.00870378 -4.35562e-19 -0.281047 -0.00870376 0.99996 -0.00194174 0.0595363 -1.69005e-05 0.00194167 0.999998 -0.0626404 0 0 0 1 
0.999961 0.00887739 -4.62942e-19 -0.286653 -0.00887737 0.999958 -0.00206435 0.0632716 -1.8326e-05 0.00206426 0.999998 -0.0665916 0 0 0 1 
0.99996 0.00898101 -4.89767e-19 -0.289999 -0.00898099 0.999957 -0.00218478 0.0669228 -1.96216e-05 0.0021847 0.999998 -0.0704727 0 0 0 1 
0.999959 0.0090116 -5.13748e-19 -0.290987 -0.00901157 0.999957 -0.00229277 0.070179 -2.06615e-05 0.00229267 0.999997 -0.0739521 0 0 0 1 
0.99996 0.00896571 -5.3844e-19 -0.289505 -0.00896568 0.999957 -0.00240434 0.0735214 -2.15566e-05 0.00240425 0.999997 -0.0775469 0 0 0 1 
0.999961 0.00885244 -5.61005e-19 -0.285847 -0.00885241 0.999958 -0.00250666 0.0765665 -2.219e-05 0.00250656 0.999997 -0.0808432 0 0 0 1 
0.999963 0.0086599 -5.82919e-19 -0.27963 -0.00865987 0.999959 -0.00260642 0.0795131 -2.25713e-05 0.00260632 0.999997 -0.0840569 0 0 0 1 
0.999965 0.00840065 -6.02536e-19 -0.271259 -0.00840062 0.999961 -0.00269612 0.0821404 -2.26492e-05 0.00269603 0.999996 -0.0869463 0 0 0 1 
0.999967 0.00806781 -6.2198e-19 -0.260511 -0.00806778 0.999964 -0.00278533 0.0847362 -2.24715e-05 0.00278524 0.999996 -0.0898198 0 0 0 1 
0.999971 0.00765873 -6.39178e-19 -0.247302 -0.0076587 0.999967 -0.00286469 0.0870201 -2.19399e-05 0.0028646 0.999996 -0.0923756 0 0 0 1 
0.999974 0.00718376 -6.54892e-19 -0.231965 -0.00718373 0.99997 -0.00293752 0.089098 -2.11024e-05 0.00293744 0.999996 -0.0947212 0 0 0 1 
0.999978 0.00663331 -6.68499e-19 -0.214191 -0.00663328 0.999973 -0.00300099 0.0908856 -1.99065e-05 0.00300093 0.999995 -0.0967656 0 0 0 1 
0.999982 0.00601259 -6.81012e-19 -0.194148 -0.00601256 0.999977 -0.00305961 0.0925231 -1.83962e-05 0.00305956 0.999995 -0.0986533 0 0 0 1 
0.999986 0.00531719 -6.91575e-19 -0.171693 -0.00531716 0.999981 -0.00310944 0.0938957 -1.65335e-05 0.0031094 0.999995 -0.100258 0 0 0 1 
0.99999 0.00455708 -7.01605e-19 -0.147149 -0.00455706 0.999985 -0.00315676 0.095199 -1.43856e-05 0.00315673 0.999995 -0.101782 0 0 0 1 
0.999993 0.00371808 -7.10084e-19 -0.120058 -0.00371806 0.999988 -0.00319693 0.0962962 -1.18864e-05 0.00319691 0.999995 -0.103076 0 0 0 1 
0.999996 0.00281245 -7.15968e-19 -0.0908146 -0.00281243 0.999991 -0.00322512 0.0970491 -9.07048e-06 0.0032251 0.999995 -0.103983 0 0 0 1 
0.999998 0.00184534 -7.1974e-19 -0.0595865 -0.00184533 0.999993 -0.00324337 0.0975261 -5.98514e-06 0.00324337 0.999995 -0.104571 0 0 0 1 
1 0.000807456 -7.21294e-19 -0.0260729 -0.000807452 0.999994 -0.00325115 0.0977157 -2.62516e-06 0.00325115 0.999995 -0.104822 0 0 0 1 
1 -0.000303021 -7.22372e-19 0.00978463 0.00030302 0.999995 -0.00325617 0.0978576 9.86688e-07 0.00325617 0.999995 -0.104983 0 0 0 1 
0.999999 -0.00147646 -7.19899e-19 0.0476753 0.00147646 0.999994 -0.00324443 0.0975381 4.79028e-06 0.00324443 0.999995 -0.104605 0 0 0 1 
0.999996 -0.00271481 -7.1592e-19 0.0876619 0.0027148 0.999991 -0.00322505 0.0970383 8.75539e-06 0.00322503 0.999995 -0.103981 0 0 0 1 
0.999992 -0.00401786 -7.11137e-19 0.129738 0.00401784 0.999987 -0.00320104 0.0964574 1.28613e-05 0.00320102 0.999995 -0.103208 0 0 0 1 
0.999985 -0.00538743 -7.02705e-19 0.173961 0.0053874 0.99998 -0.00315944 0.0954131 1.70213e-05 0.0031594 0.999995 -0.101868 0 0 0 1 
0.999977 -0.006814 -6.92131e-19 0.220026 0.00681397 0.999972 -0.00310693 0.0941135 2.11706e-05 0.00310686 0.999995 -0.100176 0 0 0 1 
0.999965 -0.00831349 -6.80279e-19 0.268445 0.00831346 0.999961 -0.0030472 0.0926817 2.53329e-05 0.00304709 0.999995 -0.098252 0 0 0 1 
0.999951 -0.00986245 -6.65515e-19 0.318461 0.00986241 0.999947 -0.00297282 0.0908977 2.93193e-05 0.00297268 0.999996 -0.0958558 0 0 0 1 
0.999934 -0.0114837 -6.49727e-19 0.370811 0.0114836 0.99993 -0.00289204 0.0890256 3.32113e-05 0.00289185 0.999996 -0.0932532 0 0 0 1 
0.999914 -0.0131513 -6.29226e-19 0.424659 0.0131513 0.99991 -0.00278822 0.0865648 3.66688e-05 0.00278798 0.999996 -0.089908 0 0 0 1 
0.999889 -0.0148862 -6.08969e-19 0.480678 0.0148861 0.999886 -0.00268342 0.0841968 3.99458e-05 0.00268312 0.999996 -0.0865307 0 0 0 1 
0.999861 -0.0166715 -5.8436e-19 0.538328 0.0166715 0.999858 -0.00255687 0.0812993 4.2627e-05 0.00255652 0.999997 -0.0824524 0 0 0 1 
0.999829 -0.0185165 -5.58645e-19 0.597904 0.0185165 0.999826 -0.00242297 0.0783199 4.4865e-05 0.00242255 0.999997 -0.0781368 0 0 0 1 
0.999792 -0.0204116 -5.29087e-19 0.659095 0.0204115 0.999789 -0.00226931 0.0748896 4.63202e-05 0.00226883 0.999997 -0.0731839 0 0 0 1 
0.99975 -0.0223634 -4.97167e-19 0.722119 0.0223634 0.999748 -0.00210232 0.0712165 4.7015e-05 0.00210179 0.999998 -0.0678011 0 0 0 1 
0.999703 -0.0243674 -4.64033e-19 0.786828 0.0243673 0.999701 -0.00192708 0.0674601 4.69578e-05 0.0019265 0.999998 -0.0621515 0 0 0 1 
0.999651 -0.0264207 -4.27419e-19 0.85313 0.0264207 0.999649 -0.00173322 0.0633171 4.57928e-05 0.00173261 0.999998 -0.0559014 0 0 0 1 
0.999593 -0.0285232 -3.87727e-19 0.921021 0.0285232 0.999592 -0.0015224 0.0588474 4.34238e-05 0.00152178 0.999999 -0.0491039 0 0 0 1 
0.999529 -0.0306793 -3.45199e-19 0.990643 0.0306793 0.999528 -0.00129548 0.0540912 3.97445e-05 0.00129487 0.999999 -0.0417865 0 0 0 1 
0.99946 -0.0328729 -2.98858e-19 1.06147 0.0328729 0.999459 -0.00104816 0.048914 3.4456e-05 0.00104759 0.999999 -0.0338105 0 0 0 1 
0.999383 -0.0351152 -2.50375e-19 1.13388 0.0351152 0.999383 -0.000787612 0.0435527 2.76572e-05 0.000787126 1 -0.0254072 0 0 0 1 
0.9993 -0.0374064 -2.00174e-19 1.20786 0.0374063 0.9993 -0.000515579 0.0380704 1.92859e-05 0.000515218 1 -0.0166325 0 0 0 1 
0.99921 -0.0397391 -1.46932e-19 1.28319 0.0397391 0.99921 -0.000226074 0.0322895 8.98399e-06 0.000225895 1 -0.00729345 0 0 0 1 
0.999113 -0.0421108 -8.85534e-20 1.35977 0.0421108 0.999113 9.04284e-05 0.0259305 -3.80801e-06 -9.03482e-05 1 0.00291749 0 0 0 1 
0.999008 -0.0445267 -2.9864e-20 1.43778 0.0445267 0.999008 0.000412471 0.0196543 -1.8366e-05 -0.000412062 1 0.0133081 0 0 0 1 
0.998896 -0.0469814 3.34469e-20 1.51704 0.0469814 0.998895 0.000759494 0.0128805 -3.56821e-05 -0.000758655 1 0.0245058 0 0 0 1 
0.998776 -0.0494706 1.00268e-19 1.59742 0.0494705 0.998775 0.00112652 0.00576149 -5.57297e-05 -0.00112514 0.999999 0.0363502 0 0 0 1 
0.998511 -0.0545591 2.4247e-19 1.76173 0.054559 0.998509 0.00191246 -0.00921987 -0.000104342 -0.00190961 0.999998 0.0617167 0 0 0 1 
0.998212 -0.059776 3.99801e-19 1.93018 0.0597757 0.998208 0.00278464 -0.0256735 -0.000166455 -0.00277966 0.999996 0.0898723 0 0 0 1 
0.997878 -0.0651172 5.69309e-19 2.10265 0.0651167 0.997871 0.00373066 -0.0431635 -0.00024293 -0.00372274 0.999993 0.120417 0 0 0 1 
0.997506 -0.070578 7.53642e-19 2.27898 0.0705772 0.997495 0.00476321 -0.0620078 -0.000336178 -0.00475134 0.999989 0.153762 0 0 0 1 
0.99688 -0.078937 1.05921e-18 2.5489 0.0789354 0.996859 0.00647968 -0.0929564 -0.000511487 -0.00645947 0.999979 0.209207 0 0 0 1 
0.996166 -0.0874835 1.39874e-18 2.82486 0.0874805 0.996131 0.00839449 -0.1269 -0.00073438 -0.00836231 0.999965 0.271078 0 0 0 1 
0.995364 -0.0961752 1.77606e-18 3.10552 0.0961699 0.995309 0.0105248 -0.164279 -0.00101222 -0.010476 0.999945 0.339934 0 0 0 1 
0.994476 -0.104966 2.1948e-18 3.38938 0.104957 0.994393 0.0128855 -0.20552 -0.00135254 -0.0128143 0.999917 0.416267 0 0 0 1 
0.9935 -0.113828 2.65295e-18 3.67554 0.113815 0.993382 0.0154665 -0.250286 -0.00176053 -0.015366 0.99988 0.49976 0 0 0 1 
0.992443 -0.122705 3.15694e-18 3.96217 0.122684 0.992277 0.0182931 -0.29942 -0.00224465 -0.0181549 0.999833 0.591244 0 0 0 1 
0.991307 -0.131568 3.70583e-18 4.24837 0.131538 0.991081 0.0213581 -0.352747 -0.00281005 -0.0211725 0.999772 0.690507 0 0 0 1 
0.990098 -0.140376 4.30386e-18 4.53278 0.140333 0.989797 0.024676 -0.410816 -0.00346392 -0.0244317 0.999696 0.79804 0 0 0 1 
0.988824 -0.149089 4.953e-18 4.81412 0.14903 0.988429 0.0282502 -0.47388 -0.0042118 -0.0279345 0.999601 0.913985 0 0 0 1 
0.987492 -0.157667 5.65599e-18 5.09112 0.157586 0.986984 0.0320867 -0.542305 -0.00505903 -0.0316854 0.999485 1.03858 0 0 0 1 
0.986113 -0.166075 6.41441e-18 5.3626 0.165966 0.985467 0.0361858 -0.616308 -0.00600955 -0.0356832 0.999345 1.17187 0 0 0 1 
0.984218 -0.176958 7.51537e-18 5.714 0.176801 0.983347 0.0420621 -0.724148 -0.00744321 -0.0413983 0.999115 1.36331 0 0 0 1 
0.982288 -0.187376 8.72677e-18 6.05041 0.187156 0.981136 0.0484234 -0.843578 -0.00907337 -0.0475657 0.998827 1.5711 0 0 0 1 
0.980352 -0.197256 1.00503e-17 6.36944 0.196955 0.978854 0.0552564 -0.974889 -0.0108996 -0.0541707 0.998472 1.79502 0 0 0 1 
0.978443 -0.206517 1.14898e-17 6.66847 0.206112 0.976527 0.0625546 -1.11868 -0.0129186 -0.0612061 0.998042 2.03511 0 0 0 1 
0.976598 -0.215073 1.30514e-17 6.94475 0.21454 0.97418 0.0703198 -1.27587 -0.0151239 -0.0686741 0.997525 2.29177 0 0 0 1 
0.974433 -0.224677 1.5175e-17 7.25488 0.223945 0.971259 0.0806462 -1.49134 -0.0181194 -0.0785844 0.996743 2.63522 0 0 0 1 
0.972489 -0.23295 1.74893e-17 7.52201 0.23197 0.968399 0.0916184 -1.72814 -0.0213425 -0.0890979 0.995794 3.00316 0 0 0 1 
0.970826 -0.239785 1.99883e-17 7.74272 0.238506 0.965646 0.103167 -1.98569 -0.0247378 -0.100157 0.994664 3.39417 0 0 0 1 
0.969501 -0.245086 2.2664e-17 7.91389 0.243454 0.963045 0.115217 -2.26323 -0.0282382 -0.111703 0.99334 3.80672 0 0 0 1 
0.968558 -0.248786 2.54993e-17 8.03337 0.246751 0.960633 0.127666 -2.55882 -0.0317616 -0.123652 0.991817 4.23825 0 0 0 1 
0.968029 -0.250837 2.8473e-17 8.09957 0.248352 0.958441 0.1404 -2.87006 -0.0352176 -0.135912 0.990095 4.68578 0 0 0 1 
0.96793 -0.25122 3.15557e-17 8.11196 0.248251 0.956491 0.153284 -3.1936 -0.0385079 -0.148368 0.988182 5.14537 0 0 0 1 
0.968259 -0.24995 3.47112e-17 8.07093 0.246475 0.954798 0.166164 -3.52535 -0.0415327 -0.16089 0.986098 5.61223 0 0 0 1 
0.968997 -0.247072 3.78956e-17 7.97803 0.243088 0.95337 0.178871 -3.86042 -0.044194 -0.173325 0.983873 6.08054 0 0 0 1 
0.970103 -0.242694 4.10497e-17 7.83663 0.238217 0.952208 0.191186 -4.19239 -0.0463997 -0.185471 0.981554 6.54227 0 0 0 1 
0.971529 -0.236921 4.41183e-17 7.65025 0.231992 0.951317 0.202919 -4.51558 -0.0480759 -0.197142 0.979195 6.98989 0 0 0 1 
0.973204 -0.229945 4.70239e-17 7.42498 0.224628 0.9507 0.213802 -4.82217 -0.0491628 -0.208073 0.976877 7.41243 0 0 0 1 
0.975059 -0.221944 4.9697e-17 7.16662 0.216324 0.950371 0.223606 -5.10563 -0.0496279 -0.218029 0.97468 7.79981 0 0 0 1 
0.977018 -0.213157 5.20519e-17 6.8829 0.207339 0.950351 0.232042 -5.35809 -0.0494615 -0.22671 0.972706 8.13933 0 0 0 1 
0.979004 -0.203841 5.40005e-17 6.58208 0.197943 0.950676 0.238817 -5.57184 -0.0486808 -0.233803 0.971065 8.41762 0 0 0 1 
0.980951 -0.194254 5.54567e-17 6.27251 0.1884 0.951391 0.24364 -5.73961 -0.0473282 -0.238999 0.969866 8.62138 0 0 0 1 
0.982806 -0.184643 5.63419e-17 5.96217 0.178958 0.952544 0.246242 -5.85487 -0.0454669 -0.242008 0.969208 8.73823 0 0 0 1 
0.984521 -0.175265 5.65787e-17 5.65935 0.169864 0.95418 0.246347 -5.91087 -0.043176 -0.242534 0.969182 8.75603 0 0 0 1 
0.986069 -0.166335 5.61095e-17 5.37101 0.161319 0.956329 0.243743 -5.90215 -0.0405431 -0.240348 0.96984 8.66569 0 0 0 1 
0.987431 -0.158052 5.48926e-17 5.10353 0.1535 0.958994 0.238263 -5.82377 -0.0376579 -0.235268 0.971201 8.46083 0 0 0 1 
0.988596 -0.150593 5.29027e-17 4.86269 0.146563 0.962143 0.229784 -5.67109 -0.0346039 -0.227163 0.973242 8.13791 0 0 0 1 
0.989562 -0.144111 5.01379e-17 4.65336 0.140636 0.965704 0.218261 -5.44039 -0.0314537 -0.215982 0.975891 7.6974 0 0 0 1 
0.990332 -0.138721 4.6621e-17 4.47932 0.135811 0.969562 0.203728 -5.12898 -0.0282612 -0.201758 0.979028 7.14398 0 0 0 1 
0.990906 -0.134552 4.23833e-17 4.34473 0.132198 0.973569 0.186243 -4.73383 -0.0250594 -0.184549 0.982504 6.48402 0 0 0 1 
0.991292 -0.131685 3.74853e-17 4.25213 0.129858 0.977543 0.165972 -4.25402 -0.021856 -0.164527 0.98613 5.72869 0 0 0 1 
0.991485 -0.130219 3.19877e-17 4.20479 0.128879 0.981284 0.143081 -3.68808 -0.0186318 -0.141863 0.989711 4.88945 0 0 0 1 
0.991487 -0.130206 2.59746e-17 4.20437 0.129298 0.98458 0.117832 -3.03704 -0.0153424 -0.116829 0.993034 3.98142 0 0 0 1 
0.99129 -0.131695 1.95325e-17 4.25248 0.131155 0.987222 0.0905064 -2.30258 -0.0119193 -0.0897181 0.995896 3.02014 0 0 0 1 
0.990883 -0.134723 1.27512e-17 4.35023 0.134469 0.989013 0.0614134 -1.48763 -0.00827379 -0.0608535 0.998112 2.0216 0 0 0 1 
0.990253 -0.139283 5.72849e-18 4.4975 0.139217 0.989779 0.0309112 -0.59731 -0.00430542 -0.0306099 0.999522 1.00274 0 0 0 1 
0.989379 -0.145358 -1.44167e-18 4.69365 0.145358 0.989379 -0.000635023 0.362009 9.23059e-05 0.000628279 1 -0.0202812 0 0 0 1 
0.988244 -0.152882 -8.66185e-18 4.93659 0.152799 0.987712 -0.0328231 1.38147 0.00501805 0.0324372 0.999461 -1.03124 0 0 0 1 
0.986828 -0.161775 -1.58465e-17 5.22375 0.16143 0.984723 -0.0652777 2.45163 0.0105603 0.0644178 0.997867 -2.01608 0 0 0 1 
0.98511 -0.171923 -2.29079e-17 5.55145 0.171103 0.980408 -0.097588 3.56026 0.0167777 0.096135 0.995227 -2.96103 0 0 0 1 
0.983085 -0.18315 -2.97643e-17 5.91397 0.181612 0.974826 -0.129351 4.69339 0.0236906 0.127163 0.991599 -3.85408 0 0 0 1 
0.980749 -0.195272 -3.63458e-17 6.30536 0.19275 0.968084 -0.160192 5.83633 0.0312808 0.157108 0.987086 -4.68562 0 0 0 1 
0.978112 -0.208079 -4.25869e-17 6.71893 0.2043 0.960344 -0.189741 6.97275 0.0394812 0.185588 0.981834 -5.44771 0 0 0 1 
0.975198 -0.221333 -4.84319e-17 7.1469 0.216026 0.951817 -0.217662 8.08569 0.0481758 0.212263 0.976024 -6.13476 0 0 0 1 
0.972052 -0.234767 -5.38294e-17 7.58067 0.227693 0.942762 -0.24363 9.15712 0.0571962 0.236821 0.969868 -6.74305 0 0 0 1 
0.968727 -0.24813 -5.87401e-17 8.01217 0.239096 0.933459 -0.267373 10.1698 0.0663431 0.259011 0.963593 -7.27132 0 0 0 1 
0.965297 -0.261153 -6.31266e-17 8.4327 0.250039 0.924215 -0.288629 11.106 0.0753765 0.278613 0.957441 -7.71971 0 0 0 1 
0.961843 -0.273601 -6.6963e-17 8.83464 0.260371 0.915334 -0.307198 11.9498 0.0840498 0.295477 0.951645 -8.09038 0 0 0 1 
0.958455 -0.285243 -7.02248e-17 9.21055 0.269964 0.907116 -0.322893 12.686 0.0921029 0.309479 0.946435 -8.3862 0 0 0 1 
0.955232 -0.295856 -7.28937e-17 9.55327 0.278701 0.899842 -0.335574 13.3013 0.0992816 0.320551 0.942014 -8.61108 0 0 0 1 
0.952256 -0.3053 -7.49608e-17 9.85821 0.286538 0.893736 -0.345154 13.7859 0.105376 0.328675 0.938546 -8.76938 0 0 0 1 
0.949621 -0.313399 -7.64138e-17 10.1197 0.293394 0.889004 -0.351557 14.1308 0.110178 0.333846 0.936166 -8.86497 0 0 0 1 
0.947399 -0.320054 -7.72486e-17 10.3346 0.299237 0.885779 -0.354758 14.331 0.113542 0.336097 0.934958 -8.90141 0 0 0 1 
0.945659 -0.325161 -7.74636e-17 10.4995 0.30401 0.884148 -0.354768 14.3839 0.115357 0.33549 0.934954 -8.88166 0 0 0 1 
0.944442 -0.328677 -7.70622e-17 10.6131 0.307687 0.884127 -0.351638 14.2907 0.115575 0.332101 0.936136 -8.80772 0 0 0 1 
0.943792 -0.33054 -7.60476e-17 10.6732 0.310192 0.885694 -0.345438 14.0541 0.114181 0.326022 0.938441 -8.68057 0 0 0 1 
0.943732 -0.330713 -7.44265e-17 10.6788 0.311454 0.888774 -0.336271 13.6797 0.111209 0.31735 0.941765 -8.50025 0 0 0 1 
0.94427 -0.329172 -7.22114e-17 10.629 0.311384 0.893244 -0.324277 13.1755 0.106743 0.306205 0.945962 -8.26631 0 0 0 1 
0.945405 -0.325898 -6.94174e-17 10.5233 0.309883 0.898949 -0.309619 12.5515 0.100904 0.292715 0.950861 -7.97766 0 0 0 1 
0.947126 -0.320861 -6.60616e-17 10.3607 0.306831 0.905713 -0.292468 11.8186 0.0938416 0.277005 0.956275 -7.6328 0 0 0 1 
0.949402 -0.314062 -6.21714e-17 10.1411 0.302128 0.913326 -0.273046 10.9901 0.0857535 0.259231 0.962001 -7.23065 0 0 0 1 
0.952196 -0.305488 -5.77747e-17 9.86426 0.295663 0.921574 -0.251565 10.0794 0.0768501 0.239539 0.96784 -6.76999 0 0 0 1 
0.955453 -0.295144 -5.29057e-17 9.53027 0.287352 0.93023 -0.228256 9.10058 0.0673685 0.218088 0.973601 -6.25015 0 0 0 1 
0.959095 -0.283083 -4.76112e-17 9.14081 0.277166 0.939048 -0.20339 8.06983 0.0575761 0.19507 0.979098 -5.67179 0 0 0 1 
0.963037 -0.26937 -4.19388e-17 8.69803 0.265107 0.947793 -0.177218 7.00232 0.0477374 0.170668 0.984172 -5.03605 0 0 0 1 
0.967171 -0.254127 -3.59442e-17 8.20583 0.251252 0.956226 -0.150013 5.91384 0.0381223 0.145088 0.988684 -4.34544 0 0 0 1 
0.971384 -0.237516 -2.96863e-17 7.66944 0.235741 0.964123 -0.122034 4.81949 0.0289851 0.118542 0.992526 -3.60353 0 0 0 1 
0.975551 -0.219773 -2.32327e-17 7.09653 0.218809 0.971271 -0.0935657 3.73462 0.0205632 0.0912781 0.995613 -2.81578 0 0 0 1 
0.979552 -0.201192 -1.66554e-17 6.49653 0.200768 0.977487 -0.0648938 2.67376 0.0130561 0.0635668 0.997892 -1.98935 0 0 0 1 
0.983277 -0.182118 -1.00302e-17 5.88062 0.181998 0.982628 -0.0363123 1.65031 0.00661311 0.035705 0.99934 -1.13314 0 0 0 1 
0.986636 -0.16294 -3.43863e-18 5.26138 0.162935 0.986603 -0.0081337 0.676594 0.00132531 0.008025 0.999967 -0.258137 0 0 0 1 
0.989567 -0.144074 3.03218e-18 4.6522 0.144048 0.989382 0.0193071 -0.236369 -0.00278166 -0.0191057 0.999814 0.622519 0 0 0 1 
0.992039 -0.125931 9.29164e-18 4.06634 0.1258 0.991004 0.0456612 -1.07936 -0.00575016 -0.0452977 0.998957 1.49396 0 0 0 1 
0.994053 -0.108894 1.52477e-17 3.51622 0.108623 0.991575 0.070574 -1.84516 -0.00768509 -0.0701543 0.997507 2.3401 0 0 0 1 
0.99564 -0.0932743 2.08096e-17 3.01185 0.092864 0.99126 0.0936962 -2.52868 -0.00873944 -0.0932877 0.995601 3.14426 0 0 0 1 
0.996847 -0.0793489 2.58816e-17 2.56219 0.0788255 0.990272 0.114662 -3.12574 -0.00909828 -0.1143 0.993405 3.88864 0 0 0 1 
0.997734 -0.0672798 3.03875e-17 2.17248 0.0666803 0.988845 0.133189 -3.63547 -0.00896091 -0.132887 0.991091 4.55823 0 0 0 1 
0.998365 -0.0571544 3.42587e-17 1.84553 0.0565162 0.987216 0.14903 -4.0581 -0.00851771 -0.148786 0.988833 5.13936 0 0 0 1 
0.998799 -0.0490024 3.74366e-17 1.5823 0.0483553 0.985609 0.161978 -4.39466 -0.00793732 -0.161784 0.986794 5.6202 0 0 0 1 
0.999085 -0.042771 3.98877e-17 1.38109 0.0421341 0.984208 0.17193 -4.64795 -0.00735361 -0.171772 0.985109 5.99329 0 0 0 1 
0.999264 -0.0383651 4.15989e-17 1.23882 0.0377465 0.983151 0.178857 -4.82165 -0.00686187 -0.178725 0.983875 6.25484 0 0 0 1 
0.999364 -0.035658 4.25722e-17 1.15141 0.0350573 0.982527 0.182787 -4.91941 -0.00651782 -0.18267 0.983153 6.40389 0 0 0 1 
0.999405 -0.034504 4.28318e-17 1.11414 0.033916 0.982373 0.183827 -4.94563 -0.00634275 -0.183717 0.982959 6.44351 0 0 0 1 
0.999396 -0.0347509 4.24148e-17 1.12212 0.0341697 0.982681 0.182128 -4.90459 -0.0063291 -0.182018 0.983275 6.37914 0 0 0 1 
0.999343 -0.0362534 4.13774e-17 1.17063 0.035675 0.9834 0.177911 -4.8013 -0.00644987 -0.177794 0.984047 6.2196 0 0 0 1 
0.999244 -0.0388803 3.97909e-17 1.25545 0.0383046 0.984448 0.171452 -4.64137 -0.00666611 -0.171323 0.985192 5.97627 0 0 0 1 
0.999096 -0.0425089 3.77354e-17 1.37262 0.04194 0.985724 0.163062 -4.43088 -0.00693159 -0.162914 0.986616 5.66207 0 0 0 1 
0.998894 -0.0470245 3.53159e-17 1.51843 0.0464697 0.987109 0.153152 -4.17832 -0.00720189 -0.152983 0.988203 5.29377 0 0 0 1 
0.998629 -0.0523393 3.26284e-17 1.69005 0.0518082 0.988495 0.142104 -3.89161 -0.00743761 -0.141909 0.989852 4.88672 0 0 0 1 
0.998297 -0.058333 2.97876e-17 1.88359 0.0578351 0.989776 0.130382 -3.58132 -0.00760559 -0.13016 0.991464 4.45899 0 0 0 1 
0.997891 -0.0649063 2.68854e-17 2.09584 0.06445 0.990876 0.118367 -3.25639 -0.00768274 -0.118117 0.99297 4.02493 0 0 0 1 
0.99741 -0.0719232 2.40196e-17 2.32242 0.0715144 0.991741 0.106468 -2.92736 -0.00765752 -0.106192 0.994316 3.59949 0 0 0 1 
0.996856 -0.0792348 2.12699e-17 2.55851 0.0788763 0.992345 0.0950292 -2.60368 -0.00752962 -0.0947304 0.995474 3.19463 0 0 0 1 
0.996236 -0.0866821 1.86985e-17 2.79899 0.0863734 0.992688 0.084322 -2.29355 -0.00730921 -0.0840046 0.996439 2.81937 0 0 0 1 
0.995561 -0.0941167 1.63426e-17 3.03905 0.0938551 0.992793 0.0745154 -2.00276 -0.00701315 -0.0741846 0.99722 2.47884 0 0 0 1 
0.994848 -0.101373 1.42377e-17 3.27337 0.101154 0.992695 0.0657677 -1.73714 -0.00666711 -0.0654289 0.997835 2.17767 0 0 0 1 
0.994117 -0.108316 1.23881e-17 3.49755 0.108133 0.992437 0.0581043 -1.49892 -0.00629362 -0.0577624 0.998311 1.91585 0 0 0 1 
0.993386 -0.114823 1.07955e-17 3.70766 0.11467 0.992066 0.0515336 -1.28982 -0.00591724 -0.0511927 0.998671 1.69289 0 0 0 1 
0.992678 -0.120788 9.44932e-18 3.90027 0.12066 0.991627 0.0460099 -1.10993 -0.00555744 -0.045673 0.998941 1.50656 0 0 0 1 
0.992015 -0.12612 8.32998e-18 4.07244 0.126012 0.991163 0.0414449 -0.957988 -0.00522703 -0.041114 0.999141 1.35336 0 0 0 1 
0.991413 -0.130768 7.40894e-18 4.22253 0.130675 0.990708 0.0377106 -0.83127 -0.00493133 -0.0373867 0.999289 1.22857 0 0 0 1 
0.990892 -0.134662 6.66498e-18 4.34827 0.134581 0.990295 0.0347076 -0.727839 -0.0046738 -0.0343915 0.999398 1.12858 0 0 0 1 
0.990462 -0.137786 6.06436e-18 4.44915 0.137714 0.989946 0.0322844 -0.643876 -0.00444835 -0.0319765 0.999479 1.04817 0 0 0 1 
0.990139 -0.140087 5.58529e-18 4.52343 0.140022 0.989683 0.0303385 -0.577031 -0.00425002 -0.0300393 0.99954 0.983787 0 0 0 1 
0.98993 -0.141554 5.19636e-18 4.57082 0.141496 0.989522 0.0287283 -0.523509 -0.00406661 -0.028439 0.999587 0.930685 0 0 0 1 
0.989843 -0.142166 4.87373e-18 4.59059 0.142113 0.989473 0.0273451 -0.480422 -0.00388756 -0.0270674 0.999626 0.88523 0 0 0 1 
0.989882 -0.141893 4.59912e-18 4.58177 0.141845 0.989545 0.026105 -0.445543 -0.00370413 -0.0258409 0.999659 0.844632 0 0 0 1 
0.99005 -0.14072 4.35204e-18 4.54387 0.140676 0.989742 0.0249166 -0.416268 -0.00350625 -0.0246687 0.99969 0.80587 0 0 0 1 
0.990346 -0.138617 4.11904e-18 4.47598 0.138578 0.990067 0.0237198 -0.390867 -0.00328797 -0.0234908 0.999719 0.766963 0 0 0 1 
0.990767 -0.135573 3.88803e-18 4.37769 0.135539 0.990517 0.0224631 -0.367694 -0.00304539 -0.0222557 0.999748 0.72621 0 0 0 1 
0.991309 -0.131554 3.65524e-18 4.24792 0.131525 0.991088 0.0211319 -0.346174 -0.00278 -0.0209483 0.999777 0.683124 0 0 0 1 
0.99196 -0.126549 3.41558e-18 4.08631 0.126525 0.991768 0.0197094 -0.325457 -0.00249422 -0.019551 0.999806 0.637133 0 0 0 1 
0.992706 -0.120564 3.16615e-18 3.89303 0.120544 0.992541 0.0181909 -0.304885 -0.00219316 -0.0180582 0.999835 0.588067 0 0 0 1 
0.993526 -0.113606 2.90875e-18 3.66836 0.11359 0.993389 0.0165946 -0.284369 -0.00188524 -0.0164871 0.999862 0.536505 0 0 0 1 
0.994397 -0.105711 2.64632e-18 3.41343 0.105699 0.994286 0.0149466 -0.263887 -0.00158002 -0.0148629 0.999888 0.483277 0 0 0 1 
0.99529 -0.0969438 2.38243e-18 3.13034 0.0969353 0.995202 0.0132787 -0.243435 -0.00128729 -0.0132161 0.999912 0.429397 0 0 0 1 
0.996172 -0.0874144 2.1185e-18 2.82263 0.0874085 0.996105 0.0116149 -0.222672 -0.00101531 -0.0115705 0.999933 0.375636 0 0 0 1 
0.997011 -0.0772569 1.85892e-18 2.49464 0.0772531 0.996961 0.00999268 -0.201664 -0.000772003 -0.00996281 0.99995 0.323199 0 0 0 1 
0.997776 -0.0666611 1.60432e-18 2.1525 0.0666588 0.99774 0.00843238 -0.180002 -0.000562112 -0.00841363 0.999964 0.272745 0 0 0 1 
0.99844 -0.0558388 1.35795e-18 1.80305 0.0558374 0.998416 0.00696277 -0.157722 -0.000388792 -0.0069519 0.999976 0.225206 0 0 0 1 
0.998985 -0.0450469 1.1192e-18 1.45457 0.0450462 0.998969 0.00559167 -0.134467 -0.000251887 -0.00558599 0.999984 0.180842 0 0 0 1 
0.999402 -0.034566 8.86561e-19 1.11614 0.0345657 0.999393 0.00431715 -0.109918 -0.000149227 -0.00431458 0.999991 0.139598 0 0 0 1 
0.999696 -0.0246597 6.63415e-19 0.796269 0.0246596 0.999691 0.00315273 -0.0846021 -7.77455e-05 -0.00315177 0.999995 0.101921 0 0 0 1 
0.999878 -0.0156215 4.46586e-19 0.504422 0.0156215 0.999876 0.00207735 -0.0583107 -3.24514e-05 -0.0020771 0.999998 0.0671347 0 0 0 1 
0.99997 -0.00770364 2.37895e-19 0.248752 0.00770364 0.99997 0.00108742 -0.0316454 -8.3771e-06 -0.00108739 0.999999 0.0351298 0 0 0 1 
0.999999 -0.00113423 3.84223e-20 0.0366246 0.00113423 0.999999 0.000173385 -0.00518029 -1.96659e-07 -0.000173385 1 0.00559909 0 0 0 1 
