0.999996 0.00256815 0.000986846 -0.161779 -0.00256728 0.999996 -0.000884209 -0.0659616 -0.000989114 0.000881672 0.999999 -0.0126992 0 0 0 1 
0.999985 0.0050908 0.00195151 -0.320976 -0.00508726 0.999985 -0.0018125 -0.132568 -0.00196071 0.00180255 0.999996 -0.0269029 0 0 0 1 
0.999967 0.00758666 0.00290222 -0.478729 -0.00757859 0.999967 -0.00278176 -0.199949 -0.00292323 0.00275968 0.999992 -0.0424244 0 0 0 1 
0.999942 0.0100431 0.00383417 -0.634238 -0.0100286 0.999943 -0.00378648 -0.267756 -0.00387198 0.00374781 0.999985 -0.0591808 0 0 0 1 
0.999911 0.0124646 0.00474738 -0.787841 -0.0124416 0.999911 -0.00484204 -0.336652 -0.00480731 0.00478255 0.999977 -0.0776392 0 0 0 1 
0.999874 0.0148332 0.00563643 -0.93835 -0.0147998 0.999873 -0.00592833 -0.405675 -0.00572365 0.00584416 0.999967 -0.0972977 0 0 0 1 
0.999831 0.0171671 0.00650675 -1.08697 -0.0171211 0.999828 -0.0070648 -0.475803 -0.00662691 0.00695221 0.999954 -0.118671 0 0 0 1 
0.999784 0.019447 0.00735212 -1.23243 -0.0193864 0.999778 -0.00823296 -0.546129 -0.00751059 0.00808865 0.999939 -0.141315 0 0 0 1 
0.999731 0.021685 0.00817686 -1.37549 -0.0216075 0.999722 -0.00943882 -0.617037 -0.00837927 0.0092596 0.999922 -0.16536 0 0 0 1 
0.999675 0.023862 0.00897247 -1.51501 -0.0237657 0.99966 -0.0106851 -0.688446 -0.00922439 0.0104684 0.999903 -0.191027 0 0 0 1 
0.999615 0.0259918 0.0097467 -1.65175 -0.0258747 0.999594 -0.0119544 -0.759864 -0.0100535 0.0116976 0.999881 -0.217697 0 0 0 1 
0.999551 0.02806 0.0104911 -1.78489 -0.02792 0.999522 -0.0132651 -0.831859 -0.0108583 0.0129663 0.999857 -0.24606 0 0 0 1 
0.999485 0.0300742 0.01121 -1.91488 -0.0299092 0.999446 -0.0146077 -0.904172 -0.0116431 0.0142649 0.99983 -0.275781 0 0 0 1 
0.999416 0.0320211 0.0118979 -2.04087 -0.0318293 0.999366 -0.0159777 -0.976518 -0.012402 0.0155897 0.999802 -0.306819 0 0 0 1 
0.999346 0.0339126 0.0125593 -2.16361 -0.033692 0.999281 -0.0173815 -1.04929 -0.0131397 0.016947 0.99977 -0.339319 0 0 0 1 
0.999274 0.0357318 0.013189 -2.28199 -0.0354808 0.999194 -0.0187984 -1.12153 -0.0138501 0.0183168 0.999736 -0.372739 0 0 0 1 
0.999202 0.0374897 0.0137884 -2.39679 -0.0372064 0.999102 -0.0202571 -1.1945 -0.0145354 0.0197279 0.9997 -0.407949 0 0 0 1 
0.999129 0.0391872 0.0143603 -2.50799 -0.03887 0.999008 -0.0217356 -1.26736 -0.0151978 0.0211585 0.999661 -0.444244 0 0 0 1 
0.999056 0.0408046 0.0148956 -2.61437 -0.0404522 0.998911 -0.0232378 -1.3401 -0.0158276 0.0226133 0.999619 -0.481895 0 0 0 1 
0.998984 0.0423629 0.0154038 -2.71723 -0.0419739 0.998812 -0.0247589 -1.41277 -0.0164344 0.0240871 0.999575 -0.520622 0 0 0 1 
0.998912 0.0438537 0.0158801 -2.81607 -0.0434266 0.99871 -0.0263098 -1.48571 -0.0170134 0.0255915 0.999528 -0.560847 0 0 0 1 
0.998842 0.0452604 0.0163192 -2.90979 -0.0447944 0.998607 -0.0278697 -1.55799 -0.0175578 0.0271064 0.999478 -0.602017 0 0 0 1 
0.998773 0.0466071 0.0167304 -2.99993 -0.0461011 0.998503 -0.0294509 -1.63034 -0.0180779 0.0286435 0.999426 -0.644377 0 0 0 1 
0.998707 0.0478704 0.0171046 -3.08499 -0.047324 0.998397 -0.0310412 -1.70208 -0.0185631 0.0301916 0.999372 -0.6877 0 0 0 1 
0.998643 0.049061 0.0174455 -3.16566 -0.0484733 0.998291 -0.0326487 -1.77364 -0.0190175 0.0317588 0.999315 -0.732185 0 0 0 1 
0.998583 0.050169 0.0177497 -3.24131 -0.0495399 0.998184 -0.0342655 -1.84464 -0.0194365 0.0333376 0.999255 -0.77765 0 0 0 1 
0.998525 0.0512165 0.018025 -3.31335 -0.0505453 0.998076 -0.0359063 -1.91586 -0.0198293 0.0349422 0.999193 -0.824433 0 0 0 1 
0.998471 0.0521689 0.0182582 -3.37956 -0.0514559 0.997969 -0.0375522 -1.98629 -0.0201802 0.0365553 0.999128 -0.87216 0 0 0 1 
0.998421 0.0530453 0.0184581 -3.44113 -0.0522909 0.997862 -0.0392008 -2.05602 -0.0204981 0.0381737 0.999061 -0.920619 0 0 0 1 
0.998375 0.0538578 0.0186291 -3.49881 -0.053062 0.997755 -0.0408588 -2.12542 -0.0207878 0.0398039 0.998991 -0.969952 0 0 0 1 
0.998333 0.054582 0.0187616 -3.55105 -0.0537456 0.997649 -0.042515 -2.19386 -0.0210381 0.0414358 0.99892 -1.01997 0 0 0 1 
0.998296 0.0552234 0.0188564 -3.59826 -0.0543472 0.997544 -0.0441848 -2.26199 -0.0212501 0.0430847 0.998845 -1.07113 0 0 0 1 
0.998264 0.0557846 0.0189171 -3.6405 -0.0548699 0.997441 -0.0458441 -2.32892 -0.0214261 0.0447265 0.998769 -1.12262 0 0 0 1 
0.998236 0.0562702 0.0189439 -3.67812 -0.055318 0.997338 -0.0475093 -2.39532 -0.0215669 0.0463775 0.998691 -1.17496 0 0 0 1 
0.998213 0.0566786 0.018936 -3.71103 -0.0556902 0.997236 -0.0491823 -2.46126 -0.0216712 0.0480399 0.99861 -1.22822 0 0 0 1 
0.998196 0.056997 0.0188902 -3.73832 -0.0559744 0.997137 -0.0508392 -2.52573 -0.0217338 0.0496901 0.998528 -1.28169 0 0 0 1 
0.998183 0.0572462 0.018814 -3.76136 -0.0561912 0.997039 -0.0524955 -2.5895 -0.0217635 0.051343 0.998444 -1.33573 0 0 0 1 
0.998176 0.0573971 0.018695 -3.77833 -0.0563121 0.996944 -0.0541474 -2.65217 -0.0217457 0.0529959 0.998358 -1.39041 0 0 0 1 
0.998174 0.0574852 0.0185491 -3.79141 -0.0563722 0.99685 -0.0557919 -2.71395 -0.0216979 0.0546444 0.99827 -1.44539 0 0 0 1 
0.998178 0.0574757 0.0183605 -3.79846 -0.0563375 0.996759 -0.0574329 -2.77466 -0.021602 0.0562938 0.998181 -1.50103 0 0 0 1 
0.998186 0.0574004 0.0181456 -3.80137 -0.0562398 0.996669 -0.059051 -2.83389 -0.0214747 0.0579234 0.99809 -1.55644 0 0 0 1 
0.9982 0.0572373 0.0178912 -3.79889 -0.056057 0.996582 -0.0606753 -2.89249 -0.0213029 0.0595632 0.997997 -1.61276 0 0 0 1 
0.998219 0.0569965 0.0176056 -3.79151 -0.0558 0.996498 -0.0622724 -2.94933 -0.0210932 0.0611791 0.997904 -1.66877 0 0 0 1 
0.998243 0.0566759 0.017285 -3.77921 -0.0554662 0.996416 -0.0638673 -3.0053 -0.0208428 0.0627963 0.997809 -1.72532 0 0 0 1 
0.998272 0.0562773 0.016933 -3.76199 -0.0550582 0.996337 -0.0654367 -3.05956 -0.0205535 0.0643913 0.997713 -1.7816 0 0 0 1 
0.998305 0.0557943 0.0165456 -3.73951 -0.0545697 0.99626 -0.0669902 -3.11239 -0.0202214 0.0659737 0.997616 -1.83796 0 0 0 1 
0.998343 0.0552362 0.016126 -3.71237 -0.0540098 0.996186 -0.0685369 -3.16421 -0.0198502 0.0675524 0.997518 -1.89464 0 0 0 1 
0.998385 0.0546009 0.0156751 -3.68038 -0.0533767 0.996114 -0.07006 -3.21436 -0.0194395 0.0691102 0.99742 -1.95107 0 0 0 1 
0.998431 0.0538878 0.0151926 -3.64348 -0.05267 0.996045 -0.0715609 -3.26289 -0.0189888 0.0706485 0.997321 -2.00727 0 0 0 1 
0.998482 0.0530845 0.0146737 -3.60092 -0.0518782 0.995979 -0.0730347 -3.3095 -0.0184917 0.0721626 0.997221 -2.06316 0 0 0 1 
0.998536 0.0522215 0.0141312 -3.55457 -0.0510303 0.995916 -0.0744856 -3.3546 -0.0179632 0.0736554 0.997122 -2.11864 0 0 0 1 
0.998592 0.0512792 0.0135563 -3.50326 -0.050108 0.995854 -0.0759179 -3.39815 -0.0173931 0.0751318 0.997022 -2.174 0 0 0 1 
0.998652 0.0502571 0.0129485 -3.44696 -0.0491106 0.995795 -0.0773332 -3.44021 -0.0167805 0.0765931 0.996921 -2.22926 0 0 0 1 
0.998715 0.0491621 0.0123119 -3.38605 -0.0480451 0.995738 -0.078723 -3.4805 -0.0161296 0.0780303 0.99682 -2.28406 0 0 0 1 
0.99878 0.0479917 0.0116473 -3.3203 -0.0469093 0.995685 -0.0800708 -3.51839 -0.0154398 0.0794268 0.996721 -2.33785 0 0 0 1 
0.998847 0.0467503 0.0109527 -3.25016 -0.0457071 0.995632 -0.0814127 -3.55522 -0.014711 0.0808182 0.99662 -2.39181 0 0 0 1 
0.998915 0.0454328 0.0102298 -3.17515 -0.0444341 0.995582 -0.0827149 -3.58969 -0.0139426 0.0821706 0.996521 -2.44479 0 0 0 1 
0.998984 0.044048 0.00948137 -3.09585 -0.0430987 0.995534 -0.0839867 -3.62221 -0.0131385 0.0834928 0.996422 -2.49704 0 0 0 1 
0.999125 0.0410692 0.00790393 -2.92404 -0.0402339 0.995443 -0.0864522 -3.68173 -0.0114184 0.0860585 0.996225 -2.59977 0 0 0 1 
0.999265 0.0378214 0.00622733 -2.73504 -0.0371203 0.995359 -0.0887826 -3.73274 -0.00955632 0.0884862 0.996032 -2.69887 0 0 0 1 
0.999401 0.0343094 0.00445244 -2.52924 -0.0337624 0.995279 -0.0909961 -3.7758 -0.00755344 0.0907913 0.995841 -2.79478 0 0 0 1 
0.999531 0.0305242 0.0025791 -2.30598 -0.0301519 0.995203 -0.0930675 -3.80973 -0.00540753 0.0929461 0.995656 -2.8865 0 0 0 1 
0.999702 0.0244146 -0.000379654 -1.94334 -0.0243385 0.995092 -0.0959169 -3.84431 -0.00196399 0.0958975 0.995389 -3.01579 0 0 0 1 
0.999836 0.0177835 -0.00351514 -1.54719 -0.0180433 0.994978 -0.0984519 -3.85858 0.00174666 0.0984991 0.995136 -3.13451 0 0 0 1 
0.99992 0.010669 -0.00680528 -1.11977 -0.0113 0.994858 -0.10065 -3.85156 0.00569645 0.100719 0.994899 -3.24121 0 0 0 1 
0.999943 0.00311767 -0.0102251 -0.663885 -0.00414946 0.994725 -0.102493 -3.82261 0.00985159 0.10253 0.994681 -3.33466 0 0 0 1 
0.999894 -0.00483864 -0.0137601 -0.181608 0.00338165 0.994571 -0.104002 -3.77224 0.0141887 0.103945 0.994482 -3.41507 0 0 0 1 
0.999763 -0.0131347 -0.017377 0.323166 0.0112365 0.994393 -0.105148 -3.69976 0.0186606 0.104928 0.994305 -3.48094 0 0 0 1 
0.999542 -0.0217394 -0.0210614 0.848443 0.0193904 0.994183 -0.105946 -3.60558 0.0232421 0.105489 0.994149 -3.53245 0 0 0 1 
0.999224 -0.0306025 -0.0247886 1.39118 0.0278014 0.993937 -0.106381 -3.48946 0.0278938 0.105609 0.994016 -3.56889 0 0 0 1 
0.998805 -0.0396731 -0.0285355 1.94823 0.0364269 0.99365 -0.106455 -3.35178 0.0325777 0.105289 0.993908 -3.59012 0 0 0 1 
0.998282 -0.0488993 -0.0322787 2.5164 0.0452234 0.99332 -0.106165 -3.19287 0.0372545 0.104523 0.993824 -3.59598 0 0 0 1 
0.997654 -0.0582287 -0.0359961 3.09244 0.0541466 0.992942 -0.105515 -3.01348 0.0418861 0.103319 0.993766 -3.58675 0 0 0 1 
0.996657 -0.0707409 -0.0408758 3.86732 0.0661672 0.992364 -0.104091 -2.74362 0.0479271 0.101038 0.993727 -3.55127 0 0 0 1 
0.995488 -0.0832024 -0.0456112 4.64183 0.0782121 0.991704 -0.102012 -2.44029 0.0537204 0.0979842 0.993737 -3.48945 0 0 0 1 
0.994166 -0.0954939 -0.0501575 5.40856 0.0901768 0.990964 -0.0992929 -2.10629 0.0591861 0.0941905 0.993793 -3.40278 0 0 0 1 
0.992714 -0.107479 -0.0544631 6.15913 0.101938 0.990154 -0.0959341 -1.74463 0.0642378 0.0896833 0.993897 -3.29254 0 0 0 1 
0.991169 -0.119013 -0.0584735 6.88474 0.113365 0.989292 -0.0919171 -1.35828 0.0687868 0.0844766 0.994048 -3.15965 0 0 0 1 
0.989165 -0.132602 -0.063006 7.74473 0.126992 0.98817 -0.0859823 -0.84666 0.0736621 0.0770494 0.994302 -2.96456 0 0 0 1 
0.987161 -0.145029 -0.0669238 8.53765 0.139654 0.987042 -0.0790302 -0.310732 0.0775183 0.0686693 0.994623 -2.74032 0 0 0 1 
0.985255 -0.156051 -0.0701508 9.24857 0.151103 0.98596 -0.0710722 0.240586 0.0802568 0.0594242 0.995001 -2.49051 0 0 0 1 
0.983546 -0.165425 -0.0726124 9.86266 0.161082 0.984985 -0.0621109 0.798251 0.0817968 0.0493923 0.995424 -2.21811 0 0 0 1 
0.98213 -0.172938 -0.074248 10.3667 0.169354 0.984173 -0.0521751 1.35279 0.0820959 0.0386686 0.995874 -1.92624 0 0 0 1 
0.981097 -0.17839 -0.075002 10.7485 0.175685 0.98358 -0.0412985 1.89509 0.0811377 0.0273412 0.996328 -1.61735 0 0 0 1 
0.980518 -0.181618 -0.0748327 10.9976 0.179869 0.983247 -0.0295433 2.41646 0.0789446 0.0155077 0.996758 -1.29366 0 0 0 1 
0.98044 -0.182496 -0.0737112 11.1061 0.181732 0.983201 -0.0169966 2.90918 0.0755748 0.0032685 0.997135 -0.956956 0 0 0 1 
0.980881 -0.180947 -0.0716254 11.0686 0.181144 0.983449 -0.00378274 3.36661 0.0711244 -0.00926412 0.997424 -0.608908 0 0 0 1 
0.98182 -0.176983 -0.0685986 10.8851 0.178062 0.98397 0.00989658 3.78283 0.0657474 -0.0219314 0.997595 -0.25221 0 0 0 1 
0.98321 -0.170639 -0.064656 10.5568 0.17247 0.984726 0.0238494 4.1542 0.0595988 -0.0346003 0.997623 0.111484 0 0 0 1 
0.984958 -0.162085 -0.0598822 10.0926 0.164495 0.985655 0.0377567 4.47664 0.0529034 -0.0470391 0.997491 0.477592 0 0 0 1 
0.986958 -0.151518 -0.0543669 9.50343 0.154304 0.98669 0.0513194 4.74801 0.0458675 -0.0590391 0.997201 0.84207 0 0 0 1 
0.98908 -0.139255 -0.0482569 8.80689 0.142198 0.987759 0.0641316 4.96468 0.0387355 -0.0702933 0.996774 1.19755 0 0 0 1 
0.991192 -0.125684 -0.0417325 8.02486 0.12857 0.988803 0.0757496 5.12207 0.0317448 -0.080448 0.996253 1.53473 0 0 0 1 
0.993178 -0.111234 -0.0349993 7.1818 0.113875 0.989791 0.0857083 5.21377 0.0251083 -0.0891091 0.995705 1.84241 0 0 0 1 
0.994944 -0.0963629 -0.0282795 6.3039 0.0986127 0.990718 0.0935549 5.23209 0.0190018 -0.0958706 0.995212 2.10819 0 0 0 1 
0.99643 -0.0815553 -0.0218185 5.41896 0.0833245 0.991612 0.0988089 5.16623 0.0135771 -0.100274 0.994867 2.31723 0 0 0 1 
0.99761 -0.0672568 -0.0158461 4.55272 0.0685189 0.992517 0.101071 5.00556 0.00892981 -0.101915 0.994753 2.45529 0 0 0 1 
0.998491 -0.0538797 -0.0105791 3.72906 0.054669 0.993485 0.0999955 4.7395 0.00512247 -0.100423 0.994932 2.50809 0 0 0 1 
0.999107 -0.0418008 -0.00621655 2.96993 0.0422033 0.994552 0.0953125 4.35922 0.00219855 -0.0954897 0.995428 2.462 0 0 0 1 
0.999505 -0.0313369 -0.00292191 2.29392 0.0314722 0.995723 0.0868619 3.85967 0.000187437 -0.0869108 0.996216 2.30532 0 0 0 1 
0.999741 -0.022738 -0.000814875 1.71602 0.0227354 0.996953 0.0746181 3.2415 -0.000884271 -0.0746173 0.997212 2.02937 0 0 0 1 
0.999868 -0.0162489 -3.39313e-06 1.25098 0.0162212 0.998149 0.0586133 2.50937 -0.000949016 -0.0586056 0.998281 1.6265 0 0 0 1 
0.999928 -0.012027 -0.000534052 0.908824 0.0120387 0.999165 0.0390547 1.67583 6.38958e-05 -0.0390583 0.999237 1.09446 0 0 0 1 
0.999945 -0.0102409 -0.00244937 0.700359 0.0102792 0.999816 0.0161808 0.75684 0.00228321 -0.016205 0.999866 0.432486 0 0 0 1 
0.999923 -0.0109712 -0.00573129 0.63161 0.0109158 0.999894 -0.00961557 -0.225074 0.00583618 0.00955227 0.999937 -0.353792 0 0 0 1 
0.999845 -0.0142806 -0.0103437 0.707733 0.0138792 0.999185 -0.0378951 -1.24478 0.0108764 0.0377457 0.999228 -1.25512 0 0 0 1 
0.999665 -0.0201832 -0.0162204 0.931165 0.0190331 0.997492 -0.0681754 -2.27581 0.0175558 0.0678438 0.997541 -2.25805 0 0 0 1 
0.99932 -0.028621 -0.0232548 1.30031 0.0261623 0.994652 -0.0999107 -3.29076 0.02599 0.0992343 0.994725 -3.34379 0 0 0 1 
0.998729 -0.0394952 -0.0313216 1.81116 0.0350148 0.990556 -0.132559 -4.26422 0.0362613 0.131294 0.99068 -4.4905 0 0 0 1 
0.997803 -0.0526197 -0.0402577 2.45464 0.0452732 0.98516 -0.16556 -5.17337 0.048372 0.163374 0.985378 -5.67273 0 0 0 1 
0.996452 -0.0677729 -0.0498946 3.21933 0.0566152 0.97848 -0.198421 -6.00061 0.0622684 0.194892 0.978846 -6.86509 0 0 0 1 
0.994596 -0.0846918 -0.0600484 4.09156 0.0687256 0.970612 -0.230626 -6.73094 0.0778158 0.225253 0.971188 -8.0399 0 0 0 1 
0.992178 -0.103012 -0.0705076 5.05134 0.08125 0.961716 -0.261726 -7.3561 0.0947691 0.25395 0.962563 -9.17143 0 0 0 1 
0.989166 -0.122377 -0.081078 6.07908 0.0939001 0.952003 -0.291329 -7.87222 0.112838 0.280559 0.953181 -10.2366 0 0 0 1 
0.985561 -0.142423 -0.0915732 7.15473 0.106442 0.941734 -0.319073 -8.27866 0.131681 0.304719 0.943296 -11.2144 0 0 0 1 
0.981399 -0.162758 -0.101813 8.25641 0.118675 0.931194 -0.344666 -8.57933 0.150904 0.326172 0.933188 -12.0885 0 0 0 1 
0.976757 -0.182991 -0.111628 9.36224 0.130448 0.920691 -0.367846 -8.78042 0.170088 0.344735 0.923162 -12.8461 0 0 0 1 
0.971733 -0.202785 -0.120886 10.4533 0.141691 0.910524 -0.38842 -8.88969 0.188835 0.360312 0.913519 -13.4791 0 0 0 1 
0.966458 -0.221805 -0.129463 11.511 0.152363 0.900984 -0.406217 -8.91584 0.206746 0.372867 0.904559 -13.9825 0 0 0 1 
0.961071 -0.239789 -0.137275 12.5206 0.162484 0.892326 -0.421133 -8.8677 0.223477 0.382433 0.89655 -14.3559 0 0 0 1 
0.955718 -0.256504 -0.144252 13.4692 0.172097 0.884775 -0.433076 -8.75336 0.238717 0.389074 0.889739 -14.6006 0 0 0 1 
0.950557 -0.271735 -0.15034 14.3445 0.18123 0.878509 -0.442015 -8.58159 0.252186 0.392915 0.884319 -14.7223 0 0 0 1 
0.945711 -0.285382 -0.155527 15.141 0.189965 0.873642 -0.447955 -8.35863 0.263713 0.394091 0.880425 -14.7274 0 0 0 1 
0.941321 -0.297294 -0.159785 15.8497 0.19831 0.870258 -0.450914 -8.09191 0.273108 0.392768 0.878149 -14.625 0 0 0 1 
0.937492 -0.307411 -0.163119 16.467 0.206288 0.868385 -0.450947 -7.78683 0.280276 0.38911 0.877519 -14.4245 0 0 0 1 
0.934328 -0.315647 -0.165526 16.987 0.213847 0.868005 -0.448147 -7.45036 0.285134 0.383319 0.878502 -14.1379 0 0 0 1 
0.931898 -0.321976 -0.167023 17.4076 0.220937 0.869066 -0.442619 -7.08769 0.287667 0.375574 0.881017 -13.776 0 0 0 1 
0.930282 -0.326319 -0.167606 17.7228 0.227418 0.871495 -0.434486 -6.70608 0.287849 0.366077 0.884947 -13.3512 0 0 0 1 
0.929535 -0.328608 -0.167274 17.9275 0.233122 0.875203 -0.423879 -6.31255 0.285689 0.355016 0.890138 -12.8748 0 0 0 1 
0.929706 -0.328761 -0.16602 18.0152 0.237829 0.880086 -0.410958 -5.91517 0.281219 0.342586 0.89641 -12.3581 0 0 0 1 
0.930832 -0.326671 -0.163825 17.978 0.241275 0.886036 -0.395888 -5.52274 0.27448 0.328978 0.903567 -11.8113 0 0 0 1 
0.932941 -0.322198 -0.160654 17.8058 0.243153 0.892954 -0.378827 -5.1444 0.265514 0.31436 0.911417 -11.2431 0 0 0 1 
0.936038 -0.315198 -0.156471 17.4883 0.243131 0.900723 -0.359979 -4.78978 0.254402 0.298911 0.919746 -10.6611 0 0 0 1 
0.940111 -0.305491 -0.151217 17.0129 0.240846 0.909239 -0.339527 -4.46783 0.241215 0.282773 0.928361 -10.0704 0 0 0 1 
0.945115 -0.292888 -0.144824 16.3663 0.235923 0.918379 -0.31768 -4.1867 0.226048 0.266078 0.937073 -9.47419 0 0 0 1 
0.950954 -0.277227 -0.137227 15.5368 0.228006 0.92799 -0.294699 -3.95276 0.209044 0.248956 0.945686 -8.87414 0 0 0 1 
0.957488 -0.258346 -0.128351 14.5127 0.216755 0.937903 -0.270842 -3.76966 0.190352 0.231508 0.954029 -8.2694 0 0 0 1 
0.964512 -0.236139 -0.118131 13.2855 0.201892 0.947902 -0.246417 -3.63759 0.170165 0.213822 0.961938 -7.65768 0 0 0 1 
0.971762 -0.210558 -0.106511 11.85 0.183213 0.957737 -0.221751 -3.55272 0.148701 0.195975 0.969269 -7.0353 0 0 0 1 
0.978908 -0.181663 -0.0934733 10.2077 0.160638 0.967105 -0.197238 -3.50755 0.126229 0.178063 0.975889 -6.39899 0 0 0 1 
0.985578 -0.14963 -0.0790379 8.36696 0.134229 0.975677 -0.17331 -3.49128 0.103048 0.160202 0.981691 -5.74633 0 0 0 1 
0.991374 -0.114773 -0.0632813 6.34421 0.104214 0.983111 -0.150438 -3.49112 0.0794788 0.142546 0.986592 -5.07703 0 0 0 1 
0.995911 -0.0775482 -0.0463477 4.16484 0.071007 0.989082 -0.12913 -3.49444 0.0558554 0.125311 0.990544 -4.39432 0 0 0 1 
0.998851 -0.0385524 -0.0284567 1.86276 0.0352071 0.993316 -0.109923 -3.49137 0.0325043 0.108794 0.993533 -3.70612 0 0 0 1 
0.99995 0.00150769 -0.00989982 -0.521193 -0.00242541 0.99563 -0.0933543 -3.47719 0.00971581 0.0933736 0.995584 -3.02533 0 0 0 1 
0.999084 0.0418319 0.00896216 -2.94007 -0.040984 0.995958 -0.0799233 -3.45336 -0.0122693 0.0794829 0.996761 -2.36925 0 0 0 1 
0.996276 0.0816403 0.0277418 -5.34782 -0.079532 0.994365 -0.0700921 -3.43043 -0.0333079 0.0676247 0.997155 -1.75965 0 0 0 1 
0.991695 0.120103 0.045994 -7.69493 -0.117043 0.991045 -0.0642762 -3.42708 -0.0533019 0.0583591 0.996872 -1.22278 0 0 0 1 
0.985649 0.156491 0.0633002 -9.93717 -0.152567 0.986301 -0.0627129 -3.46559 -0.0722471 0.0521553 0.996022 -0.783481 0 0 0 1 
0.978546 0.19017 0.0792643 -12.0355 -0.185242 0.980505 -0.0655396 -3.57201 -0.0901827 0.0494505 0.994697 -0.467078 0 0 0 1 
0.970876 0.220577 0.0935166 -13.9549 -0.214291 0.974056 -0.0727576 -3.77193 -0.107139 0.0505989 0.992956 -0.297575 0 0 0 1 
0.963152 0.24729 0.105765 -15.6677 -0.239123 0.967336 -0.084152 -4.08408 -0.12312 0.0557603 0.990824 -0.292875 0 0 0 1 
0.95588 0.269978 0.115782 -17.1512 -0.259305 0.960677 -0.0993012 -4.51749 -0.138038 0.0648971 0.988298 -0.464168 0 0 0 1 
0.949521 0.288407 0.123412 -18.3879 -0.274582 0.954341 -0.117635 -5.07128 -0.151704 0.0778099 0.985359 -0.816103 0 0 0 1 
0.944462 0.302425 0.128574 -19.3642 -0.284887 0.948521 -0.138372 -5.73089 -0.163803 0.0940579 0.981999 -1.34253 0 0 0 1 
0.940981 0.311969 0.131265 -20.0718 -0.290342 0.943342 -0.160647 -6.47225 -0.173945 0.113054 0.978244 -2.02845 0 0 0 1 
0.939235 0.317065 0.131556 -20.5071 -0.291246 0.938886 -0.18349 -7.26173 -0.181695 0.134025 0.974179 -2.84711 0 0 0 1 
0.939247 0.317837 0.129596 -20.6727 -0.288057 0.935209 -0.205931 -8.06123 -0.186652 0.156089 0.969947 -3.76207 0 0 0 1 
0.940897 0.314541 0.125607 -20.5796 -0.281358 0.932336 -0.227128 -8.83434 -0.188549 0.178364 0.965731 -4.73165 0 0 0 1 
0.943946 0.307558 0.119892 -20.2471 -0.271832 0.9303 -0.246271 -9.54476 -0.187278 0.199876 0.961757 -5.70582 0 0 0 1 
0.948093 0.297328 0.112764 -19.6996 -0.260119 0.92912 -0.262818 -10.1668 -0.182915 0.219844 0.958233 -6.6403 0 0 0 1 
0.952971 0.284434 0.104606 -18.9706 -0.24689 0.928809 -0.276332 -10.6795 -0.175757 0.23751 0.955352 -7.4906 0 0 0 1 
0.958253 0.269414 0.0957454 -18.0925 -0.232652 0.929363 -0.286632 -11.0736 -0.166205 0.252391 0.953244 -8.22551 0 0 0 1 
0.96363 0.252846 0.086519 -17.1005 -0.217864 0.930772 -0.293595 -11.3432 -0.154764 0.264067 0.952007 -8.81855 0 0 0 1 
0.968864 0.235247 0.077209 -16.0266 -0.202856 0.93301 -0.297223 -11.4884 -0.141958 0.272306 0.951681 -9.25418 0 0 0 1 
0.973786 0.217053 0.0680378 -14.8987 -0.187842 0.936024 -0.297616 -11.5134 -0.128284 0.277034 0.952258 -9.52682 0 0 0 1 
0.9783 0.19857 0.0591465 -13.7367 -0.17291 0.939736 -0.294955 -11.4248 -0.114151 0.278328 0.953679 -9.64031 0 0 0 1 
0.982351 0.180058 0.0506511 -12.5578 -0.158118 0.944058 -0.289402 -11.2283 -0.0999268 0.276285 0.955867 -9.60113 0 0 0 1 
0.98593 0.161645 0.0425858 -11.3717 -0.14342 0.948859 -0.281241 -10.9328 -0.0858693 0.271176 0.958692 -9.42512 0 0 0 1 
0.989047 0.143399 0.0349575 -10.1842 -0.12875 0.954005 -0.270734 -10.5455 -0.0721728 0.263268 0.962019 -9.12862 0 0 0 1 
0.991726 0.125338 0.0277449 -8.99838 -0.114022 0.959344 -0.258181 -10.0742 -0.0589768 0.252881 0.965698 -8.73053 0 0 0 1 
0.993989 0.107462 0.0209127 -7.81639 -0.0991642 0.964709 -0.243932 -9.52802 -0.046388 0.240392 0.969567 -8.25193 0 0 0 1 
0.995863 0.0897216 0.0144014 -6.63737 -0.0840839 0.969941 -0.228351 -8.91611 -0.0344565 0.226196 0.973472 -7.71401 0 0 0 1 
0.997361 0.0721367 0.00818592 -5.46447 -0.0687738 0.974897 -0.211769 -8.24741 -0.0232567 0.210647 0.977285 -7.13503 0 0 0 1 
0.998502 0.0546777 0.00221386 -4.29797 -0.053203 0.979448 -0.194555 -7.53231 -0.0128062 0.194146 0.980889 -6.53407 0 0 0 1 
0.999293 0.037422 -0.00351475 -3.14429 -0.037453 0.983495 -0.177017 -6.78085 -0.00316757 0.177023 0.984202 -5.92594 0 0 0 1 
0.999751 0.0204247 -0.00901514 -2.00859 -0.0216016 0.986963 -0.159489 -6.00474 0.0056401 0.159644 0.987159 -5.32547 0 0 0 1 
0.999891 0.00380236 -0.0142724 -0.899356 -0.00579443 0.989815 -0.142244 -5.21534 0.0135861 0.142312 0.989729 -4.7438 0 0 0 1 
0.999739 -0.0122787 -0.0192484 0.172191 0.00976779 0.992045 -0.125506 -4.42404 0.0206363 0.125285 0.991906 -4.18912 0 0 0 1 
0.999332 -0.0276353 -0.0239009 1.19393 0.0248605 0.993678 -0.109482 -3.64321 0.0267753 0.108815 0.993701 -3.66841 0 0 0 1 
0.998719 -0.0420436 -0.0281674 2.15165 0.0392172 0.994769 -0.0943184 -2.88463 0.0319855 0.0930929 0.995144 -3.18562 0 0 0 1 
0.997959 -0.0552737 -0.0319839 3.03093 0.0525637 0.995397 -0.0801318 -2.16023 0.0362658 0.078287 0.996271 -2.74327 0 0 0 1 
0.997125 -0.0670598 -0.035267 3.81552 0.0645927 0.995662 -0.0669709 -1.48085 0.039605 0.0645004 0.997131 -2.34119 0 0 0 1 
0.996297 -0.0771517 -0.0379412 4.4902 0.0750134 0.995671 -0.0548778 -0.857361 0.0420109 0.0518284 0.997772 -1.97877 0 0 0 1 
0.995553 -0.0853153 -0.0399357 5.04083 0.083554 0.995537 -0.0438732 -0.299719 0.0435005 0.0403413 0.998239 -1.65451 0 0 0 1 
0.994969 -0.091331 -0.0411799 5.45429 0.0899627 0.995367 -0.0339422 0.183964 0.0440891 0.0300668 0.998575 -1.36562 0 0 0 1 
0.994605 -0.0950202 -0.0416165 5.72 0.0940334 0.995253 -0.0250654 0.587222 0.0438006 0.0210168 0.998819 -1.10911 0 0 0 1 
0.994503 -0.096261 -0.0412055 5.8308 0.0956216 0.995269 -0.017223 0.905784 0.0426684 0.0131882 0.999002 -0.881941 0 0 0 1 
0.994675 -0.0950095 -0.0399341 5.78412 0.0946657 0.995455 -0.0104158 1.13751 0.0407422 0.00657998 0.999148 -0.681763 0 0 0 1 
0.995107 -0.0912878 -0.0378084 5.58147 0.0911774 0.995824 -0.00463689 1.28334 0.0380738 0.00116693 0.999274 -0.506103 0 0 0 1 
0.995752 -0.0852179 -0.0348715 5.23023 0.0852728 0.996358 8.62108e-05 1.34624 0.0347372 -0.00305944 0.999392 -0.353817 0 0 0 1 
0.996543 -0.0769973 -0.0311908 4.74236 0.0771504 0.997012 0.00373331 1.33195 0.0308101 -0.00612678 0.999506 -0.223969 0 0 0 1 
0.997397 -0.0669182 -0.026872 4.1355 0.0671089 0.997726 0.00625597 1.24747 0.0263923 -0.00804304 0.999619 -0.117095 0 0 0 1 
0.998224 -0.0553468 -0.0220515 3.43177 0.0555261 0.998428 0.00760088 1.10084 0.0215961 -0.00881181 0.999728 -0.0346755 0 0 0 1 
0.998946 -0.0426762 -0.0168749 2.65508 0.0428117 0.999053 0.00775127 0.901237 0.0165281 -0.00846555 0.999828 0.0220866 0 0 0 1 
0.999502 -0.0293647 -0.0115229 1.83326 0.0294427 0.999544 0.00666516 0.656748 0.0113219 -0.0070011 0.999911 0.0502047 0 0 0 1 
0.999855 -0.015857 -0.00617153 0.993572 0.015884 0.999864 0.00435169 0.375604 0.00610169 -0.00444909 0.999971 0.0474189 0 0 0 1 
0.999996 -0.00258838 -0.000998218 0.162807 0.00258922 0.999996 0.000840241 0.0650233 0.000996039 -0.000842822 0.999999 0.0113565 0 0 0 1 
