1 -3.12639e-14 -5.39875e-08 -8.10227e-07 -3.12639e-14 1 -1.15819e-06 -1.73817e-05 5.39875e-08 1.15819e-06 1 -3.86082e-05 0 0 0 1 
1 -9.66588e-14 -9.49276e-08 -1.42464e-06 -9.66588e-14 1 -2.03647e-06 -3.05626e-05 9.49276e-08 2.03647e-06 1 -6.78858e-05 0 0 0 1 
1 -1.98011e-13 -1.35868e-07 -2.03905e-06 -1.98011e-13 1 -2.91476e-06 -4.37436e-05 1.35868e-07 2.91476e-06 1 -9.71633e-05 0 0 0 1 
1 -3.3532e-13 -1.76808e-07 -2.65346e-06 -3.3532e-13 1 -3.79304e-06 -5.69245e-05 1.76808e-07 3.79304e-06 1 -0.000126441 0 0 0 1 
1 -5.08586e-13 -2.17748e-07 -3.26788e-06 -5.08586e-13 1 -4.67133e-06 -7.01055e-05 2.17748e-07 4.67133e-06 1 -0.000155718 0 0 0 1 
1 -7.17809e-13 -2.58688e-07 -3.88229e-06 -7.17809e-13 1 -5.54961e-06 -8.32864e-05 2.58688e-07 5.54961e-06 1 -0.000184996 0 0 0 1 
1 -1.1068e-12 -3.21223e-07 -4.82078e-06 -1.1068e-12 1 -6.89117e-06 -0.00010342 3.21223e-07 6.89117e-06 1 -0.000229717 0 0 0 1 
1 -1.57969e-12 -3.83758e-07 -5.75927e-06 -1.57969e-12 1 -8.23273e-06 -0.000123553 3.83758e-07 8.23273e-06 1 -0.000274438 0 0 0 1 
1 -2.13647e-12 -4.46294e-07 -6.69776e-06 -2.13647e-12 1 -9.57428e-06 -0.000143686 4.46294e-07 9.57428e-06 1 -0.000319159 0 0 0 1 
1 -2.77715e-12 -5.08829e-07 -7.63625e-06 -2.77715e-12 1 -1.09158e-05 -0.00016382 5.08829e-07 1.09158e-05 1 -0.00036388 0 0 0 1 
1 -3.50172e-12 -5.71364e-07 -8.57474e-06 -3.50172e-12 1 -1.22574e-05 -0.000183953 5.71364e-07 1.22574e-05 1 -0.000408601 0 0 0 1 
1 -4.6816e-12 -6.60647e-07 -9.91461e-06 -4.6816e-12 1 -1.41728e-05 -0.000212697 6.60647e-07 1.41728e-05 1 -0.000472451 0 0 0 1 
1 -6.0325e-12 -7.4993e-07 -1.12545e-05 -6.0325e-12 1 -1.60882e-05 -0.000241442 7.4993e-07 1.60882e-05 1 -0.0005363 0 0 0 1 
1 -7.55441e-12 -8.39214e-07 -1.25944e-05 -7.55441e-12 1 -1.80035e-05 -0.000270186 8.39214e-07 1.80035e-05 1 -0.00060015 0 0 0 1 
1 -9.24733e-12 -9.28497e-07 -1.39342e-05 -9.24733e-12 1 -1.99189e-05 -0.000298931 9.28497e-07 1.99189e-05 1 -0.000663999 0 0 0 1 
1 -1.11113e-11 -1.01778e-06 -1.52741e-05 -1.11113e-11 1 -2.18343e-05 -0.000327675 1.01778e-06 2.18343e-05 1 -0.000727849 0 0 0 1 
1 -1.37464e-11 -1.13205e-06 -1.6989e-05 -1.37464e-11 1 -2.42858e-05 -0.000364464 1.13205e-06 2.42858e-05 1 -0.000809569 0 0 0 1 
1 -1.66616e-11 -1.24632e-06 -1.87038e-05 -1.66616e-11 1 -2.67373e-05 -0.000401252 1.24632e-06 2.67373e-05 1 -0.000891289 0 0 0 1 
1 -1.9857e-11 -1.3606e-06 -2.04187e-05 -1.9857e-11 1 -2.91887e-05 -0.000438041 1.3606e-06 2.91887e-05 1 -0.00097301 0 0 0 1 
1 -2.33326e-11 -1.47487e-06 -2.21335e-05 -2.33326e-11 1 -3.16402e-05 -0.000474829 1.47487e-06 3.16402e-05 1 -0.00105473 0 0 0 1 
1 -2.70882e-11 -1.58914e-06 -2.38484e-05 -2.70882e-11 1 -3.40917e-05 -0.000511618 1.58914e-06 3.40917e-05 1 -0.00113645 0 0 0 1 
1 -3.19834e-11 -1.72677e-06 -2.59137e-05 -3.19834e-11 1 -3.70442e-05 -0.000555925 1.72677e-06 3.70442e-05 1 -0.00123487 0 0 0 1 
1 -3.72849e-11 -1.8644e-06 -2.7979e-05 -3.72849e-11 1 -3.99967e-05 -0.000600232 1.8644e-06 3.99967e-05 1 -0.0013333 0 0 0 1 
1 -4.29927e-11 -2.00202e-06 -3.00443e-05 -4.29927e-11 1 -4.29493e-05 -0.000644538 2.00202e-06 4.29493e-05 1 -0.00143172 0 0 0 1 
1 -4.91069e-11 -2.13965e-06 -3.21096e-05 -4.91069e-11 1 -4.59018e-05 -0.000688845 2.13965e-06 4.59018e-05 1 -0.00153015 0 0 0 1 
1 -5.56275e-11 -2.27728e-06 -3.41749e-05 -5.56275e-11 1 -4.88543e-05 -0.000733152 2.27728e-06 4.88543e-05 1 -0.00162857 0 0 0 1 
1 -6.40332e-11 -2.44329e-06 -3.6666e-05 -6.40332e-11 1 -5.24156e-05 -0.000786592 2.44329e-06 5.24156e-05 1 -0.00174729 0 0 0 1 
1 -7.30301e-11 -2.60929e-06 -3.9157e-05 -7.30301e-11 1 -5.5977e-05 -0.000840031 2.60929e-06 5.5977e-05 1 -0.00186601 0 0 0 1 
1 -8.26183e-11 -2.7753e-06 -4.16481e-05 -8.26183e-11 1 -5.95383e-05 -0.000893471 2.7753e-06 5.95383e-05 1 -0.00198473 0 0 0 1 
1 -9.27976e-11 -2.9413e-06 -4.41391e-05 -9.27976e-11 1 -6.30997e-05 -0.00094691 2.9413e-06 6.30997e-05 1 -0.00210345 0 0 0 1 
1 -1.03568e-10 -3.10731e-06 -4.66302e-05 -1.03568e-10 1 -6.6661e-05 -0.00100035 3.10731e-06 6.6661e-05 1 -0.00222217 0 0 0 1 
1 -1.16452e-10 -3.29492e-06 -4.94453e-05 -1.16452e-10 1 -7.06857e-05 -0.00106074 3.29492e-06 7.06857e-05 1 -0.00235634 0 0 0 1 
1 -1.30091e-10 -3.48253e-06 -5.22603e-05 -1.30091e-10 1 -7.47104e-05 -0.00112113 3.48253e-06 7.47104e-05 1 -0.00249051 0 0 0 1 
1 -1.44484e-10 -3.67013e-06 -5.50754e-05 -1.44484e-10 1 -7.87352e-05 -0.00118153 3.67013e-06 7.87352e-05 1 -0.00262467 0 0 0 1 
1 -1.59633e-10 -3.85774e-06 -5.78904e-05 -1.59633e-10 1 -8.27599e-05 -0.00124192 3.85774e-06 8.27599e-05 1 -0.00275884 0 0 0 1 
1 -1.75537e-10 -4.04535e-06 -6.07055e-05 -1.75537e-10 1 -8.67846e-05 -0.00130231 4.04535e-06 8.67846e-05 1 -0.00289301 0 0 0 1 
1 -1.94942e-10 -4.26308e-06 -6.39725e-05 -1.94942e-10 1 -9.14557e-05 -0.0013724 4.26308e-06 9.14557e-05 1 -0.00304873 0 0 0 1 
1 -2.15363e-10 -4.48082e-06 -6.72395e-05 -2.15363e-10 1 -9.61268e-05 -0.00144248 4.48082e-06 9.61268e-05 1 -0.00320444 0 0 0 1 
1 -2.36802e-10 -4.69855e-06 -7.05064e-05 -2.36802e-10 1 -0.000100798 -0.00151257 4.69855e-06 0.000100798 1 -0.00336016 0 0 0 1 
1 -2.59258e-10 -4.91629e-06 -7.37734e-05 -2.59258e-10 1 -0.000105469 -0.00158265 4.91629e-06 0.000105469 1 -0.00351587 0 0 0 1 
1 -2.8273e-10 -5.13402e-06 -7.70404e-05 -2.8273e-10 1 -0.00011014 -0.00165274 5.13402e-06 0.00011014 1 -0.00367159 0 0 0 1 
1 -3.09705e-10 -5.37336e-06 -8.06313e-05 -3.09705e-10 1 -0.000115274 -0.00172978 5.37336e-06 0.000115274 1 -0.00384276 0 0 0 1 
1 -3.37909e-10 -5.61269e-06 -8.42222e-05 -3.37909e-10 1 -0.000120409 -0.00180681 5.61269e-06 0.000120409 1 -0.00401392 0 0 0 1 
1 -3.67341e-10 -5.85203e-06 -8.78131e-05 -3.67341e-10 1 -0.000125543 -0.00188385 5.85203e-06 0.000125543 1 -0.00418509 0 0 0 1 
1 -3.98002e-10 -6.09136e-06 -9.1404e-05 -3.98002e-10 1 -0.000130678 -0.00196088 6.09136e-06 0.000130678 1 -0.00435625 0 0 0 1 
1 -4.29893e-10 -6.3307e-06 -9.49949e-05 -4.29893e-10 1 -0.000135812 -0.00203792 6.3307e-06 0.000135812 1 -0.00452742 0 0 0 1 
1 -4.66788e-10 -6.59677e-06 -9.89867e-05 -4.66788e-10 1 -0.00014152 -0.00212356 6.59677e-06 0.00014152 1 -0.00471771 0 0 0 1 
1 -5.05202e-10 -6.86285e-06 -0.000102979 -5.05202e-10 1 -0.000147228 -0.00220919 6.86285e-06 0.000147228 1 -0.004908 0 0 0 1 
1 -5.45134e-10 -7.12892e-06 -0.00010697 -5.45134e-10 1 -0.000152936 -0.00229483 7.12892e-06 0.000152936 1 -0.00509829 0 0 0 1 
1 -5.86586e-10 -7.395e-06 -0.000110962 -5.86586e-10 1 -0.000158644 -0.00238046 7.395e-06 0.000158644 1 -0.00528858 0 0 0 1 
1 -6.29556e-10 -7.66107e-06 -0.000114954 -6.29556e-10 1 -0.000164352 -0.0024661 7.66107e-06 0.000164352 1 -0.00547887 0 0 0 1 
1 -6.783e-10 -7.95212e-06 -0.00011932 -6.783e-10 1 -0.000170596 -0.00255977 7.95212e-06 0.000170596 1 -0.00568703 0 0 0 1 
1 -7.28861e-10 -8.24317e-06 -0.000123686 -7.28861e-10 1 -0.00017684 -0.00265344 8.24317e-06 0.00017684 1 -0.00589519 0 0 0 1 
1 -7.8124e-10 -8.53423e-06 -0.000128053 -7.8124e-10 1 -0.000183084 -0.00274711 8.53423e-06 0.000183084 1 -0.00610334 0 0 0 1 
1 -8.35436e-10 -8.82528e-06 -0.000132419 -8.35436e-10 1 -0.000189328 -0.00284078 8.82528e-06 0.000189328 1 -0.0063115 0 0 0 1 
1 -8.91449e-10 -9.11633e-06 -0.000136785 -8.91449e-10 1 -0.000195572 -0.00293445 9.11633e-06 0.000195572 1 -0.00651966 0 0 0 1 
1 -1.02629e-09 -9.78154e-06 -0.000146763 -1.02629e-09 1 -0.000209843 -0.00314851 9.78154e-06 0.000209843 1 -0.00699543 0 0 0 1 
1 -1.17063e-09 -1.04468e-05 -0.000156742 -1.17063e-09 1 -0.000224114 -0.00336258 1.04468e-05 0.000224114 1 -0.0074712 0 0 0 1 
1 -1.32446e-09 -1.1112e-05 -0.00016672 -1.32446e-09 1 -0.000238385 -0.00357664 1.1112e-05 0.000238385 1 -0.00794697 0 0 0 1 
1 -1.48779e-09 -1.17772e-05 -0.000176699 -1.48779e-09 1 -0.000252656 -0.00379071 1.17772e-05 0.000252656 1 -0.00842274 0 0 0 1 
1 -1.66061e-09 -1.24424e-05 -0.000186677 -1.66061e-09 1 -0.000266927 -0.00400477 1.24424e-05 0.000266927 1 -0.00889851 0 0 0 1 
1 -1.86672e-09 -1.3192e-05 -0.000197919 -1.86672e-09 1 -0.000283008 -0.00424594 1.3192e-05 0.000283008 1 -0.00943463 0 0 0 1 
1 -2.08488e-09 -1.39416e-05 -0.000209161 -2.08488e-09 1 -0.000299088 -0.00448711 1.39416e-05 0.000299088 1 -0.00997075 0 0 0 1 
1 -2.31509e-09 -1.46911e-05 -0.000220402 -2.31509e-09 1 -0.000315169 -0.00472828 1.46911e-05 0.000315169 1 -0.0105069 0 0 0 1 
1 -2.55736e-09 -1.54407e-05 -0.000231644 -2.55736e-09 1 -0.000331249 -0.00496945 1.54407e-05 0.000331249 1 -0.011043 0 0 0 1 
1 -2.81169e-09 -1.61903e-05 -0.000242886 -2.81169e-09 1 -0.00034733 -0.00521062 1.61903e-05 0.00034733 1 -0.0115791 0 0 0 1 
1 -3.0973e-09 -1.69927e-05 -0.000254918 -3.0973e-09 1 -0.000364544 -0.00546874 1.69927e-05 0.000364544 1 -0.012153 0 0 0 1 
1 -3.39672e-09 -1.77951e-05 -0.00026695 -3.39672e-09 1 -0.000381758 -0.00572686 1.77951e-05 0.000381758 1 -0.012727 0 0 0 1 
1 -3.70996e-09 -1.85976e-05 -0.000278982 -3.70996e-09 1 -0.000398973 -0.00598498 1.85976e-05 0.000398973 1 -0.0133009 0 0 0 1 
1 -4.03701e-09 -1.94e-05 -0.000291014 -4.03701e-09 1 -0.000416187 -0.0062431 1.94e-05 0.000416187 1 -0.0138749 0 0 0 1 
1 -4.37787e-09 -2.02024e-05 -0.000303046 -4.37787e-09 1 -0.000433401 -0.00650122 2.02024e-05 0.000433401 1 -0.0144488 0 0 0 1 
1 -4.75939e-09 -2.10643e-05 -0.000315968 -4.75939e-09 1 -0.000451892 -0.00677843 2.10643e-05 0.000451892 1 -0.0150653 0 0 0 1 
1 -5.15686e-09 -2.19262e-05 -0.000328889 -5.15686e-09 1 -0.000470382 -0.00705563 2.19262e-05 0.000470382 1 -0.0156818 0 0 0 1 
1 -5.57026e-09 -2.27882e-05 -0.000341811 -5.57026e-09 1 -0.000488873 -0.00733284 2.27882e-05 0.000488873 1 -0.0162984 0 0 0 1 
1 -5.99959e-09 -2.36501e-05 -0.000354732 -5.99959e-09 1 -0.000507363 -0.00761004 2.36501e-05 0.000507363 1 -0.0169149 0 0 0 1 
1 -6.44487e-09 -2.4512e-05 -0.000367654 -6.44487e-09 1 -0.000525854 -0.00788725 2.4512e-05 0.000525854 1 -0.0175314 0 0 0 1 
1 -6.93287e-09 -2.54231e-05 -0.00038131 -6.93287e-09 1 -0.000545399 -0.00818021 2.54231e-05 0.000545399 1 -0.0181831 0 0 0 1 
1 -7.43867e-09 -2.63342e-05 -0.000394966 -7.43867e-09 1 -0.000564945 -0.00847317 2.63342e-05 0.000564945 1 -0.0188348 0 0 0 1 
1 -7.96229e-09 -2.72452e-05 -0.000408621 -7.96229e-09 1 -0.00058449 -0.00876612 2.72452e-05 0.00058449 1 -0.0194865 0 0 0 1 
1 -8.50371e-09 -2.81563e-05 -0.000422277 -8.50371e-09 1 -0.000604036 -0.00905908 2.81563e-05 0.000604036 1 -0.0201382 0 0 0 1 
1 -9.06294e-09 -2.90674e-05 -0.000435933 -9.06294e-09 1 -0.000623581 -0.00935204 2.90674e-05 0.000623581 1 -0.0207899 0 0 0 1 
1 -9.8835e-09 -3.03548e-05 -0.000455224 -9.8835e-09 1 -0.000651199 -0.00976589 3.03548e-05 0.000651199 1 -0.0217108 0 0 0 1 
1 -1.07396e-08 -3.16422e-05 -0.000474515 -1.07396e-08 1 -0.000678817 -0.0101797 3.16422e-05 0.000678817 1 -0.0226318 0 0 0 1 
1 -1.16313e-08 -3.29295e-05 -0.000493805 -1.16313e-08 1 -0.000706435 -0.0105936 3.29295e-05 0.000706435 1 -0.0235527 0 0 0 1 
1 -1.25585e-08 -3.42169e-05 -0.000513096 -1.25585e-08 1 -0.000734053 -0.0110074 3.42169e-05 0.000734053 1 -0.0244737 0 0 0 1 
1 -1.35213e-08 -3.55043e-05 -0.000532387 -1.35213e-08 1 -0.000761671 -0.0114213 3.55043e-05 0.000761671 1 -0.0253946 0 0 0 1 
1 -1.46023e-08 -3.68962e-05 -0.000553238 -1.46023e-08 1 -0.000791532 -0.0118686 3.68962e-05 0.000791532 1 -0.0263904 0 0 0 1 
1 -1.57248e-08 -3.82882e-05 -0.000574089 -1.57248e-08 1 -0.000821394 -0.0123159 3.82882e-05 0.000821394 1 -0.0273862 0 0 0 1 
1 -1.6889e-08 -3.96801e-05 -0.00059494 -1.6889e-08 1 -0.000851255 -0.0127632 3.96801e-05 0.000851255 1 -0.028382 0 0 0 1 
1 -1.80946e-08 -4.10721e-05 -0.000615791 -1.80946e-08 1 -0.000881117 -0.0132105 4.10721e-05 0.000881117 1 -0.0293778 0 0 0 1 
1 -1.93419e-08 -4.2464e-05 -0.000636642 -1.93419e-08 1 -0.000910978 -0.0136578 4.2464e-05 0.000910978 1 -0.0303736 0 0 0 1 
1 -2.06994e-08 -4.39289e-05 -0.000658579 -2.06994e-08 1 -0.000942404 -0.0141284 4.39289e-05 0.000942404 1 -0.0314217 0 0 0 1 
1 -2.2103e-08 -4.53939e-05 -0.000680516 -2.2103e-08 1 -0.000973831 -0.014599 4.53939e-05 0.000973831 1 -0.0324698 0 0 0 1 
1 -2.35526e-08 -4.68588e-05 -0.000702454 -2.35526e-08 0.999999 -0.00100526 -0.0150697 4.68588e-05 0.00100526 0.999999 -0.0335179 0 0 0 1 
1 -2.50482e-08 -4.83238e-05 -0.000724391 -2.50482e-08 0.999999 -0.00103668 -0.0155403 4.83238e-05 0.00103668 0.999999 -0.034566 0 0 0 1 
1 -2.65899e-08 -4.97887e-05 -0.000746328 -2.65899e-08 0.999999 -0.00106811 -0.0160109 4.97887e-05 0.00106811 0.999999 -0.0356141 0 0 0 1 
1 -2.8275e-08 -5.13421e-05 -0.000769581 -2.8275e-08 0.999999 -0.00110144 -0.0165098 5.13421e-05 0.00110144 0.999999 -0.0367255 0 0 0 1 
1 -3.00119e-08 -5.28955e-05 -0.000792834 -3.00119e-08 0.999999 -0.00113476 -0.0170086 5.28955e-05 0.00113476 0.999999 -0.037837 0 0 0 1 
1 -3.18006e-08 -5.44489e-05 -0.000816088 -3.18006e-08 0.999999 -0.00116809 -0.0175075 5.44489e-05 0.00116809 0.999999 -0.0389484 0 0 0 1 
1 -3.3641e-08 -5.60023e-05 -0.000839341 -3.3641e-08 0.999999 -0.00120141 -0.0180063 5.60023e-05 0.00120141 0.999999 -0.0400599 0 0 0 1 
1 -3.55332e-08 -5.75557e-05 -0.000862594 -3.55332e-08 0.999999 -0.00123474 -0.0185052 5.75557e-05 0.00123474 0.999999 -0.0411713 0 0 0 1 
1 -3.80006e-08 -5.95205e-05 -0.000891993 -3.80006e-08 0.999999 -0.00127689 -0.0191359 5.95205e-05 0.00127689 0.999999 -0.0425773 0 0 0 1 
1 -4.05508e-08 -6.14853e-05 -0.000921392 -4.05508e-08 0.999999 -0.00131904 -0.0197666 6.14853e-05 0.00131904 0.999999 -0.0439832 0 0 0 1 
1 -4.31839e-08 -6.34502e-05 -0.000950792 -4.31839e-08 0.999999 -0.00136119 -0.0203973 6.34502e-05 0.00136119 0.999999 -0.0453892 0 0 0 1 
1 -4.58998e-08 -6.5415e-05 -0.000980191 -4.58998e-08 0.999999 -0.00140334 -0.021028 6.5415e-05 0.00140334 0.999999 -0.0467951 0 0 0 1 
1 -4.86984e-08 -6.73798e-05 -0.00100959 -4.86984e-08 0.999999 -0.00144549 -0.0216587 6.73798e-05 0.00144549 0.999999 -0.0482011 0 0 0 1 
1 -5.17131e-08 -6.9434e-05 -0.00104031 -5.17131e-08 0.999999 -0.00148956 -0.0223178 6.9434e-05 0.00148956 0.999999 -0.0496712 0 0 0 1 
1 -5.48183e-08 -7.14882e-05 -0.00107104 -5.48183e-08 0.999999 -0.00153363 -0.0229769 7.14882e-05 0.00153363 0.999999 -0.0511413 0 0 0 1 
1 -5.8014e-08 -7.35425e-05 -0.00110176 -5.8014e-08 0.999999 -0.0015777 -0.023636 7.35425e-05 0.0015777 0.999999 -0.0526113 0 0 0 1 
1 -6.13002e-08 -7.55967e-05 -0.00113249 -6.13002e-08 0.999999 -0.00162177 -0.0242951 7.55967e-05 0.00162177 0.999999 -0.0540814 0 0 0 1 
1 -6.4677e-08 -7.76509e-05 -0.00116321 -6.4677e-08 0.999999 -0.00166584 -0.0249542 7.76509e-05 0.00166584 0.999999 -0.0555515 0 0 0 1 
1 -6.82881e-08 -7.97892e-05 -0.00119517 -6.82881e-08 0.999999 -0.00171171 -0.0256399 7.97892e-05 0.00171171 0.999999 -0.0570819 0 0 0 1 
1 -7.19972e-08 -8.19274e-05 -0.00122713 -7.19972e-08 0.999998 -0.00175758 -0.0263256 8.19274e-05 0.00175758 0.999998 -0.0586122 0 0 0 1 
1 -7.58044e-08 -8.40657e-05 -0.0012591 -7.58044e-08 0.999998 -0.00180346 -0.0270113 8.40657e-05 0.00180346 0.999998 -0.0601426 0 0 0 1 
1 -7.97098e-08 -8.62039e-05 -0.00129106 -7.97098e-08 0.999998 -0.00184933 -0.027697 8.62039e-05 0.00184933 0.999998 -0.0616729 0 0 0 1 
1 -8.37132e-08 -8.83422e-05 -0.00132302 -8.37132e-08 0.999998 -0.0018952 -0.0283827 8.83422e-05 0.0018952 0.999998 -0.0632033 0 0 0 1 
1 -8.85302e-08 -9.08484e-05 -0.00136046 -8.85302e-08 0.999998 -0.00194896 -0.029186 9.08484e-05 0.00194896 0.999998 -0.0649972 0 0 0 1 
1 -9.34819e-08 -9.33545e-05 -0.0013979 -9.34819e-08 0.999998 -0.00200273 -0.0299892 9.33545e-05 0.00200273 0.999998 -0.0667911 0 0 0 1 
1 -9.85685e-08 -9.58607e-05 -0.00143535 -9.85685e-08 0.999998 -0.00205649 -0.0307925 9.58607e-05 0.00205649 0.999998 -0.0685849 0 0 0 1 
1 -1.0379e-07 -9.83668e-05 -0.00147279 -1.0379e-07 0.999998 -0.00211026 -0.0315957 9.83668e-05 0.00211026 0.999998 -0.0703788 0 0 0 1 
1 -1.09146e-07 -0.000100873 -0.00151023 -1.09146e-07 0.999998 -0.00216402 -0.032399 0.000100873 0.00216402 0.999998 -0.0721727 0 0 0 1 
1 -1.1501e-07 -0.000103548 -0.00155017 -1.1501e-07 0.999998 -0.0022214 -0.0332557 0.000103548 0.0022214 0.999998 -0.0740874 0 0 0 1 
1 -1.21029e-07 -0.000106222 -0.0015901 -1.21029e-07 0.999997 -0.00227878 -0.0341124 0.000106222 0.00227878 0.999997 -0.0760021 0 0 0 1 
1 -1.272e-07 -0.000108897 -0.00163004 -1.272e-07 0.999997 -0.00233616 -0.0349691 0.000108897 0.00233616 0.999997 -0.0779169 0 0 0 1 
1 -1.33525e-07 -0.000111571 -0.00166997 -1.33525e-07 0.999997 -0.00239354 -0.0358258 0.000111571 0.00239354 0.999997 -0.0798316 0 0 0 1 
1 -1.40004e-07 -0.000114246 -0.00170991 -1.40004e-07 0.999997 -0.00245092 -0.0366825 0.000114246 0.00245092 0.999997 -0.0817463 0 0 0 1 
1 -1.46892e-07 -0.000117023 -0.00175134 -1.46892e-07 0.999997 -0.00251048 -0.0375713 0.000117023 0.00251048 0.999997 -0.0837342 0 0 0 1 
1 -1.53945e-07 -0.000119799 -0.00179277 -1.53945e-07 0.999997 -0.00257005 -0.03846 0.000119799 0.00257005 0.999997 -0.085722 0 0 0 1 
1 -1.61164e-07 -0.000122576 -0.00183419 -1.61164e-07 0.999997 -0.00262961 -0.0393488 0.000122576 0.00262961 0.999997 -0.0877099 0 0 0 1 
1 -1.68548e-07 -0.000125352 -0.00187562 -1.68548e-07 0.999996 -0.00268918 -0.0402375 0.000125352 0.00268918 0.999996 -0.0896977 0 0 0 1 
1 -1.76097e-07 -0.000128129 -0.00191705 -1.76097e-07 0.999996 -0.00274874 -0.0411263 0.000128129 0.00274874 0.999996 -0.0916856 0 0 0 1 
1 -1.85027e-07 -0.000131338 -0.00196489 -1.85027e-07 0.999996 -0.00281757 -0.0421526 0.000131338 0.00281757 0.999996 -0.0939833 0 0 0 1 
1 -1.94178e-07 -0.000134546 -0.00201273 -1.94178e-07 0.999996 -0.00288641 -0.043179 0.000134546 0.00288641 0.999996 -0.096281 0 0 0 1 
1 -2.0355e-07 -0.000137755 -0.00206058 -2.0355e-07 0.999996 -0.00295524 -0.0442053 0.000137755 0.00295524 0.999996 -0.0985786 0 0 0 1 
1 -2.13143e-07 -0.000140963 -0.00210842 -2.13143e-07 0.999995 -0.00302408 -0.0452317 0.000140963 0.00302408 0.999995 -0.100876 0 0 0 1 
1 -2.22956e-07 -0.000144172 -0.00215626 -2.22956e-07 0.999995 -0.00309291 -0.046258 0.000144172 0.00309291 0.999995 -0.103174 0 0 0 1 
1 -2.33414e-07 -0.000147514 -0.00220606 -2.33414e-07 0.999995 -0.00316461 -0.0473263 0.000147514 0.00316461 0.999995 -0.105568 0 0 0 1 
1 -2.44111e-07 -0.000150857 -0.00225585 -2.44111e-07 0.999995 -0.00323632 -0.0483946 0.000150857 0.00323632 0.999995 -0.107962 0 0 0 1 
1 -2.55048e-07 -0.000154199 -0.00230565 -2.55048e-07 0.999995 -0.00330802 -0.0494629 0.000154199 0.00330802 0.999995 -0.110355 0 0 0 1 
1 -2.66225e-07 -0.000157542 -0.00235544 -2.66225e-07 0.999994 -0.00337973 -0.0505312 0.000157542 0.00337973 0.999994 -0.112749 0 0 0 1 
1 -2.77641e-07 -0.000160884 -0.00240524 -2.77641e-07 0.999994 -0.00345143 -0.0515995 0.000160884 0.00345143 0.999994 -0.115143 0 0 0 1 
1 -2.90109e-07 -0.000164457 -0.00245843 -2.90109e-07 0.999994 -0.00352808 -0.0527405 0.000164457 0.00352808 0.999994 -0.117702 0 0 0 1 
1 -3.02852e-07 -0.00016803 -0.00251162 -3.02852e-07 0.999994 -0.00360473 -0.0538815 0.00016803 0.00360473 0.999993 -0.120261 0 0 0 1 
1 -3.15868e-07 -0.000171602 -0.0025648 -3.15868e-07 0.999993 -0.00368138 -0.0550226 0.000171602 0.00368138 0.999993 -0.122821 0 0 0 1 
1 -3.29158e-07 -0.000175175 -0.00261799 -3.29158e-07 0.999993 -0.00375803 -0.0561636 0.000175175 0.00375803 0.999993 -0.12538 0 0 0 1 
1 -3.42722e-07 -0.000178748 -0.00267118 -3.42722e-07 0.999993 -0.00383468 -0.0573046 0.000178748 0.00383468 0.999993 -0.127939 0 0 0 1 
1 -3.57943e-07 -0.000182674 -0.00272957 -3.57943e-07 0.999992 -0.00391891 -0.0585573 0.000182674 0.00391891 0.999992 -0.130752 0 0 0 1 
1 -3.73494e-07 -0.0001866 -0.00278796 -3.73494e-07 0.999992 -0.00400313 -0.05981 0.0001866 0.00400313 0.999992 -0.133565 0 0 0 1 
1 -3.89377e-07 -0.000190527 -0.00284636 -3.89377e-07 0.999992 -0.00408736 -0.0610627 0.000190527 0.00408736 0.999992 -0.136377 0 0 0 1 
1 -4.0559e-07 -0.000194453 -0.00290475 -4.0559e-07 0.999991 -0.00417158 -0.0623154 0.000194453 0.00417158 0.999991 -0.13919 0 0 0 1 
1 -4.22134e-07 -0.000198379 -0.00296314 -4.22134e-07 0.999991 -0.00425581 -0.0635681 0.000198379 0.00425581 0.999991 -0.142003 0 0 0 1 
1 -4.39535e-07 -0.000202426 -0.00302328 -4.39535e-07 0.999991 -0.00434264 -0.0648583 0.000202426 0.00434264 0.999991 -0.144903 0 0 0 1 
1 -4.57287e-07 -0.000206474 -0.00308342 -4.57287e-07 0.99999 -0.00442947 -0.0661484 0.000206474 0.00442947 0.99999 -0.147804 0 0 0 1 
1 -4.75391e-07 -0.000210521 -0.00314356 -4.75391e-07 0.99999 -0.0045163 -0.0674386 0.000210521 0.0045163 0.99999 -0.150704 0 0 0 1 
1 -4.93846e-07 -0.000214569 -0.0032037 -4.93846e-07 0.999989 -0.00460313 -0.0687287 0.000214569 0.00460313 0.999989 -0.153605 0 0 0 1 
1 -5.12653e-07 -0.000218616 -0.00326384 -5.12653e-07 0.999989 -0.00468996 -0.0700189 0.000218616 0.00468996 0.999989 -0.156505 0 0 0 1 
1 -5.34007e-07 -0.000223123 -0.00333073 -5.34007e-07 0.999989 -0.00478664 -0.0714539 0.000223123 0.00478664 0.999989 -0.159735 0 0 0 1 
1 -5.55796e-07 -0.000227629 -0.00339762 -5.55796e-07 0.999988 -0.00488332 -0.0728889 0.000227629 0.00488332 0.999988 -0.162965 0 0 0 1 
1 -5.78021e-07 -0.000232136 -0.00346452 -5.78021e-07 0.999988 -0.00497999 -0.074324 0.000232136 0.00497999 0.999988 -0.166194 0 0 0 1 
1 -6.00682e-07 -0.000236642 -0.00353141 -6.00682e-07 0.999987 -0.00507667 -0.075759 0.000236642 0.00507667 0.999987 -0.169424 0 0 0 1 
1 -6.23778e-07 -0.000241149 -0.0035983 -6.23778e-07 0.999987 -0.00517335 -0.077194 0.000241149 0.00517335 0.999987 -0.172654 0 0 0 1 
1 -6.48106e-07 -0.000245806 -0.00366736 -6.48106e-07 0.999986 -0.00527327 -0.0786755 0.000245806 0.00527327 0.999986 -0.175993 0 0 0 1 
1 -6.72899e-07 -0.000250464 -0.00373641 -6.72899e-07 0.999986 -0.00537318 -0.0801569 0.000250464 0.00537318 0.999986 -0.179332 0 0 0 1 
1 -6.98157e-07 -0.000255121 -0.00380547 -6.98157e-07 0.999985 -0.0054731 -0.0816384 0.000255121 0.0054731 0.999985 -0.182671 0 0 0 1 
1 -7.2388e-07 -0.000259779 -0.00387452 -7.2388e-07 0.999984 -0.00557301 -0.0831198 0.000259779 0.00557301 0.999984 -0.18601 0 0 0 1 
1 -7.50069e-07 -0.000264436 -0.00394358 -7.50069e-07 0.999984 -0.00567293 -0.0846013 0.000264436 0.00567293 0.999984 -0.189349 0 0 0 1 
1 -7.78973e-07 -0.000269483 -0.00401832 -7.78973e-07 0.999983 -0.0057812 -0.0862047 0.000269483 0.0057812 0.999983 -0.192968 0 0 0 1 
1 -8.08423e-07 -0.00027453 -0.00409306 -8.08423e-07 0.999983 -0.00588947 -0.0878081 0.00027453 0.00588947 0.999983 -0.196586 0 0 0 1 
1 -8.3842e-07 -0.000279576 -0.00416779 -8.3842e-07 0.999982 -0.00599773 -0.0894114 0.000279576 0.00599773 0.999982 -0.200205 0 0 0 1 
1 -8.68963e-07 -0.000284623 -0.00424253 -8.68963e-07 0.999981 -0.006106 -0.0910148 0.000284623 0.006106 0.999981 -0.203823 0 0 0 1 
1 -9.00052e-07 -0.00028967 -0.00431727 -9.00052e-07 0.999981 -0.00621427 -0.0926182 0.00028967 0.00621427 0.999981 -0.207442 0 0 0 1 
1 -9.33222e-07 -0.000294959 -0.00439551 -9.33222e-07 0.99998 -0.00632774 -0.0942966 0.000294959 0.00632774 0.99998 -0.211236 0 0 0 1 
1 -9.66991e-07 -0.000300248 -0.00447374 -9.66991e-07 0.999979 -0.00644121 -0.0959749 0.000300248 0.00644121 0.999979 -0.215029 0 0 0 1 
1 -1.00136e-06 -0.000305538 -0.00455198 -1.00136e-06 0.999979 -0.00655468 -0.0976533 0.000305538 0.00655468 0.999978 -0.218823 0 0 0 1 
1 -1.03633e-06 -0.000310827 -0.00463021 -1.03633e-06 0.999978 -0.00666815 -0.0993316 0.000310827 0.00666815 0.999978 -0.222616 0 0 0 1 
1 -1.0719e-06 -0.000316116 -0.00470845 -1.0719e-06 0.999977 -0.00678162 -0.10101 0.000316116 0.00678162 0.999977 -0.22641 0 0 0 1 
1 -1.11059e-06 -0.00032177 -0.00479197 -1.11059e-06 0.999976 -0.00690292 -0.102802 0.00032177 0.00690292 0.999976 -0.230466 0 0 0 1 
1 -1.14996e-06 -0.000327424 -0.00487549 -1.14996e-06 0.999975 -0.00702422 -0.104594 0.000327424 0.00702422 0.999975 -0.234523 0 0 0 1 
1 -1.19002e-06 -0.000333079 -0.00495901 -1.19002e-06 0.999974 -0.00714551 -0.106385 0.000333079 0.00714551 0.999974 -0.238579 0 0 0 1 
1 -1.23077e-06 -0.000338733 -0.00504253 -1.23077e-06 0.999974 -0.00726681 -0.108177 0.000338733 0.00726681 0.999974 -0.242636 0 0 0 1 
1 -1.2722e-06 -0.000344387 -0.00512605 -1.2722e-06 0.999973 -0.00738811 -0.109969 0.000344387 0.00738811 0.999973 -0.246692 0 0 0 1 
1 -1.3164e-06 -0.000350318 -0.00521353 -1.3164e-06 0.999972 -0.00751534 -0.111846 0.000350318 0.00751534 0.999972 -0.250948 0 0 0 1 
1 -1.36135e-06 -0.000356248 -0.00530101 -1.36135e-06 0.999971 -0.00764257 -0.113722 0.000356248 0.00764257 0.999971 -0.255204 0 0 0 1 
1 -1.40705e-06 -0.000362179 -0.0053885 -1.40705e-06 0.99997 -0.0077698 -0.115599 0.000362179 0.0077698 0.99997 -0.25946 0 0 0 1 
1 -1.45351e-06 -0.000368109 -0.00547598 -1.45351e-06 0.999969 -0.00789703 -0.117475 0.000368109 0.00789703 0.999969 -0.263716 0 0 0 1 
1 -1.50072e-06 -0.00037404 -0.00556346 -1.50072e-06 0.999968 -0.00802426 -0.119352 0.00037404 0.00802426 0.999968 -0.267972 0 0 0 1 
1 -1.55177e-06 -0.000380349 -0.00565638 -1.55177e-06 0.999967 -0.0081596 -0.121346 0.000380349 0.0081596 0.999967 -0.272501 0 0 0 1 
1 -1.60368e-06 -0.000386658 -0.0057493 -1.60368e-06 0.999966 -0.00829494 -0.123339 0.000386658 0.00829494 0.999966 -0.277029 0 0 0 1 
1 -1.65644e-06 -0.000392966 -0.00584222 -1.65644e-06 0.999964 -0.00843028 -0.125333 0.000392966 0.00843028 0.999964 -0.281558 0 0 0 1 
1 -1.71005e-06 -0.000399275 -0.00593514 -1.71005e-06 0.999963 -0.00856562 -0.127326 0.000399275 0.00856562 0.999963 -0.286086 0 0 0 1 
1 -1.76452e-06 -0.000405584 -0.00602806 -1.76452e-06 0.999962 -0.00870096 -0.12932 0.000405584 0.00870096 0.999962 -0.290615 0 0 0 1 
1 -1.82234e-06 -0.000412176 -0.006125 -1.82234e-06 0.999961 -0.00884237 -0.1314 0.000412176 0.00884237 0.999961 -0.295348 0 0 0 1 
1 -1.8811e-06 -0.000418768 -0.00622194 -1.8811e-06 0.99996 -0.00898379 -0.133479 0.000418768 0.00898379 0.99996 -0.300081 0 0 0 1 
1 -1.94079e-06 -0.000425359 -0.00631887 -1.94079e-06 0.999958 -0.0091252 -0.135559 0.000425359 0.0091252 0.999958 -0.304815 0 0 0 1 
1 -2.00141e-06 -0.000431951 -0.00641581 -2.00141e-06 0.999957 -0.00926662 -0.137638 0.000431951 0.00926662 0.999957 -0.309548 0 0 0 1 
1 -2.06296e-06 -0.000438543 -0.00651275 -2.06296e-06 0.999956 -0.00940803 -0.139718 0.000438543 0.00940803 0.999956 -0.314281 0 0 0 1 
1 -2.12961e-06 -0.000445572 -0.00661594 -2.12961e-06 0.999954 -0.0095588 -0.141932 0.000445572 0.0095588 0.999954 -0.31933 0 0 0 1 
1 -2.19733e-06 -0.0004526 -0.00671913 -2.19733e-06 0.999953 -0.00970958 -0.144145 0.0004526 0.00970958 0.999953 -0.324378 0 0 0 1 
1 -2.26611e-06 -0.000459629 -0.00682232 -2.26611e-06 0.999951 -0.00986035 -0.146359 0.000459629 0.00986035 0.999951 -0.329427 0 0 0 1 
1 -2.33594e-06 -0.000466657 -0.00692551 -2.33594e-06 0.99995 -0.0100111 -0.148572 0.000466657 0.0100111 0.99995 -0.334475 0 0 0 1 
1 -2.40684e-06 -0.000473686 -0.0070287 -2.40684e-06 0.999948 -0.0101619 -0.150786 0.000473686 0.0101619 0.999948 -0.339524 0 0 0 1 
1 -2.4815e-06 -0.000480976 -0.00713555 -2.4815e-06 0.999947 -0.0103183 -0.153078 0.000480976 0.0103183 0.999947 -0.344762 0 0 0 1 
1 -2.5573e-06 -0.000488267 -0.0072424 -2.5573e-06 0.999945 -0.0104747 -0.15537 0.000488267 0.0104747 0.999945 -0.350001 0 0 0 1 
1 -2.63425e-06 -0.000495557 -0.00734924 -2.63425e-06 0.999943 -0.0106312 -0.157663 0.000495557 0.0106312 0.999943 -0.355239 0 0 0 1 
1 -2.71233e-06 -0.000502848 -0.00745609 -2.71233e-06 0.999942 -0.0107876 -0.159955 0.000502848 0.0107876 0.999942 -0.360478 0 0 0 1 
1 -2.79156e-06 -0.000510138 -0.00756294 -2.79156e-06 0.99994 -0.010944 -0.162247 0.000510138 0.010944 0.99994 -0.365716 0 0 0 1 
1 -2.87729e-06 -0.000517912 -0.00767667 -2.87729e-06 0.999938 -0.0111108 -0.164687 0.000517912 0.0111108 0.999938 -0.371304 0 0 0 1 
1 -2.96433e-06 -0.000525687 -0.00779041 -2.96433e-06 0.999936 -0.0112776 -0.167127 0.000525687 0.0112776 0.999936 -0.376893 0 0 0 1 
1 -3.05266e-06 -0.000533461 -0.00790414 -3.05266e-06 0.999935 -0.0114443 -0.169567 0.000533461 0.0114443 0.999934 -0.382481 0 0 0 1 
1 -3.14228e-06 -0.000541236 -0.00801788 -3.14228e-06 0.999933 -0.0116111 -0.172007 0.000541236 0.0116111 0.999932 -0.38807 0 0 0 1 
1 -3.2332e-06 -0.00054901 -0.00813161 -3.2332e-06 0.999931 -0.0117779 -0.174447 0.00054901 0.0117779 0.99993 -0.393658 0 0 0 1 
1 -3.32859e-06 -0.000557049 -0.00824898 -3.32859e-06 0.999929 -0.0119504 -0.176965 0.000557049 0.0119504 0.999928 -0.399438 0 0 0 1 
1 -3.42536e-06 -0.000565088 -0.00836635 -3.42536e-06 0.999927 -0.0121228 -0.179483 0.000565088 0.0121228 0.999926 -0.405219 0 0 0 1 
1 -3.52351e-06 -0.000573127 -0.00848373 -3.52351e-06 0.999924 -0.0122953 -0.182001 0.000573127 0.0122953 0.999924 -0.410999 0 0 0 1 
1 -3.62305e-06 -0.000581166 -0.0086011 -3.62305e-06 0.999922 -0.0124677 -0.184519 0.000581166 0.0124677 0.999922 -0.41678 0 0 0 1 
1 -3.72398e-06 -0.000589205 -0.00871847 -3.72398e-06 0.99992 -0.0126402 -0.187037 0.000589205 0.0126402 0.99992 -0.42256 0 0 0 1 
1 -3.83259e-06 -0.000597734 -0.00884275 -3.83259e-06 0.999918 -0.0128232 -0.189703 0.000597734 0.0128232 0.999918 -0.428696 0 0 0 1 
1 -3.94275e-06 -0.000606264 -0.00896703 -3.94275e-06 0.999915 -0.0130062 -0.192369 0.000606264 0.0130062 0.999915 -0.434832 0 0 0 1 
1 -4.05447e-06 -0.000614793 -0.00909132 -4.05447e-06 0.999913 -0.0131891 -0.195036 0.000614793 0.0131891 0.999913 -0.440967 0 0 0 1 
1 -4.16776e-06 -0.000623323 -0.0092156 -4.16776e-06 0.999911 -0.0133721 -0.197702 0.000623323 0.0133721 0.99991 -0.447103 0 0 0 1 
1 -4.28261e-06 -0.000631852 -0.00933988 -4.28261e-06 0.999908 -0.0135551 -0.200368 0.000631852 0.0135551 0.999908 -0.453239 0 0 0 1 
1 -4.40392e-06 -0.000640739 -0.00946909 -4.40392e-06 0.999906 -0.0137457 -0.20314 0.000640739 0.0137457 0.999905 -0.459634 0 0 0 1 
1 -4.52693e-06 -0.000649625 -0.0095983 -4.52693e-06 0.999903 -0.0139364 -0.205912 0.000649625 0.0139364 0.999903 -0.46603 0 0 0 1 
1 -4.65164e-06 -0.000658512 -0.00972752 -4.65164e-06 0.9999 -0.014127 -0.208684 0.000658512 0.014127 0.9999 -0.472425 0 0 0 1 
1 -4.77804e-06 -0.000667398 -0.00985673 -4.77804e-06 0.999897 -0.0143177 -0.211456 0.000667398 0.0143177 0.999897 -0.478821 0 0 0 1 
1 -4.90613e-06 -0.000676285 -0.00998594 -4.90613e-06 0.999895 -0.0145083 -0.214228 0.000676285 0.0145083 0.999895 -0.485216 0 0 0 1 
1 -5.04121e-06 -0.000685532 -0.0101201 -5.04121e-06 0.999892 -0.0147067 -0.217106 0.000685532 0.0147067 0.999892 -0.491873 0 0 0 1 
1 -5.17813e-06 -0.000694779 -0.0102542 -5.17813e-06 0.999889 -0.014905 -0.219984 0.000694779 0.014905 0.999889 -0.49853 0 0 0 1 
1 -5.31689e-06 -0.000704025 -0.0103884 -5.31689e-06 0.999886 -0.0151034 -0.222861 0.000704025 0.0151034 0.999886 -0.505188 0 0 0 1 
1 -5.45747e-06 -0.000713272 -0.0105225 -5.45747e-06 0.999883 -0.0153017 -0.225739 0.000713272 0.0153017 0.999883 -0.511845 0 0 0 1 
1 -5.59989e-06 -0.000722519 -0.0106567 -5.59989e-06 0.99988 -0.0155001 -0.228617 0.000722519 0.0155001 0.99988 -0.518502 0 0 0 1 
1 -5.75221e-06 -0.000732278 -0.0107979 -5.75221e-06 0.999877 -0.0157095 -0.231647 0.000732278 0.0157095 0.999876 -0.525532 0 0 0 1 
1 -5.90657e-06 -0.000742037 -0.0109392 -5.90657e-06 0.999873 -0.0159189 -0.234677 0.000742037 0.0159189 0.999873 -0.532561 0 0 0 1 
1 -6.06297e-06 -0.000751796 -0.0110804 -6.06297e-06 0.99987 -0.0161282 -0.237708 0.000751796 0.0161282 0.99987 -0.539591 0 0 0 1 
1 -6.22141e-06 -0.000761555 -0.0112217 -6.22141e-06 0.999867 -0.0163376 -0.240738 0.000761555 0.0163376 0.999866 -0.54662 0 0 0 1 
1 -6.3819e-06 -0.000771314 -0.0113629 -6.3819e-06 0.999863 -0.016547 -0.243768 0.000771314 0.016547 0.999863 -0.55365 0 0 0 1 
1 -6.55031e-06 -0.000781424 -0.0115089 -6.55031e-06 0.999859 -0.0167639 -0.246899 0.000781424 0.0167639 0.999859 -0.560936 0 0 0 1 
1 -6.72091e-06 -0.000791534 -0.0116548 -6.72091e-06 0.999856 -0.0169808 -0.250031 0.000791534 0.0169808 0.999856 -0.568221 0 0 0 1 
1 -6.8937e-06 -0.000801643 -0.0118008 -6.8937e-06 0.999852 -0.0171976 -0.253162 0.000801643 0.0171976 0.999852 -0.575507 0 0 0 1 
1 -7.06868e-06 -0.000811753 -0.0119467 -7.06868e-06 0.999848 -0.0174145 -0.256294 0.000811753 0.0174145 0.999848 -0.582792 0 0 0 1 
1 -7.24586e-06 -0.000821863 -0.0120927 -7.24586e-06 0.999845 -0.0176314 -0.259425 0.000821863 0.0176314 0.999844 -0.590078 0 0 0 1 
1 -7.43349e-06 -0.000832435 -0.012245 -7.43349e-06 0.999841 -0.0178582 -0.262691 0.000832435 0.0178582 0.99984 -0.597701 0 0 0 1 
1 -7.62352e-06 -0.000843007 -0.0123972 -7.62352e-06 0.999836 -0.018085 -0.265957 0.000843007 0.018085 0.999836 -0.605323 0 0 0 1 
1 -7.81595e-06 -0.00085358 -0.0125495 -7.81595e-06 0.999832 -0.0183118 -0.269224 0.00085358 0.0183118 0.999832 -0.612946 0 0 0 1 
1 -8.01077e-06 -0.000864152 -0.0127017 -8.01077e-06 0.999828 -0.0185386 -0.27249 0.000864152 0.0185386 0.999828 -0.620568 0 0 0 1 
1 -8.208e-06 -0.000874724 -0.012854 -8.208e-06 0.999824 -0.0187654 -0.275756 0.000874724 0.0187654 0.999824 -0.628191 0 0 0 1 
1 -8.41676e-06 -0.000885777 -0.0130127 -8.41676e-06 0.999819 -0.0190025 -0.279162 0.000885777 0.0190025 0.999819 -0.636164 0 0 0 1 
1 -8.62814e-06 -0.00089683 -0.0131715 -8.62814e-06 0.999815 -0.0192396 -0.282567 0.00089683 0.0192396 0.999814 -0.644138 0 0 0 1 
1 -8.84215e-06 -0.000907883 -0.0133302 -8.84215e-06 0.99981 -0.0194768 -0.285973 0.000907883 0.0194768 0.99981 -0.652111 0 0 0 1 
1 -9.05878e-06 -0.000918936 -0.013489 -9.05878e-06 0.999806 -0.0197139 -0.289378 0.000918936 0.0197139 0.999805 -0.660085 0 0 0 1 
1 -9.27803e-06 -0.000929989 -0.0136477 -9.27803e-06 0.999801 -0.019951 -0.292784 0.000929989 0.019951 0.999801 -0.668058 0 0 0 1 
1 -9.50779e-06 -0.000941433 -0.0138116 -9.50779e-06 0.999796 -0.0201965 -0.2963 0.000941433 0.0201965 0.999796 -0.676318 0 0 0 1 
1 -9.74037e-06 -0.000952876 -0.0139755 -9.74037e-06 0.999791 -0.020442 -0.299816 0.000952876 0.020442 0.999791 -0.684577 0 0 0 1 
1 -9.97575e-06 -0.00096432 -0.0141394 -9.97575e-06 0.999786 -0.0206875 -0.303332 0.00096432 0.0206875 0.999786 -0.692837 0 0 0 1 
1 -1.02139e-05 -0.000975763 -0.0143033 -1.02139e-05 0.999781 -0.020933 -0.306848 0.000975763 0.020933 0.99978 -0.701096 0 0 0 1 
1 -1.0455e-05 -0.000987207 -0.0144672 -1.0455e-05 0.999776 -0.0211785 -0.310364 0.000987207 0.0211785 0.999775 -0.709356 0 0 0 1 
1 -1.07085e-05 -0.000999106 -0.0146371 -1.07085e-05 0.99977 -0.0214338 -0.314009 0.000999106 0.0214338 0.99977 -0.717949 0 0 0 1 
0.999999 -1.09651e-05 -0.001011 -0.014807 -1.09651e-05 0.999765 -0.021689 -0.317654 0.001011 0.021689 0.999764 -0.726542 0 0 0 1 
0.999999 -1.12248e-05 -0.0010229 -0.014977 -1.12248e-05 0.999759 -0.0219443 -0.3213 0.0010229 0.0219443 0.999759 -0.735136 0 0 0 1 
0.999999 -1.14875e-05 -0.0010348 -0.0151469 -1.14875e-05 0.999754 -0.0221995 -0.324945 0.0010348 0.0221995 0.999753 -0.743729 0 0 0 1 
0.999999 -1.17532e-05 -0.0010467 -0.0153168 -1.17532e-05 0.999748 -0.0224548 -0.32859 0.0010467 0.0224548 0.999747 -0.752322 0 0 0 1 
0.999999 -1.20346e-05 -0.00105915 -0.0154941 -1.20346e-05 0.999742 -0.022722 -0.332394 0.00105915 0.022722 0.999741 -0.761321 0 0 0 1 
0.999999 -1.23193e-05 -0.00107161 -0.0156714 -1.23193e-05 0.999736 -0.0229892 -0.336198 0.00107161 0.0229892 0.999735 -0.770321 0 0 0 1 
0.999999 -1.26074e-05 -0.00108406 -0.0158487 -1.26074e-05 0.99973 -0.0232563 -0.340001 0.00108406 0.0232563 0.999729 -0.77932 0 0 0 1 
0.999999 -1.28988e-05 -0.00109652 -0.016026 -1.28988e-05 0.999723 -0.0235235 -0.343805 0.00109652 0.0235235 0.999723 -0.78832 0 0 0 1 
0.999999 -1.31935e-05 -0.00110897 -0.0162033 -1.31935e-05 0.999717 -0.0237907 -0.347609 0.00110897 0.0237907 0.999716 -0.797319 0 0 0 1 
0.999999 -1.3502e-05 -0.00112186 -0.0163862 -1.3502e-05 0.99971 -0.0240672 -0.351533 0.00112186 0.0240672 0.99971 -0.806639 0 0 0 1 
0.999999 -1.38142e-05 -0.00113475 -0.0165692 -1.38142e-05 0.999704 -0.0243438 -0.355458 0.00113475 0.0243438 0.999703 -0.815959 0 0 0 1 
0.999999 -1.41299e-05 -0.00114765 -0.0167521 -1.41299e-05 0.999697 -0.0246203 -0.359382 0.00114765 0.0246203 0.999696 -0.825279 0 0 0 1 
0.999999 -1.44491e-05 -0.00116054 -0.0169351 -1.44491e-05 0.99969 -0.0248969 -0.363307 0.00116054 0.0248969 0.999689 -0.834599 0 0 0 1 
0.999999 -1.4772e-05 -0.00117343 -0.017118 -1.4772e-05 0.999683 -0.0251734 -0.367231 0.00117343 0.0251734 0.999682 -0.843919 0 0 0 1 
0.999999 -1.51098e-05 -0.00118677 -0.0173067 -1.51098e-05 0.999676 -0.0254596 -0.371279 0.00118677 0.0254596 0.999675 -0.853571 0 0 0 1 
0.999999 -1.54515e-05 -0.00120011 -0.0174954 -1.54515e-05 0.999669 -0.0257458 -0.375327 0.00120011 0.0257458 0.999668 -0.863223 0 0 0 1 
0.999999 -1.5797e-05 -0.00121345 -0.0176841 -1.5797e-05 0.999661 -0.026032 -0.379376 0.00121345 0.026032 0.99966 -0.872876 0 0 0 1 
0.999999 -1.61463e-05 -0.00122679 -0.0178728 -1.61463e-05 0.999654 -0.0263182 -0.383424 0.00122679 0.0263182 0.999653 -0.882528 0 0 0 1 
0.999999 -1.64994e-05 -0.00124013 -0.0180615 -1.64994e-05 0.999646 -0.0266044 -0.387472 0.00124013 0.0266044 0.999645 -0.89218 0 0 0 1 
0.999999 -1.68716e-05 -0.00125404 -0.0182575 -1.68716e-05 0.999638 -0.0269027 -0.391677 0.00125404 0.0269027 0.999637 -0.902247 0 0 0 1 
0.999999 -1.72479e-05 -0.00126794 -0.0184535 -1.72479e-05 0.99963 -0.027201 -0.395882 0.00126794 0.027201 0.999629 -0.912313 0 0 0 1 
0.999999 -1.76284e-05 -0.00128185 -0.0186495 -1.76284e-05 0.999622 -0.0274994 -0.400086 0.00128185 0.0274994 0.999621 -0.92238 0 0 0 1 
0.999999 -1.8013e-05 -0.00129575 -0.0188455 -1.8013e-05 0.999614 -0.0277977 -0.404291 0.00129575 0.0277977 0.999613 -0.932446 0 0 0 1 
0.999999 -1.84017e-05 -0.00130966 -0.0190415 -1.84017e-05 0.999605 -0.028096 -0.408496 0.00130966 0.028096 0.999604 -0.942513 0 0 0 1 
0.999999 -1.88089e-05 -0.00132407 -0.0192438 -1.88089e-05 0.999596 -0.0284051 -0.412837 0.00132407 0.0284051 0.999596 -0.95295 0 0 0 1 
0.999999 -1.92205e-05 -0.00133847 -0.0194462 -1.92205e-05 0.999588 -0.0287141 -0.417178 0.00133847 0.0287141 0.999587 -0.963387 0 0 0 1 
0.999999 -1.96366e-05 -0.00135288 -0.0196485 -1.96366e-05 0.999579 -0.0290232 -0.421519 0.00135288 0.0290232 0.999578 -0.973825 0 0 0 1 
0.999999 -2.00571e-05 -0.00136728 -0.0198509 -2.00571e-05 0.99957 -0.0293322 -0.42586 0.00136728 0.0293322 0.999569 -0.984262 0 0 0 1 
0.999999 -2.0482e-05 -0.00138169 -0.0200532 -2.0482e-05 0.999561 -0.0296413 -0.430201 0.00138169 0.0296413 0.99956 -0.994699 0 0 0 1 
0.999999 -2.09261e-05 -0.00139658 -0.0202616 -2.09261e-05 0.999551 -0.0299608 -0.434672 0.00139658 0.0299608 0.99955 -1.0055 0 0 0 1 
0.999999 -2.13749e-05 -0.00141148 -0.02047 -2.13749e-05 0.999541 -0.0302803 -0.439142 0.00141148 0.0302803 0.99954 -1.01629 0 0 0 1 
0.999999 -2.18285e-05 -0.00142637 -0.0206784 -2.18285e-05 0.999532 -0.0305999 -0.443613 0.00142637 0.0305999 0.999531 -1.02709 0 0 0 1 
0.999999 -2.22869e-05 -0.00144127 -0.0208868 -2.22869e-05 0.999522 -0.0309194 -0.448083 0.00144127 0.0309194 0.999521 -1.03788 0 0 0 1 
0.999999 -2.275e-05 -0.00145616 -0.0210952 -2.275e-05 0.999512 -0.0312389 -0.452554 0.00145616 0.0312389 0.999511 -1.04868 0 0 0 1 
0.999999 -2.32337e-05 -0.00147155 -0.0213098 -2.32337e-05 0.999502 -0.0315692 -0.457157 0.00147155 0.0315692 0.9995 -1.05985 0 0 0 1 
0.999999 -2.37225e-05 -0.00148695 -0.0215244 -2.37225e-05 0.999491 -0.0318994 -0.461761 0.00148695 0.0318994 0.99949 -1.07102 0 0 0 1 
0.999999 -2.42163e-05 -0.00150234 -0.0217389 -2.42163e-05 0.99948 -0.0322297 -0.466364 0.00150234 0.0322297 0.999479 -1.08219 0 0 0 1 
0.999999 -2.47153e-05 -0.00151774 -0.0219535 -2.47153e-05 0.99947 -0.0325599 -0.470968 0.00151774 0.0325599 0.999469 -1.09336 0 0 0 1 
0.999999 -2.52193e-05 -0.00153313 -0.0221681 -2.52193e-05 0.999459 -0.0328902 -0.475571 0.00153313 0.0328902 0.999458 -1.10453 0 0 0 1 
0.999999 -2.57475e-05 -0.0015491 -0.0223898 -2.57475e-05 0.999448 -0.0332327 -0.480326 0.0015491 0.0332327 0.999446 -1.11612 0 0 0 1 
0.999999 -2.62812e-05 -0.00156507 -0.0226114 -2.62812e-05 0.999436 -0.0335753 -0.485082 0.00156507 0.0335753 0.999435 -1.12771 0 0 0 1 
0.999999 -2.68204e-05 -0.00158103 -0.0228331 -2.68204e-05 0.999425 -0.0339178 -0.489837 0.00158103 0.0339178 0.999423 -1.13931 0 0 0 1 
0.999999 -2.7365e-05 -0.001597 -0.0230547 -2.7365e-05 0.999413 -0.0342604 -0.494593 0.001597 0.0342604 0.999412 -1.1509 0 0 0 1 
0.999999 -2.79151e-05 -0.00161297 -0.0232764 -2.79151e-05 0.999401 -0.0346029 -0.499348 0.00161297 0.0346029 0.9994 -1.16249 0 0 0 1 
0.999999 -2.84909e-05 -0.00162951 -0.0235051 -2.84909e-05 0.999389 -0.0349578 -0.504254 0.00162951 0.0349578 0.999387 -1.17451 0 0 0 1 
0.999999 -2.90725e-05 -0.00164606 -0.0237338 -2.90725e-05 0.999376 -0.0353128 -0.509161 0.00164606 0.0353128 0.999375 -1.18653 0 0 0 1 
