1 -3.05915e-06 -5.18252e-06 4.49175e-06 3.05923e-06 1 1.5183e-05 0.000698144 5.18248e-06 -1.5183e-05 1 0.00118924 0 0 0 1 
1 -4.24188e-06 -7.27282e-06 3.1234e-06 4.24204e-06 1 2.11435e-05 0.000983535 7.27274e-06 -2.11436e-05 1 0.00167294 0 0 0 1 
1 -5.4246e-06 -9.36313e-06 1.75504e-06 5.42486e-06 1 2.71041e-05 0.00126893 9.36299e-06 -2.71041e-05 1 0.00215663 0 0 0 1 
1 -6.60731e-06 -1.14534e-05 3.86688e-07 6.60769e-06 1 3.30646e-05 0.00155432 1.14532e-05 -3.30647e-05 1 0.00264033 0 0 0 1 
1 -7.79001e-06 -1.35438e-05 -9.81666e-07 7.79053e-06 1 3.90251e-05 0.00183971 1.35435e-05 -3.90253e-05 1 0.00312402 0 0 0 1 
1 -8.97269e-06 -1.56341e-05 -2.35002e-06 8.97339e-06 1 4.49857e-05 0.0021251 1.56337e-05 -4.49858e-05 1 0.00360772 0 0 0 1 
1 -1.13797e-05 -1.97989e-05 -1.94278e-06 1.13809e-05 1 5.70198e-05 0.00268982 1.97982e-05 -5.702e-05 1 0.00456712 0 0 0 1 
1 -1.37868e-05 -2.39637e-05 -1.53554e-06 1.37884e-05 1 6.90539e-05 0.00325454 2.39627e-05 -6.90542e-05 1 0.00552652 0 0 0 1 
1 -1.61937e-05 -2.81285e-05 -1.1283e-06 1.6196e-05 1 8.1088e-05 0.00381927 2.81272e-05 -8.10884e-05 1 0.00648591 0 0 0 1 
1 -1.86006e-05 -3.22933e-05 -7.21063e-07 1.86036e-05 1 9.3122e-05 0.00438399 3.22916e-05 -9.31227e-05 1 0.00744531 0 0 0 1 
1 -2.10075e-05 -3.64582e-05 -3.13824e-07 2.10113e-05 1 0.000105156 0.00494871 3.6456e-05 -0.000105157 1 0.00840471 0 0 0 1 
1 -2.43113e-05 -4.21902e-05 -3.29585e-07 2.43164e-05 1 0.000121684 0.00572637 4.21873e-05 -0.000121685 1 0.00972525 0 0 0 1 
1 -2.7615e-05 -4.79223e-05 -3.45347e-07 2.76216e-05 1 0.000138212 0.00650403 4.79185e-05 -0.000138214 1 0.0110458 0 0 0 1 
1 -3.09186e-05 -5.36545e-05 -3.61108e-07 3.09269e-05 1 0.00015474 0.0072817 5.36497e-05 -0.000154742 1 0.0123663 0 0 0 1 
1 -3.42221e-05 -5.93867e-05 -3.7687e-07 3.42322e-05 1 0.000171268 0.00805936 5.93808e-05 -0.00017127 1 0.0136869 0 0 0 1 
1 -3.75255e-05 -6.51189e-05 -3.92631e-07 3.75377e-05 1 0.000187796 0.00883702 6.51119e-05 -0.000187799 1 0.0150074 0 0 0 1 
1 -4.17308e-05 -7.24192e-05 -5.79139e-07 4.17459e-05 1 0.000208829 0.00982718 7.24105e-05 -0.000208832 1 0.0166884 0 0 0 1 
1 -4.59359e-05 -7.97195e-05 -7.65647e-07 4.59542e-05 1 0.000229862 0.0108173 7.9709e-05 -0.000229866 1 0.0183694 0 0 0 1 
1 -5.01408e-05 -8.702e-05 -9.52154e-07 5.01627e-05 1 0.000250895 0.0118075 8.70074e-05 -0.000250899 1 0.0200504 0 0 0 1 
1 -5.43457e-05 -9.43205e-05 -1.13866e-06 5.43713e-05 1 0.000271927 0.0127976 9.43057e-05 -0.000271932 1 0.0217314 0 0 0 1 
1 -5.85503e-05 -0.000101621 -1.32517e-06 5.85801e-05 1 0.00029296 0.0137878 0.000101604 -0.000292966 1 0.0234124 0 0 0 1 
1 -6.39798e-05 -0.000111006 -1.46552e-07 6.40153e-05 1 0.000320058 0.0150583 0.000110985 -0.000320065 1 0.0255698 0 0 0 1 
1 -6.9409e-05 -0.000120391 1.03207e-06 6.94508e-05 1 0.000347156 0.0163288 0.000120367 -0.000347164 1 0.0277273 0 0 0 1 
1 -7.4838e-05 -0.000129776 2.21068e-06 7.48866e-05 1 0.000374254 0.0175992 0.000129748 -0.000374263 1 0.0298847 0 0 0 1 
1 -8.02667e-05 -0.000139161 3.3893e-06 8.03226e-05 1 0.000401351 0.0188697 0.000139129 -0.000401363 1 0.0320422 0 0 0 1 
1 -8.56952e-05 -0.000148547 4.56792e-06 8.57588e-05 1 0.000428449 0.0201402 0.00014851 -0.000428462 1 0.0341996 0 0 0 1 
1 -9.1704e-05 -0.000158996 3.60141e-06 9.17768e-05 1 0.000458483 0.0215564 0.000158953 -0.000458498 1 0.0366022 0 0 0 1 
1 -9.77124e-05 -0.000169444 2.6349e-06 9.77952e-05 1 0.000488517 0.0229727 0.000169397 -0.000488534 1 0.0390048 0 0 0 1 
1 -0.000103721 -0.000179893 1.66839e-06 0.000103814 1 0.000518551 0.0243889 0.00017984 -0.00051857 1 0.0414075 0 0 0 1 
1 -0.000109728 -0.000190343 7.01878e-07 0.000109833 1 0.000548585 0.0258052 0.000190282 -0.000548606 1 0.0438101 0 0 0 1 
1 -0.000115736 -0.000200792 -2.64633e-07 0.000115852 1 0.000578619 0.0272214 0.000200725 -0.000578643 1 0.0462127 0 0 0 1 
1 -0.000122976 -0.000213333 2.87286e-07 0.000123108 1 0.000614731 0.0289179 0.000213258 -0.000614757 1 0.0490911 0 0 0 1 
1 -0.000130217 -0.000225875 8.39204e-07 0.000130363 1 0.000650842 0.0306143 0.00022579 -0.000650871 1 0.0519695 0 0 0 1 
1 -0.000137456 -0.000238417 1.39112e-06 0.00013762 1 0.000686953 0.0323108 0.000238323 -0.000686986 1 0.054848 0 0 0 1 
1 -0.000144695 -0.000250959 1.94304e-06 0.000144877 1 0.000723064 0.0340072 0.000250855 -0.0007231 1 0.0577264 0 0 0 1 
1 -0.000151934 -0.000263502 2.49496e-06 0.000152134 1 0.000759175 0.0357037 0.000263386 -0.000759215 1 0.0606048 0 0 0 1 
1 -0.000159754 -0.000277117 4.85554e-07 0.000159975 1 0.000798214 0.0375469 0.000276989 -0.000798258 1 0.0637291 0 0 0 1 
1 -0.000167573 -0.000290733 -1.52385e-06 0.000167816 1 0.000837253 0.0393901 0.000290592 -0.000837302 1 0.0668535 0 0 0 1 
1 -0.000175391 -0.000304349 -3.53326e-06 0.000175658 1 0.000876292 0.0412332 0.000304195 -0.000876345 1 0.0699778 0 0 0 1 
1 -0.000183209 -0.000317965 -5.54266e-06 0.0001835 1 0.00091533 0.0430764 0.000317797 -0.000915389 1 0.0731022 0 0 0 1 
1 -0.000191027 -0.000331582 -7.55207e-06 0.000191343 1 0.000954369 0.0449196 0.000331399 -0.000954432 0.999999 0.0762265 0 0 0 1 
1 -0.000200083 -0.000347302 -8.22162e-06 0.00020043 0.999999 0.000999488 0.0470436 0.000347102 -0.000999557 0.999999 0.0798267 0 0 0 1 
1 -0.000209139 -0.000363023 -8.89116e-06 0.000209518 0.999999 0.00104461 0.0491676 0.000362805 -0.00104468 0.999999 0.0834269 0 0 0 1 
1 -0.000218193 -0.000378745 -9.56071e-06 0.000218606 0.999999 0.00108972 0.0512916 0.000378507 -0.00108981 0.999999 0.087027 0 0 0 1 
1 -0.000227248 -0.000394467 -1.02303e-05 0.000227695 0.999999 0.00113484 0.0534156 0.000394209 -0.00113493 0.999999 0.0906272 0 0 0 1 
1 -0.000236301 -0.000410189 -1.08998e-05 0.000236785 0.999999 0.00117996 0.0555396 0.00040991 -0.00118006 0.999999 0.0942274 0 0 0 1 
1 -0.000246268 -0.00042751 -1.24705e-05 0.000246793 0.999999 0.00122958 0.0578781 0.000427207 -0.00122968 0.999999 0.0981889 0 0 0 1 
1 -0.000256233 -0.000444832 -1.40411e-05 0.000256802 0.999999 0.0012792 0.0602167 0.000444503 -0.00127931 0.999999 0.10215 0 0 0 1 
1 -0.000266198 -0.000462154 -1.56118e-05 0.000266812 0.999999 0.00132881 0.0625552 0.000461799 -0.00132894 0.999999 0.106112 0 0 0 1 
1 -0.000276162 -0.000479476 -1.71824e-05 0.000276823 0.999999 0.00137843 0.0648938 0.000479095 -0.00137856 0.999999 0.110073 0 0 0 1 
1 -0.000286125 -0.000496799 -1.87531e-05 0.000286834 0.999999 0.00142805 0.0672323 0.00049639 -0.00142819 0.999999 0.114035 0 0 0 1 
1 -0.000297008 -0.000515727 -2.10454e-05 0.000297772 0.999999 0.00148218 0.0697852 0.000515286 -0.00148233 0.999999 0.118357 0 0 0 1 
1 -0.00030789 -0.000534655 -2.33378e-05 0.000308711 0.999999 0.00153631 0.0723381 0.000534181 -0.00153648 0.999999 0.122679 0 0 0 1 
1 -0.000318772 -0.000553583 -2.56301e-05 0.000319652 0.999999 0.00159044 0.0748909 0.000553075 -0.00159062 0.999999 0.127001 0 0 0 1 
1 -0.000329652 -0.000572512 -2.79225e-05 0.000330593 0.999999 0.00164457 0.0774438 0.000571969 -0.00164476 0.999998 0.131323 0 0 0 1 
1 -0.000340531 -0.000591442 -3.02148e-05 0.000341535 0.999998 0.0016987 0.0799967 0.000590863 -0.00169891 0.999998 0.135645 0 0 0 1 
1 -0.000351587 -0.000612291 -9.0836e-05 0.000352661 0.999998 0.00175532 0.0828744 0.000611673 -0.00175553 0.999998 0.140472 0 0 0 1 
1 -0.000362641 -0.000633141 -0.000151457 0.000363788 0.999998 0.00181193 0.0857522 0.000632482 -0.00181216 0.999998 0.1453 0 0 0 1 
1 -0.000373695 -0.000653991 -0.000212079 0.000374916 0.999998 0.00186854 0.0886299 0.000653291 -0.00186878 0.999998 0.150127 0 0 0 1 
1 -0.000384747 -0.000674842 -0.0002727 0.000386045 0.999998 0.00192515 0.0915077 0.0006741 -0.00192541 0.999998 0.154955 0 0 0 1 
1 -0.000395798 -0.000695693 -0.000333321 0.000397176 0.999998 0.00198176 0.0943854 0.000694907 -0.00198204 0.999998 0.159782 0 0 0 1 
1 -0.000407648 -0.000718217 -0.000404842 0.000409114 0.999998 0.00204254 0.0974969 0.000717383 -0.00204284 0.999998 0.164995 0 0 0 1 
1 -0.000419496 -0.000740742 -0.000476363 0.000421053 0.999998 0.00210333 0.100608 0.000739858 -0.00210364 0.999998 0.170208 0 0 0 1 
1 -0.000431343 -0.000763268 -0.000547884 0.000432994 0.999998 0.00216411 0.10372 0.000762333 -0.00216444 0.999997 0.17542 0 0 0 1 
1 -0.000443189 -0.000785795 -0.000619405 0.000444936 0.999997 0.00222489 0.106831 0.000784807 -0.00222524 0.999997 0.180633 0 0 0 1 
1 -0.000455033 -0.000808322 -0.000690926 0.00045688 0.999997 0.00228567 0.109943 0.00080728 -0.00228604 0.999997 0.185846 0 0 0 1 
1 -0.000468069 -0.000833026 -0.000767127 0.000470028 0.999997 0.00235236 0.113347 0.000831923 -0.00235275 0.999997 0.191548 0 0 0 1 
1 -0.000481103 -0.000857731 -0.000843328 0.000483177 0.999997 0.00241905 0.116751 0.000856565 -0.00241946 0.999997 0.19725 0 0 0 1 
0.999999 -0.000494136 -0.000882437 -0.000919528 0.000496328 0.999997 0.00248574 0.120156 0.000881206 -0.00248618 0.999997 0.202953 0 0 0 1 
0.999999 -0.000507167 -0.000907143 -0.000995729 0.000509481 0.999997 0.00255243 0.12356 0.000905846 -0.00255289 0.999996 0.208655 0 0 0 1 
0.999999 -0.000520196 -0.000931851 -0.00107193 0.000522635 0.999996 0.00261912 0.126964 0.000930485 -0.0026196 0.999996 0.214357 0 0 0 1 
0.999999 -0.000533765 -0.000957707 -0.00115655 0.000536338 0.999996 0.00268858 0.130527 0.000956268 -0.00268909 0.999996 0.220318 0 0 0 1 
0.999999 -0.000547333 -0.000983564 -0.00124116 0.000550044 0.999996 0.00275803 0.134089 0.00098205 -0.00275857 0.999996 0.226278 0 0 0 1 
0.999999 -0.000560898 -0.00100942 -0.00132578 0.000563751 0.999996 0.00282749 0.137652 0.00100783 -0.00282806 0.999995 0.232239 0 0 0 1 
0.999999 -0.000574462 -0.00103528 -0.00141039 0.000577459 0.999996 0.00289695 0.141214 0.00103361 -0.00289755 0.999995 0.238199 0 0 0 1 
0.999999 -0.000588024 -0.00106114 -0.00149501 0.00059117 0.999995 0.00296641 0.144777 0.00105939 -0.00296703 0.999995 0.24416 0 0 0 1 
0.999999 -0.000602795 -0.0010892 -0.00158414 0.000606106 0.999995 0.0030418 0.148632 0.00108736 -0.00304246 0.999995 0.250608 0 0 0 1 
0.999999 -0.000617564 -0.00111726 -0.00167327 0.000621044 0.999995 0.00311719 0.152488 0.00111533 -0.00311788 0.999995 0.257057 0 0 0 1 
0.999999 -0.000632331 -0.00114532 -0.00176239 0.000635985 0.999995 0.00319258 0.156343 0.00114329 -0.00319331 0.999994 0.263505 0 0 0 1 
0.999999 -0.000647096 -0.00117338 -0.00185152 0.000650928 0.999994 0.00326797 0.160199 0.00117126 -0.00326873 0.999994 0.269954 0 0 0 1 
0.999999 -0.000661859 -0.00120144 -0.00194065 0.000665872 0.999994 0.00334336 0.164054 0.00119922 -0.00334416 0.999994 0.276402 0 0 0 1 
0.999999 -0.000676487 -0.00123095 -0.00209111 0.000680693 0.999994 0.00341968 0.168168 0.00122863 -0.00342052 0.999993 0.283241 0 0 0 1 
0.999999 -0.000691112 -0.00126046 -0.00224156 0.000695515 0.999994 0.00349601 0.172282 0.00125803 -0.00349688 0.999993 0.29008 0 0 0 1 
0.999999 -0.000705736 -0.00128997 -0.00239202 0.00071034 0.999993 0.00357233 0.176396 0.00128744 -0.00357324 0.999993 0.296918 0 0 0 1 
0.999999 -0.000720357 -0.00131948 -0.00254247 0.000725167 0.999993 0.00364865 0.18051 0.00131684 -0.0036496 0.999992 0.303757 0 0 0 1 
0.999999 -0.000734976 -0.00134899 -0.00269293 0.000739996 0.999993 0.00372497 0.184624 0.00134624 -0.00372597 0.999992 0.310596 0 0 0 1 
0.999999 -0.00075037 -0.00138024 -0.0028589 0.000755617 0.999992 0.00380536 0.188981 0.00137738 -0.0038064 0.999992 0.317829 0 0 0 1 
0.999999 -0.000765761 -0.0014115 -0.00302487 0.000771241 0.999992 0.00388575 0.193337 0.00140851 -0.00388684 0.999991 0.325063 0 0 0 1 
0.999999 -0.00078115 -0.00144276 -0.00319083 0.000786867 0.999992 0.00396614 0.197694 0.00143965 -0.00396727 0.999991 0.332296 0 0 0 1 
0.999999 -0.000796536 -0.00147402 -0.0033568 0.000802495 0.999991 0.00404653 0.20205 0.00147078 -0.00404771 0.999991 0.33953 0 0 0 1 
0.999999 -0.00081192 -0.00150528 -0.00352277 0.000818126 0.999991 0.00412692 0.206407 0.00150191 -0.00412814 0.99999 0.346763 0 0 0 1 
0.999998 -0.000828475 -0.0015388 -0.00369821 0.000834952 0.999991 0.00421311 0.211065 0.00153529 -0.00421439 0.99999 0.354495 0 0 0 1 
0.999998 -0.000845028 -0.00157232 -0.00387365 0.000851781 0.99999 0.00429931 0.215724 0.00156867 -0.00430064 0.99999 0.362227 0 0 0 1 
0.999998 -0.000861577 -0.00160584 -0.00404908 0.000868612 0.99999 0.0043855 0.220382 0.00160204 -0.00438689 0.999989 0.369958 0 0 0 1 
0.999998 -0.000878124 -0.00163936 -0.00422452 0.000885447 0.99999 0.0044717 0.225041 0.00163542 -0.00447314 0.999989 0.37769 0 0 0 1 
0.999998 -0.000894668 -0.00167288 -0.00439996 0.000902284 0.999989 0.00455789 0.229699 0.00166879 -0.00455939 0.999988 0.385422 0 0 0 1 
0.999998 -0.000912032 -0.00170817 -0.0045889 0.000919964 0.999989 0.00464825 0.234596 0.00170391 -0.00464981 0.999988 0.393542 0 0 0 1 
0.999998 -0.000929394 -0.00174345 -0.00477784 0.000937646 0.999988 0.00473861 0.239493 0.00173902 -0.00474024 0.999987 0.401662 0 0 0 1 
0.999998 -0.000946752 -0.00177873 -0.00496678 0.000955332 0.999988 0.00482897 0.244389 0.00177414 -0.00483066 0.999987 0.409781 0 0 0 1 
0.999998 -0.000964108 -0.00181402 -0.00515572 0.000973021 0.999987 0.00491933 0.249286 0.00180926 -0.00492109 0.999986 0.417901 0 0 0 1 
0.999998 -0.00098146 -0.00184931 -0.00534466 0.000990713 0.999987 0.00500969 0.254183 0.00184437 -0.00501152 0.999986 0.426021 0 0 0 1 
0.999998 -0.000998611 -0.00188612 -0.00560241 0.00100822 0.999986 0.0051008 0.259351 0.001881 -0.00510269 0.999985 0.434547 0 0 0 1 
0.999998 -0.00101576 -0.00192294 -0.00586016 0.00102573 0.999986 0.00519191 0.26452 0.00191764 -0.00519387 0.999985 0.443073 0 0 0 1 
0.999998 -0.00103291 -0.00195975 -0.0061179 0.00104325 0.999986 0.00528301 0.269688 0.00195427 -0.00528504 0.999984 0.4516 0 0 0 1 
0.999997 -0.00105005 -0.00199657 -0.00637565 0.00106076 0.999985 0.00537412 0.274857 0.0019909 -0.00537622 0.999984 0.460126 0 0 0 1 
0.999997 -0.00106719 -0.00203339 -0.0066334 0.00107828 0.999984 0.00546522 0.280025 0.00202753 -0.0054674 0.999983 0.468652 0 0 0 1 
0.999997 -0.00108515 -0.002072 -0.00690566 0.00109666 0.999984 0.0055605 0.285433 0.00206593 -0.00556275 0.999982 0.477568 0 0 0 1 
0.999997 -0.00110311 -0.0021106 -0.00717792 0.00111503 0.999983 0.00565577 0.290841 0.00210433 -0.00565811 0.999982 0.486483 0 0 0 1 
0.999997 -0.00112107 -0.00214921 -0.00745019 0.00113341 0.999983 0.00575105 0.29625 0.00214273 -0.00575347 0.999981 0.495399 0 0 0 1 
0.999997 -0.00113902 -0.00218782 -0.00772245 0.00115179 0.999982 0.00584632 0.301658 0.00218112 -0.00584883 0.999981 0.504314 0 0 0 1 
0.999997 -0.00115697 -0.00222643 -0.00799471 0.00117018 0.999982 0.0059416 0.307066 0.00221952 -0.00594418 0.99998 0.51323 0 0 0 1 
0.999997 -0.00117609 -0.00226738 -0.00828 0.00118977 0.999981 0.00604263 0.312782 0.00226023 -0.00604531 0.999979 0.522649 0 0 0 1 
0.999997 -0.0011952 -0.00230832 -0.00856528 0.00120936 0.99998 0.00614366 0.318498 0.00230093 -0.00614644 0.999978 0.532069 0 0 0 1 
0.999997 -0.00121431 -0.00234927 -0.00885057 0.00122896 0.99998 0.0062447 0.324214 0.00234164 -0.00624756 0.999978 0.541488 0 0 0 1 
0.999996 -0.00123341 -0.00239022 -0.00913585 0.00124856 0.999979 0.00634573 0.32993 0.00238234 -0.00634869 0.999977 0.550908 0 0 0 1 
0.999996 -0.00125251 -0.00243117 -0.00942114 0.00126816 0.999978 0.00644676 0.335646 0.00242304 -0.00644982 0.999976 0.560327 0 0 0 1 
0.999996 -0.00127151 -0.00247365 -0.00976953 0.00128769 0.999978 0.00654881 0.341621 0.00246527 -0.00655197 0.999975 0.570136 0 0 0 1 
0.999996 -0.00129051 -0.00251613 -0.0101179 0.00130722 0.999977 0.00665086 0.347596 0.00250749 -0.00665412 0.999975 0.579945 0 0 0 1 
0.999996 -0.00130951 -0.00255862 -0.0104663 0.00132676 0.999976 0.0067529 0.353572 0.00254971 -0.00675627 0.999974 0.589754 0 0 0 1 
0.999996 -0.0013285 -0.0026011 -0.0108147 0.0013463 0.999976 0.00685495 0.359547 0.00259193 -0.00685842 0.999973 0.599563 0 0 0 1 
0.999996 -0.00134748 -0.00264359 -0.0111631 0.00136585 0.999975 0.00695699 0.365522 0.00263415 -0.00696057 0.999972 0.609372 0 0 0 1 
0.999995 -0.00136714 -0.00268798 -0.0115408 0.00138609 0.999974 0.00706277 0.371763 0.00267826 -0.00706646 0.999971 0.619604 0 0 0 1 
0.999995 -0.00138678 -0.00273237 -0.0119184 0.00140634 0.999973 0.00716854 0.378005 0.00272236 -0.00717235 0.999971 0.629836 0 0 0 1 
0.999995 -0.00140643 -0.00277677 -0.0122961 0.00142659 0.999973 0.00727431 0.384246 0.00276646 -0.00727824 0.99997 0.640069 0 0 0 1 
0.999995 -0.00142606 -0.00282116 -0.0126737 0.00144685 0.999972 0.00738009 0.390488 0.00281056 -0.00738413 0.999969 0.650301 0 0 0 1 
0.999995 -0.0014457 -0.00286556 -0.0130514 0.00146711 0.999971 0.00748586 0.396729 0.00285466 -0.00749002 0.999968 0.660533 0 0 0 1 
0.999995 -0.00146615 -0.00291183 -0.0134476 0.00148823 0.99997 0.00759575 0.403217 0.0029006 -0.00760004 0.999967 0.671161 0 0 0 1 
0.999995 -0.00148659 -0.00295809 -0.0138439 0.00150935 0.999969 0.00770564 0.409704 0.00294654 -0.00771006 0.999966 0.681789 0 0 0 1 
0.999994 -0.00150703 -0.00300436 -0.0142401 0.00153047 0.999968 0.00781553 0.416192 0.00299249 -0.00782008 0.999965 0.692417 0 0 0 1 
0.999994 -0.00152747 -0.00305063 -0.0146364 0.00155161 0.999967 0.00792542 0.422679 0.00303842 -0.0079301 0.999964 0.703045 0 0 0 1 
0.999994 -0.0015479 -0.0030969 -0.0150326 0.00157274 0.999966 0.0080353 0.429167 0.00308436 -0.00804013 0.999963 0.713673 0 0 0 1 
0.999994 -0.0015681 -0.0031448 -0.0155046 0.00159367 0.999966 0.00814586 0.435935 0.00313192 -0.00815082 0.999962 0.724719 0 0 0 1 
0.999994 -0.00158829 -0.0031927 -0.0159767 0.0016146 0.999965 0.00825641 0.442703 0.00317948 -0.00826151 0.999961 0.735766 0 0 0 1 
0.999993 -0.00160847 -0.00324061 -0.0164487 0.00163554 0.999964 0.00836696 0.449471 0.00322703 -0.00837221 0.99996 0.746812 0 0 0 1 
0.999993 -0.00162865 -0.00328851 -0.0169208 0.00165648 0.999963 0.00847751 0.456239 0.00327459 -0.0084829 0.999959 0.757859 0 0 0 1 
0.999993 -0.00164883 -0.00333642 -0.0173928 0.00167743 0.999962 0.00858806 0.463007 0.00332214 -0.0085936 0.999958 0.768905 0 0 0 1 
0.999993 -0.00167009 -0.0033868 -0.0178893 0.00169951 0.999961 0.00870412 0.470102 0.00337214 -0.00870981 0.999956 0.780478 0 0 0 1 
0.999993 -0.00169134 -0.00343719 -0.0183858 0.0017216 0.99996 0.00882017 0.477196 0.00342213 -0.00882602 0.999955 0.792052 0 0 0 1 
0.999992 -0.00171259 -0.00348757 -0.0188822 0.0017437 0.999959 0.00893622 0.484291 0.00347213 -0.00894223 0.999954 0.803625 0 0 0 1 
0.999992 -0.00173383 -0.00353796 -0.0193787 0.0017658 0.999957 0.00905227 0.491385 0.00352212 -0.00905845 0.999953 0.815199 0 0 0 1 
0.999992 -0.00175507 -0.00358835 -0.0198752 0.0017879 0.999956 0.00916832 0.49848 0.00357211 -0.00917466 0.999952 0.826772 0 0 0 1 
0.999992 -0.00177652 -0.00364023 -0.0204148 0.00181026 0.999955 0.00928621 0.505793 0.00362357 -0.00929272 0.99995 0.83868 0 0 0 1 
0.999992 -0.00179796 -0.00369211 -0.0209544 0.00183262 0.999954 0.0094041 0.513106 0.00367503 -0.00941079 0.999949 0.850588 0 0 0 1 
0.999991 -0.0018194 -0.00374399 -0.0214939 0.00185498 0.999953 0.00952199 0.52042 0.00372649 -0.00952886 0.999948 0.862496 0 0 0 1 
0.999991 -0.00184083 -0.00379588 -0.0220335 0.00187735 0.999952 0.00963988 0.527733 0.00377795 -0.00964692 0.999946 0.874404 0 0 0 1 
0.999991 -0.00186226 -0.00384777 -0.0225731 0.00189973 0.999951 0.00975777 0.535046 0.0038294 -0.00976499 0.999945 0.886312 0 0 0 1 
0.999991 -0.00188396 -0.00390181 -0.0231767 0.00192243 0.999949 0.00987836 0.542686 0.00388301 -0.00988577 0.999944 0.898724 0 0 0 1 
0.99999 -0.00190566 -0.00395586 -0.0237802 0.00194513 0.999948 0.00999895 0.550326 0.0039366 -0.0100065 0.999942 0.911137 0 0 0 1 
0.99999 -0.00192735 -0.00400992 -0.0243838 0.00196785 0.999947 0.0101195 0.557965 0.0039902 -0.0101273 0.999941 0.923549 0 0 0 1 
0.99999 -0.00194903 -0.00406397 -0.0249873 0.00199056 0.999946 0.0102401 0.565605 0.00404379 -0.0102481 0.999939 0.935962 0 0 0 1 
0.99999 -0.00197071 -0.00411803 -0.0255909 0.00201329 0.999944 0.0103607 0.573245 0.00409738 -0.0103689 0.999938 0.948374 0 0 0 1 
0.999989 -0.00199318 -0.00417406 -0.0262198 0.00203686 0.999943 0.0104853 0.58114 0.00415293 -0.0104937 0.999936 0.961193 0 0 0 1 
0.999989 -0.00201565 -0.0042301 -0.0268487 0.00206043 0.999942 0.01061 0.589035 0.00420847 -0.0106186 0.999935 0.974012 0 0 0 1 
0.999989 -0.0020381 -0.00428614 -0.0274776 0.00208401 0.99994 0.0107346 0.596931 0.00426401 -0.0107434 0.999933 0.986832 0 0 0 1 
0.999988 -0.00206055 -0.00434219 -0.0281065 0.0021076 0.999939 0.0108592 0.604826 0.00431954 -0.0108682 0.999932 0.999651 0 0 0 1 
0.999988 -0.00208299 -0.00439823 -0.0287354 0.0021312 0.999937 0.0109838 0.612721 0.00437508 -0.0109931 0.99993 1.01247 0 0 0 1 
0.999988 -0.00210515 -0.00445602 -0.0294487 0.00215454 0.999936 0.011109 0.620907 0.00443235 -0.0111185 0.999928 1.02572 0 0 0 1 
0.999988 -0.0021273 -0.00451381 -0.0301621 0.0021779 0.999935 0.0112342 0.629093 0.00448962 -0.0112439 0.999927 1.03897 0 0 0 1 
0.999987 -0.00214944 -0.0045716 -0.0308754 0.00220126 0.999933 0.0113594 0.637278 0.00454688 -0.0113693 0.999925 1.05223 0 0 0 1 
0.999987 -0.00217158 -0.0046294 -0.0315888 0.00222462 0.999932 0.0114845 0.645464 0.00460414 -0.0114947 0.999923 1.06548 0 0 0 1 
0.999987 -0.0021937 -0.0046872 -0.0323021 0.002248 0.99993 0.0116097 0.65365 0.0046614 -0.0116201 0.999922 1.07873 0 0 0 1 
0.999986 -0.00221656 -0.00474704 -0.0330475 0.00227216 0.999929 0.0117388 0.662102 0.00472068 -0.0117494 0.99992 1.0924 0 0 0 1 
0.999986 -0.00223941 -0.00480689 -0.0337929 0.00229633 0.999927 0.0118678 0.670553 0.00477996 -0.0118787 0.999918 1.10608 0 0 0 1 
0.999986 -0.00226226 -0.00486674 -0.0345383 0.00232051 0.999925 0.0119969 0.679005 0.00483924 -0.012008 0.999916 1.11975 0 0 0 1 
0.999985 -0.00228509 -0.00492659 -0.0352837 0.00234469 0.999924 0.012126 0.687456 0.00489851 -0.0121373 0.999914 1.13343 0 0 0 1 
0.999985 -0.00230792 -0.00498645 -0.0360291 0.00236889 0.999922 0.012255 0.695908 0.00495778 -0.0122667 0.999912 1.1471 0 0 0 1 
0.999985 -0.00233096 -0.00504859 -0.0368484 0.00239334 0.99992 0.0123866 0.704699 0.00501931 -0.0123985 0.999911 1.1613 0 0 0 1 
0.999984 -0.00235398 -0.00511072 -0.0376678 0.00241781 0.999919 0.0125182 0.713491 0.00508084 -0.0125304 0.999909 1.1755 0 0 0 1 
0.999984 -0.002377 -0.00517286 -0.0384871 0.00244228 0.999917 0.0126498 0.722282 0.00514237 -0.0126623 0.999907 1.18969 0 0 0 1 
0.999983 -0.00240001 -0.00523501 -0.0393065 0.00246676 0.999915 0.0127814 0.731074 0.00520389 -0.0127941 0.999905 1.20389 0 0 0 1 
0.999983 -0.00242301 -0.00529715 -0.0401258 0.00249124 0.999914 0.012913 0.739865 0.00526541 -0.012926 0.999903 1.21809 0 0 0 1 
0.999983 -0.00244654 -0.00536148 -0.040995 0.00251633 0.999912 0.013048 0.748952 0.00532908 -0.0130613 0.9999 1.23275 0 0 0 1 
0.999982 -0.00247007 -0.0054258 -0.0418642 0.00254142 0.99991 0.013183 0.758039 0.00539275 -0.0131965 0.999898 1.24741 0 0 0 1 
0.999982 -0.00249358 -0.00549013 -0.0427333 0.00256652 0.999908 0.0133179 0.767125 0.00545641 -0.0133318 0.999896 1.26206 0 0 0 1 
0.999981 -0.00251709 -0.00555446 -0.0436025 0.00259163 0.999906 0.0134529 0.776212 0.00552008 -0.0134671 0.999894 1.27672 0 0 0 1 
0.999981 -0.00254059 -0.00561879 -0.0444717 0.00261675 0.999904 0.0135879 0.785299 0.00558374 -0.0136023 0.999892 1.29138 0 0 0 1 
0.999981 -0.00256368 -0.0056843 -0.0454135 0.00264149 0.999902 0.0137224 0.794578 0.00564857 -0.0137372 0.99989 1.30632 0 0 0 1 
0.99998 -0.00258676 -0.00574982 -0.0463553 0.00266624 0.9999 0.013857 0.803858 0.0057134 -0.013872 0.999887 1.32126 0 0 0 1 
0.99998 -0.00260984 -0.00581533 -0.0472972 0.00269099 0.999898 0.0139915 0.813137 0.00577823 -0.0140069 0.999885 1.3362 0 0 0 1 
0.999979 -0.0026329 -0.00588085 -0.048239 0.00271576 0.999897 0.0141261 0.822417 0.00584305 -0.0141417 0.999883 1.35114 0 0 0 1 
0.999979 -0.00265596 -0.00594638 -0.0491808 0.00274053 0.999895 0.0142606 0.831696 0.00590787 -0.0142766 0.999881 1.36608 0 0 0 1 
0.999978 -0.00267981 -0.00601472 -0.0501801 0.00276619 0.999892 0.0143999 0.841353 0.00597548 -0.0144163 0.999878 1.38162 0 0 0 1 
0.999978 -0.00270365 -0.00608306 -0.0511794 0.00279186 0.99989 0.0145393 0.851009 0.00604308 -0.0145559 0.999876 1.39715 0 0 0 1 
0.999977 -0.00272748 -0.00615141 -0.0521788 0.00281753 0.999888 0.0146786 0.860666 0.00611068 -0.0146956 0.999873 1.41269 0 0 0 1 
0.999977 -0.0027513 -0.00621976 -0.0531781 0.00284322 0.999886 0.0148179 0.870322 0.00617828 -0.0148353 0.999871 1.42822 0 0 0 1 
0.999976 -0.00277511 -0.00628811 -0.0541774 0.00286891 0.999884 0.0149573 0.879979 0.00624587 -0.0149749 0.999868 1.44376 0 0 0 1 
0.999976 -0.00279848 -0.00635769 -0.0552538 0.0028942 0.999882 0.0150961 0.889833 0.00631469 -0.0151141 0.999866 1.45958 0 0 0 1 
0.999975 -0.00282184 -0.00642727 -0.0563302 0.00291949 0.99988 0.015235 0.899687 0.0063835 -0.0152534 0.999863 1.47541 0 0 0 1 
0.999975 -0.00284519 -0.00649685 -0.0574065 0.0029448 0.999877 0.0153738 0.90954 0.00645231 -0.0153926 0.999861 1.49123 0 0 0 1 
0.999974 -0.00286854 -0.00656644 -0.0584829 0.00297012 0.999875 0.0155127 0.919394 0.00652112 -0.0155318 0.999858 1.50706 0 0 0 1 
0.999974 -0.00289187 -0.00663603 -0.0595593 0.00299544 0.999873 0.0156515 0.929248 0.00658992 -0.015671 0.999855 1.52288 0 0 0 1 
0.999973 -0.00291564 -0.00670792 -0.0606969 0.00302129 0.999871 0.0157936 0.939411 0.00666101 -0.0158134 0.999853 1.53919 0 0 0 1 
0.999973 -0.00293941 -0.00677982 -0.0618346 0.00304715 0.999868 0.0159356 0.949575 0.00673208 -0.0159558 0.99985 1.5555 0 0 0 1 
0.999972 -0.00296317 -0.00685172 -0.0629722 0.00307302 0.999866 0.0160777 0.959738 0.00680316 -0.0160983 0.999847 1.57181 0 0 0 1 
0.999972 -0.00298691 -0.00692362 -0.0641099 0.00309889 0.999864 0.0162197 0.969902 0.00687423 -0.0162407 0.999844 1.58812 0 0 0 1 
0.999971 -0.00301065 -0.00699553 -0.0652475 0.00312478 0.999861 0.0163618 0.980065 0.0069453 -0.0163831 0.999842 1.60443 0 0 0 1 
0.99997 -0.00303448 -0.00706991 -0.0664747 0.00315084 0.999859 0.0165062 0.990586 0.00701882 -0.0165279 0.999839 1.62129 0 0 0 1 
0.99997 -0.0030583 -0.00714428 -0.0677018 0.00317691 0.999856 0.0166506 1.00111 0.00709233 -0.0166727 0.999836 1.63815 0 0 0 1 
0.999969 -0.00308211 -0.00721867 -0.068929 0.003203 0.999854 0.0167949 1.01163 0.00716585 -0.0168176 0.999833 1.65501 0 0 0 1 
0.999969 -0.00310591 -0.00729305 -0.0701561 0.00322909 0.999851 0.0169393 1.02215 0.00723936 -0.0169624 0.99983 1.67187 0 0 0 1 
0.999968 -0.0031297 -0.00736744 -0.0713833 0.00325519 0.999849 0.0170837 1.03267 0.00731286 -0.0171072 0.999827 1.68873 0 0 0 1 
0.999967 -0.00315364 -0.00744359 -0.0726707 0.00328152 0.999846 0.0172299 1.04342 0.00738811 -0.0172538 0.999824 1.70595 0 0 0 1 
0.999967 -0.00317758 -0.00751975 -0.0739581 0.00330785 0.999844 0.0173761 1.05418 0.00746336 -0.0174004 0.999821 1.72317 0 0 0 1 
0.999966 -0.0032015 -0.00759591 -0.0752456 0.0033342 0.999841 0.0175223 1.06493 0.0075386 -0.017547 0.999818 1.7404 0 0 0 1 
0.999965 -0.00322541 -0.00767207 -0.076533 0.00336056 0.999838 0.0176685 1.07569 0.00761384 -0.0176936 0.999814 1.75762 0 0 0 1 
0.999965 -0.00324931 -0.00774824 -0.0778204 0.00338693 0.999836 0.0178146 1.08644 0.00768908 -0.0178403 0.999811 1.77484 0 0 0 1 
0.999964 -0.00327286 -0.00782639 -0.0792085 0.003413 0.999833 0.0179614 1.09749 0.00776629 -0.0179874 0.999808 1.79252 0 0 0 1 
0.999963 -0.00329639 -0.00790454 -0.0805965 0.00343909 0.99983 0.0181081 1.10855 0.0078435 -0.0181346 0.999805 1.8102 0 0 0 1 
0.999963 -0.00331991 -0.00798269 -0.0819846 0.00346519 0.999827 0.0182548 1.1196 0.00792071 -0.0182818 0.999801 1.82789 0 0 0 1 
0.999962 -0.00334342 -0.00806085 -0.0833726 0.0034913 0.999825 0.0184016 1.13066 0.00799791 -0.018429 0.999798 1.84557 0 0 0 1 
0.999961 -0.00336692 -0.00813901 -0.0847607 0.00351742 0.999822 0.0185483 1.14171 0.00807511 -0.0185762 0.999795 1.86325 0 0 0 1 
0.99996 -0.00339057 -0.00821898 -0.086212 0.00354376 0.999819 0.0186968 1.153 0.0081541 -0.0187252 0.999791 1.8813 0 0 0 1 
0.99996 -0.0034142 -0.00829896 -0.0876633 0.00357011 0.999816 0.0188454 1.16429 0.00823309 -0.0188743 0.999788 1.89934 0 0 0 1 
0.999959 -0.00343782 -0.00837894 -0.0891146 0.00359648 0.999813 0.0189939 1.17558 0.00831207 -0.0190233 0.999784 1.91739 0 0 0 1 
0.999958 -0.00346143 -0.00845892 -0.0905659 0.00362285 0.99981 0.0191425 1.18687 0.00839105 -0.0191723 0.999781 1.93543 0 0 0 1 
0.999957 -0.00348503 -0.0085389 -0.0920172 0.00364924 0.999807 0.019291 1.19816 0.00847003 -0.0193214 0.999777 1.95348 0 0 0 1 
0.999957 -0.00350859 -0.00862151 -0.0935736 0.00367568 0.999804 0.0194417 1.20983 0.00855161 -0.0194725 0.999774 1.97211 0 0 0 1 
0.999956 -0.00353214 -0.00870413 -0.09513 0.00370214 0.999801 0.0195923 1.22149 0.00863319 -0.0196237 0.99977 1.99074 0 0 0 1 
0.999955 -0.00355568 -0.00878674 -0.0966863 0.0037286 0.999798 0.019743 1.23316 0.00871477 -0.0197749 0.999766 2.00936 0 0 0 1 
0.999954 -0.0035792 -0.00886936 -0.0982427 0.00375508 0.999795 0.0198936 1.24482 0.00879634 -0.019926 0.999763 2.02799 0 0 0 1 
0.999953 -0.00360271 -0.00895199 -0.0997991 0.00378157 0.999792 0.0200443 1.25649 0.00887791 -0.0200772 0.999759 2.04662 0 0 0 1 
0.999953 -0.00362615 -0.00903656 -0.101438 0.00380807 0.999789 0.0201963 1.26842 0.00896142 -0.0202297 0.999755 2.06566 0 0 0 1 
0.999952 -0.00364957 -0.00912113 -0.103077 0.00383457 0.999786 0.0203483 1.28035 0.00904492 -0.0203822 0.999751 2.0847 0 0 0 1 
0.999951 -0.00367298 -0.00920571 -0.104717 0.00386109 0.999782 0.0205002 1.29227 0.00912841 -0.0205348 0.999747 2.10374 0 0 0 1 
0.99995 -0.00369638 -0.00929029 -0.106356 0.00388763 0.999779 0.0206522 1.3042 0.0092119 -0.0206873 0.999744 2.12278 0 0 0 1 
0.999949 -0.00371977 -0.00937488 -0.107995 0.00391417 0.999776 0.0208042 1.31613 0.00929539 -0.0208398 0.99974 2.14182 0 0 0 1 
0.999948 -0.00374273 -0.00946084 -0.109718 0.00394034 0.999773 0.0209559 1.32825 0.00938025 -0.0209921 0.999736 2.16115 0 0 0 1 
0.999947 -0.00376568 -0.0095468 -0.111441 0.00396653 0.999769 0.0211077 1.34037 0.00946511 -0.0211444 0.999732 2.18049 0 0 0 1 
0.999946 -0.00378861 -0.00963276 -0.113165 0.00399273 0.999766 0.0212594 1.35249 0.00954996 -0.0212967 0.999728 2.19982 0 0 0 1 
0.999946 -0.00381153 -0.00971873 -0.114888 0.00401894 0.999763 0.0214111 1.36461 0.00963481 -0.021449 0.999724 2.21916 0 0 0 1 
0.999945 -0.00383444 -0.0098047 -0.116611 0.00404516 0.999759 0.0215629 1.37673 0.00971966 -0.0216013 0.999719 2.23849 0 0 0 1 
0.999944 -0.00385725 -0.00989341 -0.118449 0.00407139 0.999756 0.0217167 1.38923 0.00980722 -0.0217557 0.999715 2.25842 0 0 0 1 
0.999943 -0.00388004 -0.00998211 -0.120286 0.00409763 0.999752 0.0218705 1.40174 0.00989478 -0.0219101 0.999711 2.27836 0 0 0 1 
0.999942 -0.00390282 -0.0100708 -0.122124 0.00412388 0.999749 0.0220243 1.41424 0.00998234 -0.0220645 0.999707 2.29829 0 0 0 1 
0.999941 -0.00392558 -0.0101595 -0.123961 0.00415015 0.999745 0.0221781 1.42675 0.0100699 -0.0222189 0.999702 2.31823 0 0 0 1 
0.99994 -0.00394833 -0.0102483 -0.125799 0.00417643 0.999742 0.0223319 1.43925 0.0101574 -0.0223733 0.999698 2.33816 0 0 0 1 
0.999939 -0.00397101 -0.010339 -0.127723 0.00420272 0.999738 0.0224871 1.45201 0.010247 -0.0225292 0.999694 2.35851 0 0 0 1 
0.999938 -0.00399368 -0.0104297 -0.129647 0.00422904 0.999735 0.0226423 1.46478 0.0103365 -0.022685 0.999689 2.37886 0 0 0 1 
0.999937 -0.00401633 -0.0105205 -0.13157 0.00425536 0.999731 0.0227976 1.47754 0.0104261 -0.0228409 0.999685 2.3992 0 0 0 1 
0.999936 -0.00403897 -0.0106112 -0.133494 0.0042817 0.999727 0.0229528 1.49031 0.0105156 -0.0229967 0.99968 2.41955 0 0 0 1 
0.999934 -0.00406159 -0.010702 -0.135418 0.00430805 0.999724 0.023108 1.50307 0.0106051 -0.0231526 0.999676 2.4399 0 0 0 1 
0.999933 -0.00408353 -0.0107942 -0.137449 0.00433378 0.99972 0.0232625 1.51606 0.0106962 -0.0233077 0.999671 2.4606 0 0 0 1 
0.999932 -0.00410546 -0.0108865 -0.139481 0.00435952 0.999716 0.023417 1.52905 0.0107873 -0.0234628 0.999667 2.4813 0 0 0 1 
0.999931 -0.00412737 -0.0109788 -0.141512 0.00438527 0.999713 0.0235714 1.54204 0.0108784 -0.023618 0.999662 2.50199 0 0 0 1 
0.99993 -0.00414927 -0.0110711 -0.143544 0.00441104 0.999709 0.0237259 1.55503 0.0109694 -0.0237731 0.999657 2.52269 0 0 0 1 
0.999929 -0.00417115 -0.0111634 -0.145575 0.00443682 0.999705 0.0238804 1.56802 0.0110605 -0.0239282 0.999652 2.54339 0 0 0 1 
0.999928 -0.00419299 -0.0112585 -0.147721 0.00446268 0.999701 0.0240372 1.58138 0.0111543 -0.0240857 0.999648 2.56468 0 0 0 1 
0.999927 -0.00421481 -0.0113536 -0.149866 0.00448855 0.999697 0.024194 1.59474 0.0112482 -0.0242432 0.999643 2.58597 0 0 0 1 
0.999925 -0.00423661 -0.0114487 -0.152012 0.00451443 0.999693 0.0243508 1.60811 0.011342 -0.0244006 0.999638 2.60726 0 0 0 1 
0.999924 -0.0042584 -0.0115438 -0.154157 0.00454033 0.999689 0.0245075 1.62147 0.0114359 -0.0245581 0.999633 2.62855 0 0 0 1 
0.999923 -0.00428018 -0.0116389 -0.156303 0.00456625 0.999685 0.0246643 1.63483 0.0115297 -0.0247156 0.999628 2.64984 0 0 0 1 
0.999922 -0.00430143 -0.0117355 -0.158546 0.0045917 0.999681 0.0248208 1.64839 0.011625 -0.0248728 0.999623 2.67145 0 0 0 1 
0.999921 -0.00432266 -0.0118322 -0.16079 0.00461717 0.999677 0.0249773 1.66195 0.0117204 -0.02503 0.999618 2.69307 0 0 0 1 
0.999919 -0.00434388 -0.0119288 -0.163033 0.00464265 0.999673 0.0251339 1.67552 0.0118157 -0.0251872 0.999613 2.71468 0 0 0 1 
0.999918 -0.00436508 -0.0120254 -0.165277 0.00466815 0.999669 0.0252904 1.68908 0.011911 -0.0253444 0.999608 2.7363 0 0 0 1 
0.999917 -0.00438627 -0.012122 -0.16752 0.00469366 0.999665 0.0254469 1.70264 0.0120064 -0.0255016 0.999603 2.75791 0 0 0 1 
0.999916 -0.00440711 -0.0122209 -0.169876 0.00471893 0.999661 0.0256043 1.7165 0.0121039 -0.0256598 0.999597 2.78 0 0 0 1 
0.999914 -0.00442794 -0.0123198 -0.172232 0.00474421 0.999657 0.0257618 1.73036 0.0122015 -0.025818 0.999592 2.80208 0 0 0 1 
0.999913 -0.00444875 -0.0124186 -0.174588 0.0047695 0.999653 0.0259192 1.74421 0.012299 -0.0259762 0.999587 2.82417 0 0 0 1 
0.999912 -0.00446955 -0.0125175 -0.176944 0.00479482 0.999648 0.0260767 1.75807 0.0123966 -0.0261344 0.999582 2.84625 0 0 0 1 
0.99991 -0.00449033 -0.0126164 -0.1793 0.00482014 0.999644 0.0262341 1.77193 0.0124941 -0.0262926 0.999576 2.86834 0 0 0 1 
0.999909 -0.00451017 -0.012717 -0.181788 0.00484459 0.99964 0.0263904 1.78604 0.0125934 -0.0264496 0.999571 2.89083 0 0 0 1 
0.999908 -0.00453 -0.0128176 -0.184276 0.00486906 0.999636 0.0265468 1.80015 0.0126926 -0.0266067 0.999565 2.91332 0 0 0 1 
0.999906 -0.00454981 -0.0129181 -0.186763 0.00489354 0.999631 0.0267031 1.81425 0.0127919 -0.0267638 0.99956 2.9358 0 0 0 1 
0.999905 -0.0045696 -0.0130187 -0.189251 0.00491804 0.999627 0.0268594 1.82836 0.0128911 -0.0269208 0.999554 2.95829 0 0 0 1 
0.999903 -0.00458938 -0.0131193 -0.191739 0.00494255 0.999623 0.0270157 1.84247 0.0129904 -0.0270779 0.999549 2.98078 0 0 0 1 
0.999902 -0.00460884 -0.0132222 -0.19434 0.00496686 0.999618 0.0271731 1.85686 0.0130919 -0.0272361 0.999543 3.00374 0 0 0 1 
0.999901 -0.00462828 -0.013325 -0.196941 0.00499117 0.999614 0.0273305 1.87126 0.0131934 -0.0273943 0.999538 3.0267 0 0 0 1 
0.999899 -0.00464771 -0.0134279 -0.199541 0.00501551 0.99961 0.0274879 1.88565 0.0132949 -0.0275525 0.999532 3.04965 0 0 0 1 
0.999898 -0.00466713 -0.0135307 -0.202142 0.00503986 0.999605 0.0276454 1.90005 0.0133963 -0.0277107 0.999526 3.07261 0 0 0 1 
0.999896 -0.00468652 -0.0136336 -0.204743 0.00506423 0.999601 0.0278028 1.91444 0.0134978 -0.0278689 0.99952 3.09557 0 0 0 1 
0.999895 -0.00470556 -0.0137387 -0.207462 0.00508834 0.999596 0.0279613 1.92913 0.0136016 -0.0280282 0.999515 3.11901 0 0 0 1 
0.999893 -0.00472457 -0.0138439 -0.210181 0.00511248 0.999591 0.0281198 1.94381 0.0137054 -0.0281875 0.999509 3.14244 0 0 0 1 
0.999891 -0.00474357 -0.0139491 -0.212899 0.00513662 0.999587 0.0282783 1.9585 0.0138092 -0.0283468 0.999503 3.16588 0 0 0 1 
0.99989 -0.00476255 -0.0140542 -0.215618 0.00516079 0.999582 0.0284368 1.97318 0.0139129 -0.0285062 0.999497 3.18931 0 0 0 1 
0.999888 -0.00478152 -0.0141594 -0.218337 0.00518497 0.999578 0.0285952 1.98787 0.0140167 -0.0286655 0.999491 3.21275 0 0 0 1 
0.999887 -0.00479949 -0.0142664 -0.221195 0.00520823 0.999573 0.0287527 2.00281 0.0141223 -0.0288237 0.999485 3.23661 0 0 0 1 
0.999885 -0.00481745 -0.0143734 -0.224053 0.00523151 0.999568 0.0289101 2.01775 0.0142279 -0.0289819 0.999479 3.26047 0 0 0 1 
0.999883 -0.00483539 -0.0144803 -0.226912 0.0052548 0.999564 0.0290675 2.03268 0.0143335 -0.0291402 0.999473 3.28432 0 0 0 1 
0.999882 -0.00485332 -0.0145873 -0.22977 0.00527811 0.999559 0.0292249 2.04762 0.014439 -0.0292984 0.999466 3.30818 0 0 0 1 
0.99988 -0.00487122 -0.0146943 -0.232628 0.00530144 0.999554 0.0293823 2.06256 0.0145446 -0.0294567 0.99946 3.33204 0 0 0 1 
0.999878 -0.00488827 -0.014803 -0.235616 0.00532399 0.999549 0.029539 2.07773 0.014652 -0.0296142 0.999454 3.35629 0 0 0 1 
0.999877 -0.00490531 -0.0149118 -0.238604 0.00534655 0.999545 0.0296957 2.0929 0.0147593 -0.0297718 0.999448 3.38054 0 0 0 1 
0.999875 -0.00492233 -0.0150205 -0.241593 0.00536913 0.99954 0.0298524 2.10808 0.0148667 -0.0299293 0.999441 3.40479 0 0 0 1 
0.999873 -0.00493933 -0.0151293 -0.244581 0.00539173 0.999535 0.0300091 2.12325 0.014974 -0.0300869 0.999435 3.42904 0 0 0 1 
0.999872 -0.00495631 -0.015238 -0.247569 0.00541434 0.99953 0.0301658 2.13842 0.0150814 -0.0302444 0.999429 3.45329 0 0 0 1 
0.99987 -0.00497246 -0.0153486 -0.250687 0.0054362 0.999525 0.0303219 2.15382 0.0151905 -0.0304014 0.999422 3.47793 0 0 0 1 
0.999868 -0.00498859 -0.0154591 -0.253804 0.00545808 0.999521 0.030478 2.16922 0.0152996 -0.0305584 0.999416 3.50257 0 0 0 1 
0.999866 -0.00500471 -0.0155696 -0.256922 0.00547998 0.999516 0.0306341 2.18462 0.0154088 -0.0307153 0.999409 3.52721 0 0 0 1 
0.999864 -0.00502081 -0.0156802 -0.260039 0.00550189 0.999511 0.0307902 2.20002 0.0155179 -0.0308723 0.999403 3.55185 0 0 0 1 
0.999863 -0.00503689 -0.0157907 -0.263157 0.00552382 0.999506 0.0309463 2.21542 0.015627 -0.0310293 0.999396 3.57649 0 0 0 1 
0.999861 -0.00505244 -0.0159037 -0.266411 0.00554535 0.999501 0.0311034 2.23113 0.0157386 -0.0311872 0.99939 3.60165 0 0 0 1 
0.999859 -0.00506797 -0.0160167 -0.269665 0.00556689 0.999496 0.0312604 2.24683 0.0158502 -0.0313452 0.999383 3.62681 0 0 0 1 
0.999857 -0.00508349 -0.0161297 -0.272918 0.00558845 0.999491 0.0314175 2.26254 0.0159618 -0.0315031 0.999376 3.65197 0 0 0 1 
0.999855 -0.00509898 -0.0162427 -0.276172 0.00561003 0.999486 0.0315745 2.27824 0.0160733 -0.0316611 0.999369 3.67713 0 0 0 1 
0.999853 -0.00511446 -0.0163557 -0.279426 0.00563163 0.999481 0.0317316 2.29395 0.0161849 -0.031819 0.999363 3.70229 0 0 0 1 
0.999851 -0.00512853 -0.01647 -0.282827 0.00565184 0.999476 0.0318861 2.30983 0.0162978 -0.0319744 0.999356 3.72777 0 0 0 1 
0.999849 -0.00514257 -0.0165842 -0.286228 0.00567207 0.99947 0.0320406 2.32572 0.0164107 -0.0321298 0.999349 3.75326 0 0 0 1 
0.999847 -0.0051566 -0.0166985 -0.28963 0.00569232 0.999465 0.0321951 2.3416 0.0165235 -0.0322853 0.999342 3.77874 0 0 0 1 
0.999845 -0.00517061 -0.0168128 -0.293031 0.00571259 0.99946 0.0323496 2.35749 0.0166364 -0.0324407 0.999335 3.80423 0 0 0 1 
0.999843 -0.0051846 -0.016927 -0.296432 0.00573287 0.999455 0.0325041 2.37337 0.0167493 -0.0325961 0.999328 3.82971 0 0 0 1 
0.999841 -0.00519785 -0.0170439 -0.299989 0.00575254 0.99945 0.0326593 2.38958 0.0168648 -0.0327521 0.999321 3.85576 0 0 0 1 
0.999839 -0.00521107 -0.0171608 -0.303546 0.00577223 0.999445 0.0328144 2.40579 0.0169802 -0.0329082 0.999314 3.88181 0 0 0 1 
0.999837 -0.00522428 -0.0172776 -0.307103 0.00579194 0.99944 0.0329696 2.422 0.0170957 -0.0330643 0.999307 3.90785 0 0 0 1 
0.999835 -0.00523748 -0.0173945 -0.31066 0.00581166 0.999434 0.0331247 2.43821 0.0172112 -0.0332203 0.9993 3.9339 0 0 0 1 
0.999833 -0.00525065 -0.0175114 -0.314217 0.0058314 0.999429 0.0332798 2.45442 0.0173266 -0.0333764 0.999293 3.95995 0 0 0 1 
0.999831 -0.00526245 -0.0176295 -0.31792 0.00584981 0.999424 0.0334327 2.4708 0.0174434 -0.0335302 0.999285 3.98632 0 0 0 1 
0.999829 -0.00527424 -0.0177476 -0.321623 0.00586825 0.999419 0.0335855 2.48718 0.0175602 -0.0336839 0.999278 4.01268 0 0 0 1 
0.999826 -0.00528601 -0.0178658 -0.325325 0.00588669 0.999413 0.0337384 2.50356 0.0176769 -0.0338377 0.999271 4.03905 0 0 0 1 
