1 -1.34084e-05 -4.92059e-16 0.000452062 1.34084e-05 1 1.24243e-05 -0.000372722 -1.66589e-10 -1.24243e-05 1 0.000418886 0 0 0 1 
1 -1.87266e-05 4.95235e-11 0.000631366 1.87266e-05 1 1.70803e-05 -0.000512394 -3.6938e-10 -1.70803e-05 1 0.000575867 0 0 0 1 
1 -2.40448e-05 7.42858e-11 0.000810669 2.40448e-05 1 2.17363e-05 -0.000652065 -5.96932e-10 -2.17363e-05 1 0.000732848 0 0 0 1 
1 -2.93631e-05 7.42865e-11 0.000989973 2.93631e-05 1 2.63923e-05 -0.000791737 -8.49245e-10 -2.63923e-05 1 0.000889828 0 0 0 1 
1 -3.46813e-05 4.95255e-11 0.00116928 3.46813e-05 1 3.10483e-05 -0.000931408 -1.12632e-09 -3.10483e-05 1 0.00104681 0 0 0 1 
1 -3.99995e-05 2.92608e-15 0.00134858 3.99995e-05 1 3.57043e-05 -0.00107108 -1.42816e-09 -3.57043e-05 1 0.00120379 0 0 0 1 
1 -5.06832e-05 2.05692e-10 0.00170878 5.06832e-05 1 4.53307e-05 -0.00135983 -2.5032e-09 -4.53307e-05 1 0.00152836 0 0 0 1 
1 -6.13669e-05 3.08537e-10 0.00206898 6.13669e-05 1 5.49571e-05 -0.00164858 -3.68108e-09 -5.49571e-05 1 0.00185293 0 0 0 1 
1 -7.20505e-05 3.08536e-10 0.00242918 7.20505e-05 1 6.45834e-05 -0.00193732 -4.96181e-09 -6.45834e-05 1 0.0021775 0 0 0 1 
1 -8.27342e-05 2.0569e-10 0.00278938 8.27342e-05 1 7.42098e-05 -0.00222607 -6.34538e-09 -7.42098e-05 1 0.00250207 0 0 0 1 
1 -9.34179e-05 -8.73981e-16 0.00314958 9.34179e-05 1 8.38362e-05 -0.00251482 -7.8318e-09 -8.38362e-05 1 0.00282664 0 0 0 1 
1 -0.000108104 3.8724e-10 0.00364471 0.000108104 1 9.70202e-05 -0.00291022 -1.08755e-08 -9.70202e-05 1 0.00327118 0 0 0 1 
1 -0.00012279 5.80863e-10 0.00413985 0.00012279 1 0.000110204 -0.00330562 -1.41128e-08 -0.000110204 1 0.00371572 0 0 0 1 
1 -0.000137475 5.8087e-10 0.00463498 0.000137475 1 0.000123388 -0.00370103 -1.75437e-08 -0.000123388 1 0.00416027 0 0 0 1 
1 -0.000152161 3.87259e-10 0.00513012 0.000152161 1 0.000136572 -0.00409643 -2.11682e-08 -0.000136572 1 0.00460481 0 0 0 1 
1 -0.000166847 3.0334e-14 0.00562525 0.000166847 1 0.000149756 -0.00449183 -2.49864e-08 -0.000149756 1 0.00504935 0 0 0 1 
1 -0.000185543 6.27119e-10 0.00625557 0.000185543 1 0.000166527 -0.00499472 -3.1525e-08 -0.000166527 1 0.00561488 0 0 0 1 
1 -0.000204239 9.40656e-10 0.0068859 0.000204239 1 0.000183298 -0.00549761 -3.83773e-08 -0.000183298 1 0.00618042 0 0 0 1 
1 -0.000222934 9.40642e-10 0.00751622 0.000222934 1 0.00020007 -0.00600051 -4.5543e-08 -0.00020007 1 0.00674595 0 0 0 1 
1 -0.00024163 6.27077e-10 0.00814655 0.00024163 1 0.000216841 -0.0065034 -5.30224e-08 -0.000216841 1 0.00731149 0 0 0 1 
1 -0.000260326 -3.8756e-14 0.00877687 0.000260326 1 0.000233612 -0.00700629 -6.08152e-08 -0.000233612 1 0.00787702 0 0 0 1 
1 -0.000284395 1.04534e-09 0.00958836 0.000284395 1 0.000255329 -0.00765733 -7.36596e-08 -0.000255329 1 0.0086094 0 0 0 1 
1 -0.000308464 1.56801e-09 0.0103998 0.000308464 1 0.000277046 -0.00830837 -8.70267e-08 -0.000277046 1 0.00934177 0 0 0 1 
1 -0.000332534 1.56797e-09 0.0112113 0.000332534 1 0.000298762 -0.00895942 -1.00917e-07 -0.000298762 1 0.0100741 0 0 0 1 
1 -0.000356603 1.04523e-09 0.0120228 0.000356603 1 0.000320479 -0.00961046 -1.15329e-07 -0.000320479 1 0.0108065 0 0 0 1 
1 -0.000380672 -2.17856e-13 0.0128343 0.000380672 1 0.000342196 -0.0102615 -1.30264e-07 -0.000342196 1 0.0115389 0 0 0 1 
1 -0.000407398 1.27847e-09 0.0137354 0.000407398 1 0.000366118 -0.0109784 -1.50434e-07 -0.000366118 1 0.0123457 0 0 0 1 
1 -0.000434124 1.91782e-09 0.0146364 0.000434124 1 0.00039004 -0.0116953 -1.71243e-07 -0.00039004 1 0.0131525 0 0 0 1 
1 -0.00046085 1.91784e-09 0.0155375 0.00046085 1 0.000413961 -0.0124123 -1.92692e-07 -0.000413961 1 0.0139593 0 0 0 1 
1 -0.000487576 1.27853e-09 0.0164385 0.000487576 1 0.000437883 -0.0131292 -2.1478e-07 -0.000437883 1 0.0147661 0 0 0 1 
1 -0.000514302 -1.17555e-13 0.0173396 0.000514302 1 0.000461805 -0.0138461 -2.37507e-07 -0.000461805 1 0.0155729 0 0 0 1 
1 -0.000546419 1.85625e-09 0.0184224 0.000546419 1 0.000490705 -0.0147119 -2.69987e-07 -0.000490705 1 0.0165477 0 0 0 1 
1 -0.000578535 2.78444e-09 0.0195052 0.000578535 1 0.000519605 -0.0155778 -3.03395e-07 -0.000519605 1 0.0175226 0 0 0 1 
1 -0.000610652 2.78445e-09 0.0205881 0.000610652 1 0.000548506 -0.0164436 -3.37731e-07 -0.000548506 1 0.0184974 0 0 0 1 
1 -0.000642769 1.85628e-09 0.0216709 0.000642769 1 0.000577406 -0.0173095 -3.72995e-07 -0.000577406 1 0.0194723 0 0 0 1 
1 -0.000674886 -6.39814e-14 0.0227537 0.000674885 1 0.000606306 -0.0181753 -4.09187e-07 -0.000606306 1 0.0204471 0 0 0 1 
1 -0.000709667 2.1621e-09 0.0239264 0.000709667 1 0.000637387 -0.0191061 -4.54495e-07 -0.000637387 1 0.0214956 0 0 0 1 
1 -0.000744449 3.24322e-09 0.025099 0.000744448 0.999999 0.000668468 -0.0200369 -5.00883e-07 -0.000668468 1 0.0225441 0 0 0 1 
1 -0.00077923 3.24331e-09 0.0262717 0.00077923 0.999999 0.000699549 -0.0209678 -5.48352e-07 -0.000699548 1 0.0235927 0 0 0 1 
1 -0.000814012 2.16235e-09 0.0274443 0.000814011 0.999999 0.000730629 -0.0218986 -5.96903e-07 -0.000730629 1 0.0246412 0 0 0 1 
1 -0.000848793 3.61168e-13 0.028617 0.000848793 0.999999 0.00076171 -0.0228294 -6.46535e-07 -0.00076171 1 0.0256897 0 0 0 1 
1 -0.000888983 2.89932e-09 0.029972 0.000888982 0.999999 0.000797775 -0.023909 -7.12107e-07 -0.000797775 1 0.0269065 0 0 0 1 
1 -0.000929172 4.34884e-09 0.031327 0.000929172 0.999999 0.00083384 -0.0249886 -7.79129e-07 -0.000833839 1 0.0281234 0 0 0 1 
1 -0.000969361 4.34894e-09 0.032682 0.000969361 0.999999 0.000869905 -0.0260683 -8.47601e-07 -0.000869904 1 0.0293402 0 0 0 1 
0.999999 -0.00100955 2.89962e-09 0.034037 0.00100955 0.999999 0.000905969 -0.0271479 -9.17522e-07 -0.000905969 1 0.0305571 0 0 0 1 
0.999999 -0.00104974 8.67197e-13 0.035392 0.00104974 0.999999 0.000942034 -0.0282275 -9.88892e-07 -0.000942034 1 0.0317739 0 0 0 1 
0.999999 -0.00109398 3.50756e-09 0.0368835 0.00109398 0.999999 0.000981672 -0.0294135 -1.07743e-06 -0.000981671 1 0.0331115 0 0 0 1 
0.999999 -0.00113822 5.26077e-09 0.038375 0.00113822 0.999999 0.00102131 -0.0305995 -1.16773e-06 -0.00102131 0.999999 0.0344491 0 0 0 1 
0.999999 -0.00118245 5.26051e-09 0.0398664 0.00118245 0.999999 0.00106095 -0.0317855 -1.25978e-06 -0.00106095 0.999999 0.0357867 0 0 0 1 
0.999999 -0.00122669 3.50677e-09 0.0413579 0.00122669 0.999999 0.00110058 -0.0329715 -1.35358e-06 -0.00110058 0.999999 0.0371243 0 0 0 1 
0.999999 -0.00127093 -4.45728e-13 0.0428494 0.00127093 0.999999 0.00114022 -0.0341575 -1.44914e-06 -0.00114022 0.999999 0.0384619 0 0 0 1 
0.999999 -0.00131923 4.17691e-09 0.0444779 0.00131923 0.999998 0.00118346 -0.0354507 -1.56544e-06 -0.00118346 0.999999 0.0399214 0 0 0 1 
0.999999 -0.00136753 6.26557e-09 0.0461064 0.00136753 0.999998 0.0012267 -0.0367438 -1.68383e-06 -0.0012267 0.999999 0.0413809 0 0 0 1 
0.999999 -0.00141584 6.26556e-09 0.0477348 0.00141584 0.999998 0.00126995 -0.038037 -1.8043e-06 -0.00126995 0.999999 0.0428405 0 0 0 1 
0.999999 -0.00146414 4.17686e-09 0.0493633 0.00146414 0.999998 0.00131319 -0.0393301 -1.92687e-06 -0.00131319 0.999999 0.0443 0 0 0 1 
0.999999 -0.00151244 -5.2036e-13 0.0509918 0.00151244 0.999998 0.00135643 -0.0406233 -2.05152e-06 -0.00135643 0.999999 0.0457595 0 0 0 1 
0.999999 -0.00156399 4.24713e-09 0.0527298 0.00156399 0.999998 0.00139762 -0.0418541 -2.19011e-06 -0.00139762 0.999999 0.04715 0 0 0 1 
0.999999 -0.00161554 6.37155e-09 0.0544678 0.00161554 0.999998 0.00143881 -0.0430849 -2.33082e-06 -0.00143881 0.999999 0.0485405 0 0 0 1 
0.999999 -0.00166708 6.37274e-09 0.0562057 0.00166708 0.999998 0.00148 -0.0443157 -2.47366e-06 -0.00148 0.999999 0.049931 0 0 0 1 
0.999999 -0.00171863 4.2507e-09 0.0579437 0.00171863 0.999997 0.00152119 -0.0455465 -2.61861e-06 -0.00152118 0.999999 0.0513215 0 0 0 1 
0.999998 -0.00177018 5.43698e-12 0.0596817 0.00177018 0.999997 0.00156238 -0.0467773 -2.76569e-06 -0.00156237 0.999999 0.052712 0 0 0 1 
0.999998 -0.00182568 4.87026e-09 0.0615527 0.00182567 0.999997 0.00160622 -0.0480865 -2.9373e-06 -0.00160621 0.999999 0.0541923 0 0 0 1 
0.999998 -0.00188117 7.30215e-09 0.0634236 0.00188117 0.999997 0.00165006 -0.0493957 -3.11134e-06 -0.00165006 0.999999 0.0556725 0 0 0 1 
0.999998 -0.00193666 7.3011e-09 0.0652946 0.00193666 0.999997 0.0016939 -0.0507048 -3.28782e-06 -0.0016939 0.999999 0.0571528 0 0 0 1 
0.999998 -0.00199216 4.86712e-09 0.0671655 0.00199215 0.999997 0.00173774 -0.052014 -3.46672e-06 -0.00173774 0.999998 0.058633 0 0 0 1 
0.999998 -0.00204765 2.08441e-13 0.0690365 0.00204765 0.999996 0.00178158 -0.0533232 -3.64806e-06 -0.00178158 0.999998 0.0601133 0 0 0 1 
0.999998 -0.00210854 5.88631e-09 0.0710895 0.00210854 0.999996 0.00182992 -0.0547658 -3.86436e-06 -0.00182992 0.999998 0.0617459 0 0 0 1 
0.999998 -0.00216944 8.8288e-09 0.0731424 0.00216943 0.999996 0.00187826 -0.0562084 -4.0836e-06 -0.00187826 0.999998 0.0633784 0 0 0 1 
0.999998 -0.00223033 8.82768e-09 0.0751954 0.00223032 0.999996 0.00192661 -0.0576511 -4.30579e-06 -0.0019266 0.999998 0.065011 0 0 0 1 
0.999997 -0.00229122 5.88295e-09 0.0772483 0.00229122 0.999995 0.00197495 -0.0590937 -4.53092e-06 -0.00197494 0.999998 0.0666435 0 0 0 1 
0.999997 -0.00235211 -5.38943e-12 0.0793013 0.00235211 0.999995 0.00202329 -0.0605363 -4.759e-06 -0.00202328 0.999998 0.0682761 0 0 0 1 
0.999997 -0.00241567 6.36074e-09 0.0814441 0.00241566 0.999995 0.00207336 -0.0620294 -5.01491e-06 -0.00207335 0.999998 0.0699675 0 0 0 1 
0.999997 -0.00247923 9.54452e-09 0.0835869 0.00247922 0.999995 0.00212343 -0.0635226 -5.27401e-06 -0.00212342 0.999998 0.0716589 0 0 0 1 
0.999997 -0.00254278 9.54595e-09 0.0857298 0.00254278 0.999994 0.0021735 -0.0650157 -5.53628e-06 -0.00217349 0.999998 0.0733502 0 0 0 1 
0.999997 -0.00260634 6.36504e-09 0.0878726 0.00260633 0.999994 0.00222357 -0.0665089 -5.80175e-06 -0.00222356 0.999998 0.0750416 0 0 0 1 
0.999996 -0.0026699 1.77646e-12 0.0900154 0.00266989 0.999994 0.00227364 -0.068002 -6.07039e-06 -0.00227363 0.999997 0.076733 0 0 0 1 
0.999996 -0.00273889 7.54033e-09 0.0923415 0.00273889 0.999994 0.00232828 -0.0696302 -6.38446e-06 -0.00232827 0.999997 0.0785792 0 0 0 1 
0.999996 -0.00280789 1.13087e-08 0.0946676 0.00280788 0.999993 0.00238293 -0.0712584 -6.70231e-06 -0.00238292 0.999997 0.0804254 0 0 0 1 
0.999996 -0.00287689 1.13068e-08 0.0969938 0.00287688 0.999993 0.00243757 -0.0728867 -7.02392e-06 -0.00243756 0.999997 0.0822716 0 0 0 1 
0.999996 -0.00294588 7.53473e-09 0.0993199 0.00294587 0.999993 0.00249221 -0.0745149 -7.3493e-06 -0.0024922 0.999997 0.0841178 0 0 0 1 
0.999995 -0.00301488 -7.5538e-12 0.101646 0.00301487 0.999992 0.00254686 -0.0761431 -7.67846e-06 -0.00254684 0.999997 0.085964 0 0 0 1 
0.999995 -0.00308582 7.26514e-09 0.104038 0.0030858 0.999992 0.00259811 -0.0776684 -8.02455e-06 -0.00259809 0.999997 0.087696 0 0 0 1 
0.999995 -0.00315675 1.09023e-08 0.106429 0.00315674 0.999992 0.00264936 -0.0791937 -8.37427e-06 -0.00264935 0.999996 0.089428 0 0 0 1 
0.999995 -0.00322769 1.09038e-08 0.108821 0.00322767 0.999991 0.00270061 -0.080719 -8.72763e-06 -0.0027006 0.999996 0.0911601 0 0 0 1 
0.999995 -0.00329862 7.26977e-09 0.111212 0.00329861 0.999991 0.00275186 -0.0822443 -9.08462e-06 -0.00275185 0.999996 0.0928921 0 0 0 1 
0.999994 -0.00336956 1.60501e-13 0.113604 0.00336954 0.99999 0.00280311 -0.0837696 -9.44525e-06 -0.0028031 0.999996 0.0946241 0 0 0 1 
0.999994 -0.00344446 8.03133e-09 0.116129 0.00344445 0.99999 0.00285672 -0.0853634 -9.84789e-06 -0.0028567 0.999996 0.0964361 0 0 0 1 
0.999994 -0.00351937 1.20472e-08 0.118655 0.00351935 0.99999 0.00291032 -0.0869573 -1.02545e-05 -0.00291031 0.999996 0.0982481 0 0 0 1 
0.999994 -0.00359427 1.20477e-08 0.12118 0.00359425 0.999989 0.00296393 -0.0885511 -1.06652e-05 -0.00296391 0.999996 0.10006 0 0 0 1 
0.999993 -0.00366917 8.03282e-09 0.123706 0.00366916 0.999989 0.00301754 -0.090145 -1.10799e-05 -0.00301752 0.999995 0.101872 0 0 0 1 
0.999993 -0.00374408 2.65467e-12 0.126231 0.00374406 0.999988 0.00307114 -0.0917388 -1.14986e-05 -0.00307112 0.999995 0.103684 0 0 0 1 
0.999993 -0.00382442 9.28755e-09 0.12894 0.0038244 0.999988 0.00312895 -0.0934562 -1.19757e-05 -0.00312893 0.999995 0.105639 0 0 0 1 
0.999992 -0.00390476 1.39278e-08 0.131649 0.00390474 0.999987 0.00318676 -0.0951737 -1.24575e-05 -0.00318674 0.999995 0.107593 0 0 0 1 
0.999992 -0.0039851 1.39234e-08 0.134357 0.00398508 0.999987 0.00324458 -0.0968911 -1.29439e-05 -0.00324455 0.999995 0.109548 0 0 0 1 
0.999992 -0.00406544 9.27445e-09 0.137066 0.00406542 0.999986 0.00330239 -0.0986086 -1.34349e-05 -0.00330236 0.999995 0.111502 0 0 0 1 
0.999991 -0.00414578 -1.91818e-11 0.139775 0.00414575 0.999986 0.0033602 -0.100326 -1.39306e-05 -0.00336017 0.999994 0.113457 0 0 0 1 
0.999991 -0.00423016 1.01877e-08 0.14262 0.00423014 0.999985 0.00342064 -0.10212 -1.44801e-05 -0.00342061 0.999994 0.115501 0 0 0 1 
0.999991 -0.00431455 1.52942e-08 0.145465 0.00431452 0.999985 0.00348108 -0.103913 -1.50346e-05 -0.00348105 0.999994 0.117545 0 0 0 1 
0.99999 -0.00439894 1.53004e-08 0.14831 0.00439891 0.999984 0.00354152 -0.105707 -1.55942e-05 -0.00354148 0.999994 0.11959 0 0 0 1 
0.99999 -0.00448332 1.02061e-08 0.151155 0.00448329 0.999983 0.00360196 -0.1075 -1.6159e-05 -0.00360192 0.999994 0.121634 0 0 0 1 
0.99999 -0.00456771 1.14956e-11 0.154 0.00456768 0.999983 0.0036624 -0.109294 -1.67288e-05 -0.00366236 0.999993 0.123678 0 0 0 1 
0.999989 -0.00465401 9.76193e-09 0.15691 0.00465398 0.999982 0.00371891 -0.110968 -1.73176e-05 -0.00371887 0.999993 0.12559 0 0 0 1 
0.999989 -0.00474031 1.46352e-08 0.159819 0.00474028 0.999982 0.00377542 -0.112642 -1.79113e-05 -0.00377538 0.999993 0.127501 0 0 0 1 
0.999988 -0.00482662 1.46313e-08 0.162729 0.00482658 0.999981 0.00383194 -0.114317 -1.85099e-05 -0.00383189 0.999993 0.129413 0 0 0 1 
0.999988 -0.00491292 9.75015e-09 0.165638 0.00491288 0.99998 0.00388845 -0.115991 -1.91134e-05 -0.0038884 0.999992 0.131324 0 0 0 1 
0.999988 -0.00499922 -8.13458e-12 0.168548 0.00499918 0.99998 0.00394496 -0.117665 -1.97217e-05 -0.00394491 0.999992 0.133236 0 0 0 1 
0.999987 -0.0050896 1.06875e-08 0.171595 0.00508956 0.999979 0.0040041 -0.119415 -2.039e-05 -0.00400405 0.999992 0.135237 0 0 0 1 
0.999987 -0.00517998 1.60378e-08 0.174642 0.00517993 0.999978 0.00406324 -0.121165 -2.10635e-05 -0.00406319 0.999992 0.137238 0 0 0 1 
0.999986 -0.00527035 1.60427e-08 0.17769 0.00527031 0.999978 0.00412239 -0.122916 -2.17425e-05 -0.00412233 0.999992 0.13924 0 0 0 1 
0.999986 -0.00536073 1.07024e-08 0.180737 0.00536068 0.999977 0.00418153 -0.124666 -2.24268e-05 -0.00418147 0.999991 0.141241 0 0 0 1 
0.999985 -0.00545111 1.67546e-11 0.183784 0.00545106 0.999976 0.00424067 -0.126416 -2.31164e-05 -0.00424061 0.999991 0.143242 0 0 0 1 
0.999985 -0.00554698 1.2141e-08 0.187016 0.00554693 0.999975 0.00430388 -0.128284 -2.38857e-05 -0.00430381 0.999991 0.145381 0 0 0 1 
0.999984 -0.00564286 1.82054e-08 0.190249 0.0056428 0.999975 0.00436708 -0.130153 -2.4661e-05 -0.00436701 0.99999 0.14752 0 0 0 1 
0.999984 -0.00573873 1.82098e-08 0.193481 0.00573868 0.999974 0.00443029 -0.132021 -2.54425e-05 -0.00443022 0.99999 0.14966 0 0 0 1 
0.999983 -0.00583461 1.21542e-08 0.196714 0.00583455 0.999973 0.00449349 -0.13389 -2.62299e-05 -0.00449342 0.99999 0.151799 0 0 0 1 
0.999982 -0.00593048 3.86875e-11 0.199946 0.00593042 0.999972 0.0045567 -0.135758 -2.70235e-05 -0.00455662 0.99999 0.153938 0 0 0 1 
0.999982 -0.00602843 1.17838e-08 0.203248 0.00602836 0.999971 0.00461671 -0.137528 -2.78433e-05 -0.00461663 0.999989 0.15597 0 0 0 1 
0.999981 -0.00612637 1.76507e-08 0.20655 0.00612631 0.99997 0.00467672 -0.139299 -2.8669e-05 -0.00467664 0.999989 0.158001 0 0 0 1 
0.999981 -0.00622432 1.76395e-08 0.209853 0.00622425 0.999969 0.00473674 -0.141069 -2.95006e-05 -0.00473664 0.999989 0.160033 0 0 0 1 
0.99998 -0.00632227 1.17501e-08 0.213155 0.00632219 0.999969 0.00479675 -0.14284 -3.03381e-05 -0.00479665 0.999988 0.162064 0 0 0 1 
0.999979 -0.00642021 -1.74113e-11 0.216457 0.00642014 0.999968 0.00485676 -0.14461 -3.11814e-05 -0.00485666 0.999988 0.164096 0 0 0 1 
0.999979 -0.00652211 1.25e-08 0.219892 0.00652203 0.999967 0.00491815 -0.146418 -3.20892e-05 -0.00491805 0.999988 0.166175 0 0 0 1 
0.999978 -0.00662401 1.87617e-08 0.223328 0.00662393 0.999966 0.00497954 -0.148227 -3.30033e-05 -0.00497943 0.999988 0.168254 0 0 0 1 
0.999977 -0.00672591 1.87677e-08 0.226763 0.00672582 0.999965 0.00504093 -0.150035 -3.39236e-05 -0.00504082 0.999987 0.170332 0 0 0 1 
0.999977 -0.0068278 1.25179e-08 0.230199 0.00682771 0.999964 0.00510232 -0.151844 -3.48502e-05 -0.0051022 0.999987 0.172411 0 0 0 1 
0.999976 -0.0069297 1.24871e-11 0.233634 0.00692961 0.999963 0.00516371 -0.153652 -3.5783e-05 -0.00516359 0.999987 0.17449 0 0 0 1 
0.999975 -0.00703573 1.35495e-08 0.237209 0.00703564 0.999962 0.00522757 -0.155531 -3.67933e-05 -0.00522744 0.999986 0.176653 0 0 0 1 
0.999974 -0.00714177 2.03152e-08 0.240784 0.00714167 0.99996 0.00529143 -0.157409 -3.78104e-05 -0.00529129 0.999986 0.178816 0 0 0 1 
0.999974 -0.0072478 2.03097e-08 0.244359 0.00724769 0.999959 0.00535529 -0.159288 -3.88343e-05 -0.00535514 0.999986 0.180979 0 0 0 1 
0.999973 -0.00735383 1.35328e-08 0.247934 0.00735372 0.999958 0.00541914 -0.161166 -3.9865e-05 -0.005419 0.999985 0.183142 0 0 0 1 
0.999972 -0.00745986 -1.53659e-11 0.251509 0.00745975 0.999957 0.005483 -0.163045 -4.09024e-05 -0.00548285 0.999985 0.185305 0 0 0 1 
0.999971 -0.00756786 1.28755e-08 0.25515 0.00756775 0.999956 0.00554266 -0.164795 -4.19589e-05 -0.0055425 0.999985 0.187326 0 0 0 1 
0.999971 -0.00767587 1.93232e-08 0.258791 0.00767575 0.999955 0.00560231 -0.166545 -4.30219e-05 -0.00560215 0.999984 0.189347 0 0 0 1 
0.99997 -0.00778387 1.93277e-08 0.262433 0.00778374 0.999954 0.00566197 -0.168296 -4.40913e-05 -0.0056618 0.999984 0.191368 0 0 0 1 
0.999969 -0.00789187 1.2889e-08 0.266074 0.00789174 0.999952 0.00572162 -0.170046 -4.51672e-05 -0.00572144 0.999984 0.193389 0 0 0 1 
0.999968 -0.00799987 7.10934e-12 0.269715 0.00799974 0.999951 0.00578128 -0.171796 -4.62495e-05 -0.00578109 0.999983 0.19541 0 0 0 1 
0.999967 -0.00811337 1.43025e-08 0.273542 0.00811323 0.99995 0.00584425 -0.173641 -4.74309e-05 -0.00584406 0.999983 0.197544 0 0 0 1 
0.999966 -0.00822687 2.14498e-08 0.277368 0.00822673 0.999949 0.00590723 -0.175486 -4.86195e-05 -0.00590703 0.999983 0.199678 0 0 0 1 
0.999965 -0.00834037 2.14492e-08 0.281195 0.00834022 0.999947 0.0059702 -0.177331 -4.98152e-05 -0.00596999 0.999982 0.201813 0 0 0 1 
0.999964 -0.00845387 1.43006e-08 0.285021 0.00845372 0.999946 0.00603318 -0.179176 -5.1018e-05 -0.00603296 0.999982 0.203947 0 0 0 1 
0.999963 -0.00856737 4.07081e-12 0.288848 0.00856721 0.999945 0.00609615 -0.181021 -5.2228e-05 -0.00609593 0.999981 0.206081 0 0 0 1 
0.999962 -0.00868337 1.44028e-08 0.292759 0.0086832 0.999943 0.0061582 -0.182835 -5.34884e-05 -0.00615797 0.999981 0.208184 0 0 0 1 
0.999961 -0.00879937 2.16031e-08 0.29667 0.0087992 0.999942 0.00622026 -0.184649 -5.47559e-05 -0.00622002 0.999981 0.210288 0 0 0 1 
0.99996 -0.00891536 2.16051e-08 0.300581 0.00891519 0.999941 0.00628231 -0.186462 -5.60307e-05 -0.00628206 0.99998 0.212391 0 0 0 1 
0.999959 -0.00903136 1.44087e-08 0.304492 0.00903118 0.999939 0.00634436 -0.188276 -5.73126e-05 -0.0063441 0.99998 0.214495 0 0 0 1 
0.999958 -0.00914736 1.39352e-11 0.308403 0.00914717 0.999938 0.00640641 -0.19009 -5.86018e-05 -0.00640615 0.999979 0.216598 0 0 0 1 
0.999957 -0.00926698 1.4489e-08 0.312436 0.00926679 0.999936 0.00646692 -0.191854 -5.99433e-05 -0.00646665 0.999979 0.21865 0 0 0 1 
0.999956 -0.0093866 2.17256e-08 0.316469 0.0093864 0.999935 0.00652743 -0.193618 -6.12921e-05 -0.00652714 0.999979 0.220702 0 0 0 1 
0.999955 -0.00950622 2.17235e-08 0.320501 0.00950601 0.999933 0.00658794 -0.195381 -6.26481e-05 -0.00658764 0.999978 0.222753 0 0 0 1 
0.999954 -0.00962584 1.44829e-08 0.324534 0.00962563 0.999932 0.00664845 -0.197145 -6.40114e-05 -0.00664814 0.999978 0.224805 0 0 0 1 
0.999953 -0.00974546 3.77688e-12 0.328567 0.00974524 0.99993 0.00670896 -0.198909 -6.53819e-05 -0.00670864 0.999977 0.226857 0 0 0 1 
0.999951 -0.00986928 1.55509e-08 0.332742 0.00986906 0.999928 0.00677168 -0.200734 -6.68472e-05 -0.00677135 0.999977 0.228984 0 0 0 1 
0.99995 -0.00999311 2.33308e-08 0.336917 0.00999287 0.999927 0.00683441 -0.202559 -6.83203e-05 -0.00683407 0.999977 0.231111 0 0 0 1 
0.999949 -0.0101169 2.33433e-08 0.341092 0.0101167 0.999925 0.00689713 -0.204385 -6.98011e-05 -0.00689678 0.999976 0.233239 0 0 0 1 
0.999948 -0.0102408 1.55886e-08 0.345267 0.0102405 0.999923 0.00695985 -0.20621 -7.12898e-05 -0.00695949 0.999976 0.235366 0 0 0 1 
0.999946 -0.0103646 6.65557e-11 0.349442 0.0103643 0.999922 0.00702258 -0.208035 -7.27861e-05 -0.0070222 0.999975 0.237493 0 0 0 1 
0.999945 -0.0104904 1.46932e-08 0.353685 0.0104902 0.99992 0.00708073 -0.20972 -7.42945e-05 -0.00708034 0.999975 0.239466 0 0 0 1 
0.999944 -0.0106163 2.20014e-08 0.357927 0.010616 0.999918 0.00713888 -0.211405 -7.58102e-05 -0.00713848 0.999975 0.241438 0 0 0 1 
0.999942 -0.0107421 2.19912e-08 0.36217 0.0107418 0.999916 0.00719703 -0.213091 -7.73333e-05 -0.00719661 0.999974 0.243411 0 0 0 1 
0.999941 -0.010868 1.46625e-08 0.366412 0.0108677 0.999915 0.00725518 -0.214776 -7.88636e-05 -0.00725475 0.999974 0.245383 0 0 0 1 
0.99994 -0.0109938 1.53966e-11 0.370655 0.0109935 0.999913 0.00731333 -0.216461 -8.04013e-05 -0.00731289 0.999973 0.247356 0 0 0 1 
0.999938 -0.0111238 1.558e-08 0.375039 0.0111235 0.999911 0.00737325 -0.218194 -8.20343e-05 -0.00737279 0.999973 0.249389 0 0 0 1 
0.999937 -0.0112538 2.33532e-08 0.379423 0.0112535 0.999909 0.00743316 -0.219927 -8.3675e-05 -0.00743269 0.999972 0.251422 0 0 0 1 
0.999935 -0.0113839 2.3335e-08 0.383806 0.0113836 0.999907 0.00749308 -0.221659 -8.53236e-05 -0.00749259 0.999972 0.253455 0 0 0 1 
0.999934 -0.0115139 1.55255e-08 0.38819 0.0115136 0.999905 0.007553 -0.223392 -8.69799e-05 -0.0075525 0.999971 0.255488 0 0 0 1 
0.999932 -0.0116439 -7.54488e-11 0.392574 0.0116436 0.999903 0.00761291 -0.225125 -8.86441e-05 -0.0076124 0.999971 0.257521 0 0 0 1 
0.999931 -0.0117776 1.54307e-08 0.39708 0.0117772 0.999901 0.00767077 -0.226791 -9.03585e-05 -0.00767023 0.999971 0.259484 0 0 0 1 
0.999929 -0.0119112 2.32037e-08 0.401587 0.0119109 0.999899 0.00772862 -0.228458 -9.20806e-05 -0.00772807 0.99997 0.261448 0 0 0 1 
0.999927 -0.0120449 2.32436e-08 0.406093 0.0120445 0.999897 0.00778647 -0.230124 -9.38104e-05 -0.00778591 0.99997 0.263411 0 0 0 1 
0.999926 -0.0121785 1.55504e-08 0.4106 0.0121782 0.999895 0.00784433 -0.231791 -9.5548e-05 -0.00784374 0.999969 0.265375 0 0 0 1 
0.999924 -0.0123122 1.24128e-10 0.415106 0.0123118 0.999893 0.00790218 -0.233457 -9.72933e-05 -0.00790158 0.999969 0.267338 0 0 0 1 
0.999922 -0.0124499 1.61306e-08 0.419748 0.0124495 0.999891 0.00796035 -0.235128 -9.91216e-05 -0.00795973 0.999968 0.269313 0 0 0 1 
0.999921 -0.0125876 2.41262e-08 0.42439 0.0125872 0.999889 0.00801852 -0.236798 -0.000100958 -0.00801789 0.999968 0.271287 0 0 0 1 
0.999919 -0.0127253 2.41111e-08 0.429032 0.0127249 0.999886 0.00807669 -0.238469 -0.000102802 -0.00807604 0.999967 0.273262 0 0 0 1 
0.999917 -0.012863 1.60853e-08 0.433674 0.0128625 0.999884 0.00813486 -0.240139 -0.000104655 -0.00813419 0.999967 0.275236 0 0 0 1 
0.999915 -0.0130007 4.86419e-11 0.438316 0.0130002 0.999882 0.00819303 -0.24181 -0.000106515 -0.00819234 0.999966 0.277211 0 0 0 1 
0.999914 -0.0131393 1.50025e-08 0.442989 0.0131388 0.99988 0.00824686 -0.243347 -0.000108373 -0.00824615 0.999966 0.279039 0 0 0 1 
0.999912 -0.0132778 2.24956e-08 0.447662 0.0132774 0.999877 0.00830069 -0.244885 -0.000110238 -0.00829996 0.999966 0.280866 0 0 0 1 
0.99991 -0.0134164 2.2528e-08 0.452334 0.013416 0.999875 0.00835452 -0.246422 -0.00011211 -0.00835376 0.999965 0.282694 0 0 0 1 
0.999908 -0.013555 1.50997e-08 0.457007 0.0135545 0.999873 0.00840834 -0.24796 -0.00011399 -0.00840757 0.999965 0.284521 0 0 0 1 
0.999906 -0.0136936 2.10631e-10 0.46168 0.0136931 0.99987 0.00846217 -0.249497 -0.000115878 -0.00846138 0.999964 0.286349 0 0 0 1 
0.999904 -0.0138376 1.60241e-08 0.466535 0.0138371 0.999868 0.00851716 -0.251062 -0.000117873 -0.00851634 0.999964 0.288216 0 0 0 1 
0.999902 -0.0139816 2.39176e-08 0.471391 0.0139811 0.999866 0.00857215 -0.252628 -0.000119876 -0.00857131 0.999963 0.290083 0 0 0 1 
0.9999 -0.0141256 2.3891e-08 0.476246 0.0141251 0.999863 0.00862713 -0.254193 -0.000121888 -0.00862627 0.999963 0.291951 0 0 0 1 
0.999898 -0.0142697 1.59444e-08 0.481102 0.0142691 0.99986 0.00868212 -0.255759 -0.000123907 -0.00868124 0.999962 0.293818 0 0 0 1 
0.999896 -0.0144137 7.776e-11 0.485957 0.0144131 0.999858 0.00873711 -0.257324 -0.000125934 -0.0087362 0.999962 0.295685 0 0 0 1 
0.999894 -0.0145586 1.4732e-08 0.490843 0.014558 0.999855 0.00878757 -0.258751 -0.000127949 -0.00878664 0.999961 0.297399 0 0 0 1 
0.999892 -0.0147035 2.20718e-08 0.495729 0.014703 0.999853 0.00883803 -0.260177 -0.000129972 -0.00883708 0.999961 0.299113 0 0 0 1 
0.99989 -0.0148485 2.20972e-08 0.500616 0.0148479 0.99985 0.0088885 -0.261604 -0.000132003 -0.00888752 0.99996 0.300827 0 0 0 1 
0.999888 -0.0149934 1.48082e-08 0.505502 0.0149928 0.999848 0.00893896 -0.26303 -0.00013404 -0.00893795 0.99996 0.302541 0 0 0 1 
0.999885 -0.0151383 2.04777e-10 0.510388 0.0151377 0.999845 0.00898942 -0.264457 -0.000136085 -0.00898839 0.99996 0.304255 0 0 0 1 
0.999883 -0.0152873 1.51677e-08 0.51541 0.0152866 0.999842 0.00903962 -0.26587 -0.000138206 -0.00903856 0.999959 0.30596 0 0 0 1 
0.999881 -0.0154362 2.26519e-08 0.520432 0.0154356 0.99984 0.00908981 -0.267282 -0.000140335 -0.00908873 0.999959 0.307665 0 0 0 1 
0.999879 -0.0155852 2.26574e-08 0.525455 0.0155846 0.999837 0.00914001 -0.268695 -0.000142472 -0.0091389 0.999958 0.309371 0 0 0 1 
0.999876 -0.0157342 1.51842e-08 0.530477 0.0157335 0.999834 0.0091902 -0.270107 -0.000144615 -0.00918906 0.999958 0.311076 0 0 0 1 
0.999874 -0.0158831 2.32273e-10 0.535499 0.0158825 0.999831 0.0092404 -0.27152 -0.000146767 -0.00923923 0.999957 0.312781 0 0 0 1 
0.999871 -0.0160358 1.46504e-08 0.540646 0.0160351 0.999828 0.00928788 -0.272846 -0.000148953 -0.00928668 0.999957 0.314394 0 0 0 1 
0.999869 -0.0161885 2.18193e-08 0.545792 0.0161877 0.999825 0.00933536 -0.274171 -0.000151147 -0.00933413 0.999956 0.316007 0 0 0 1 
0.999866 -0.0163411 2.1739e-08 0.550939 0.0163404 0.999822 0.00938283 -0.275497 -0.000153348 -0.00938158 0.999956 0.31762 0 0 0 1 
0.999864 -0.0164938 1.44094e-08 0.556085 0.016493 0.99982 0.00943031 -0.276822 -0.000155556 -0.00942903 0.999956 0.319233 0 0 0 1 
0.999861 -0.0166464 -1.69294e-10 0.561232 0.0166457 0.999817 0.00947779 -0.278148 -0.000157771 -0.00947648 0.999955 0.320846 0 0 0 1 
0.999859 -0.0168018 1.42035e-08 0.56647 0.016801 0.999813 0.00952403 -0.279431 -0.000160035 -0.00952268 0.999955 0.322417 0 0 0 1 
0.999856 -0.0169571 2.13922e-08 0.571708 0.0169564 0.99981 0.00957026 -0.280714 -0.000162306 -0.00956888 0.999954 0.323988 0 0 0 1 
0.999854 -0.0171125 2.13966e-08 0.576946 0.0171117 0.999807 0.00961649 -0.281996 -0.000164584 -0.00961509 0.999954 0.325559 0 0 0 1 
0.999851 -0.0172679 1.42169e-08 0.582184 0.017267 0.999804 0.00966273 -0.283279 -0.000166869 -0.00966129 0.999953 0.32713 0 0 0 1 
0.999848 -0.0174232 -1.47039e-10 0.587422 0.0174224 0.999801 0.00970896 -0.284562 -0.000169161 -0.00970749 0.999953 0.328701 0 0 0 1 
0.999845 -0.0175807 1.29553e-08 0.592734 0.0175799 0.999798 0.0097504 -0.285697 -0.000171432 -0.00974889 0.999952 0.330109 0 0 0 1 
0.999843 -0.0177383 1.95286e-08 0.598046 0.0177374 0.999795 0.00979183 -0.286832 -0.00017371 -0.00979029 0.999952 0.331517 0 0 0 1 
0.99984 -0.0178958 1.95729e-08 0.603357 0.017895 0.999792 0.00983327 -0.287966 -0.000175994 -0.0098317 0.999952 0.332926 0 0 0 1 
0.999837 -0.0180534 1.30881e-08 0.608669 0.0180525 0.999788 0.00987471 -0.289101 -0.000178285 -0.0098731 0.999951 0.334334 0 0 0 1 
0.999834 -0.0182109 7.41785e-11 0.613981 0.01821 0.999785 0.00991614 -0.290236 -0.000180582 -0.0099145 0.999951 0.335742 0 0 0 1 
0.999831 -0.0183712 1.29907e-08 0.619385 0.0183703 0.999782 0.00995633 -0.291327 -0.000182923 -0.00995465 0.99995 0.337108 0 0 0 1 
0.999828 -0.0185315 1.94643e-08 0.624789 0.0185306 0.999778 0.00999651 -0.292419 -0.00018527 -0.00999479 0.99995 0.338473 0 0 0 1 
0.999825 -0.0186918 1.9495e-08 0.630194 0.0186909 0.999775 0.0100367 -0.29351 -0.000187623 -0.0100349 0.99995 0.339839 0 0 0 1 
0.999822 -0.0188521 1.30828e-08 0.635598 0.0188511 0.999772 0.0100769 -0.294602 -0.000189983 -0.0100751 0.999949 0.341204 0 0 0 1 
0.999819 -0.0190124 2.27634e-10 0.641002 0.0190114 0.999768 0.0101171 -0.295693 -0.00019235 -0.0101152 0.999949 0.34257 0 0 0 1 
0.999816 -0.0191764 1.22533e-08 0.64653 0.0191754 0.999765 0.0101538 -0.296674 -0.000194724 -0.0101519 0.999948 0.343817 0 0 0 1 
0.999813 -0.0193403 1.82611e-08 0.652059 0.0193393 0.999761 0.0101904 -0.297655 -0.000197105 -0.0101885 0.999948 0.345064 0 0 0 1 
0.99981 -0.0195043 1.82511e-08 0.657587 0.0195033 0.999757 0.0102271 -0.298635 -0.000199492 -0.0102252 0.999948 0.346311 0 0 0 1 
0.999807 -0.0196683 1.22233e-08 0.663116 0.0196673 0.999754 0.0102638 -0.299616 -0.000201884 -0.0102618 0.999947 0.347558 0 0 0 1 
0.999803 -0.0198323 1.77772e-10 0.668644 0.0198312 0.99975 0.0103005 -0.300597 -0.000204283 -0.0102985 0.999947 0.348805 0 0 0 1 
0.9998 -0.0199988 1.14749e-08 0.674259 0.0199978 0.999747 0.0103345 -0.301491 -0.00020669 -0.0103324 0.999947 0.34996 0 0 0 1 
0.999797 -0.0201654 1.71075e-08 0.679875 0.0201643 0.999743 0.0103685 -0.302385 -0.000209102 -0.0103664 0.999946 0.351116 0 0 0 1 
0.999793 -0.020332 1.70755e-08 0.68549 0.0203309 0.999739 0.0104025 -0.30328 -0.000211521 -0.0104004 0.999946 0.352271 0 0 0 1 
0.99979 -0.0204985 1.13789e-08 0.691106 0.0204974 0.999735 0.0104365 -0.304174 -0.000213944 -0.0104343 0.999946 0.353427 0 0 0 1 
0.999786 -0.0206651 1.77476e-11 0.696721 0.0206639 0.999732 0.0104705 -0.305068 -0.000216374 -0.0104683 0.999945 0.354582 0 0 0 1 
0.999783 -0.0208328 1.0063e-08 0.702375 0.0208316 0.999728 0.0105004 -0.305835 -0.000218763 -0.0104981 0.999945 0.355598 0 0 0 1 
0.999779 -0.0210004 1.50928e-08 0.708029 0.0209993 0.999724 0.0105303 -0.306602 -0.000221157 -0.010528 0.999945 0.356614 0 0 0 1 
0.999776 -0.0211681 1.5107e-08 0.713682 0.021167 0.99972 0.0105602 -0.30737 -0.000223555 -0.0105579 0.999944 0.35763 0 0 0 1 
0.999772 -0.0213358 1.01057e-08 0.719336 0.0213346 0.999716 0.0105901 -0.308137 -0.000225959 -0.0105877 0.999944 0.358646 0 0 0 1 
0.999769 -0.0215035 8.88028e-11 0.72499 0.0215023 0.999712 0.01062 -0.308904 -0.000228368 -0.0106176 0.999944 0.359662 0 0 0 1 
0.999765 -0.0216749 8.93838e-09 0.730769 0.0216737 0.999708 0.0106462 -0.309552 -0.000230764 -0.0106437 0.999943 0.36055 0 0 0 1 
0.999761 -0.0218463 1.33068e-08 0.736548 0.0218451 0.999704 0.0106723 -0.310199 -0.000233164 -0.0106697 0.999943 0.361438 0 0 0 1 
0.999758 -0.0220178 1.31942e-08 0.742327 0.0220165 0.9997 0.0106984 -0.310847 -0.000235569 -0.0106958 0.999943 0.362325 0 0 0 1 
0.999754 -0.0221892 8.60043e-09 0.748106 0.0221879 0.999696 0.0107246 -0.311494 -0.000237978 -0.0107219 0.999942 0.363213 0 0 0 1 
0.99975 -0.0223606 -4.74446e-10 0.753885 0.0223593 0.999692 0.0107507 -0.312142 -0.000240391 -0.010748 0.999942 0.364101 0 0 0 1 
0.999746 -0.0225347 7.8525e-09 0.759754 0.0225334 0.999688 0.0107743 -0.312708 -0.000242803 -0.0107716 0.999942 0.364903 0 0 0 1 
0.999742 -0.0227088 1.20709e-08 0.765623 0.0227074 0.999684 0.0107979 -0.313273 -0.000245219 -0.0107951 0.999942 0.365704 0 0 0 1 
0.999738 -0.0228828 1.21807e-08 0.771493 0.0228815 0.99968 0.0108215 -0.313839 -0.000247638 -0.0108186 0.999941 0.366506 0 0 0 1 
0.999734 -0.0230569 8.18195e-09 0.777362 0.0230556 0.999675 0.0108451 -0.314404 -0.000250062 -0.0108422 0.999941 0.367307 0 0 0 1 
0.99973 -0.023231 7.46298e-11 0.783231 0.0232296 0.999671 0.0108687 -0.31497 -0.00025249 -0.0108657 0.999941 0.368109 0 0 0 1 
0.999726 -0.023406 6.38266e-09 0.789132 0.0234046 0.999667 0.0108866 -0.315362 -0.000254818 -0.0108836 0.999941 0.368718 0 0 0 1 
0.999722 -0.0235811 9.55199e-09 0.795033 0.0235797 0.999662 0.0109045 -0.315753 -0.00025715 -0.0109015 0.999941 0.369326 0 0 0 1 
0.999718 -0.0237561 9.58261e-09 0.800935 0.0237547 0.999658 0.0109224 -0.316145 -0.000259484 -0.0109194 0.99994 0.369935 0 0 0 1 
0.999714 -0.0239311 6.47452e-09 0.806836 0.0239297 0.999654 0.0109404 -0.316536 -0.000261822 -0.0109372 0.99994 0.370543 0 0 0 1 
0.999709 -0.0241062 2.27729e-10 0.812737 0.0241047 0.999649 0.0109583 -0.316928 -0.000264163 -0.0109551 0.99994 0.371152 0 0 0 1 
0.999705 -0.0242851 5.40513e-09 0.81877 0.0242836 0.999645 0.010973 -0.317217 -0.000266487 -0.0109698 0.99994 0.371652 0 0 0 1 
0.999701 -0.024464 7.94311e-09 0.824802 0.0244626 0.99964 0.0109878 -0.317505 -0.000268814 -0.0109845 0.99994 0.372152 0 0 0 1 
0.999696 -0.024643 7.84167e-09 0.830835 0.0246415 0.999636 0.0110025 -0.317794 -0.000271143 -0.0109992 0.999939 0.372653 0 0 0 1 
0.999692 -0.0248219 5.10081e-09 0.836867 0.0248204 0.999631 0.0110173 -0.318082 -0.000273475 -0.0110139 0.999939 0.373153 0 0 0 1 
0.999687 -0.0250008 -2.79475e-10 0.8429 0.0249993 0.999627 0.011032 -0.318371 -0.000275809 -0.0110286 0.999939 0.373653 0 0 0 1 
0.999683 -0.0251809 3.54544e-09 0.848972 0.0251794 0.999622 0.0110423 -0.318521 -0.000278058 -0.0110388 0.999939 0.374001 0 0 0 1 
0.999678 -0.025361 5.52069e-09 0.855045 0.0253595 0.999617 0.0110526 -0.31867 -0.000280309 -0.011049 0.999939 0.374349 0 0 0 1 
0.999674 -0.0255411 5.64628e-09 0.861117 0.0255395 0.999613 0.0110628 -0.31882 -0.000282562 -0.0110592 0.999939 0.374696 0 0 0 1 
0.999669 -0.0257212 3.92221e-09 0.86719 0.0257196 0.999608 0.0110731 -0.318969 -0.000284817 -0.0110694 0.999939 0.375044 0 0 0 1 
0.999665 -0.0259013 3.48484e-10 0.873262 0.0258997 0.999603 0.0110834 -0.319119 -0.000287074 -0.0110796 0.999939 0.375392 0 0 0 1 
0.99966 -0.0260839 2.59337e-09 0.87942 0.0260823 0.999598 0.0110895 -0.319139 -0.000289261 -0.0110857 0.999939 0.3756 0 0 0 1 
0.999655 -0.0262666 3.7148e-09 0.885577 0.026265 0.999593 0.0110957 -0.319159 -0.000291449 -0.0110918 0.999938 0.375807 0 0 0 1 
0.99965 -0.0264492 3.71277e-09 0.891735 0.0264476 0.999589 0.0111018 -0.319179 -0.000293638 -0.0110979 0.999938 0.376015 0 0 0 1 
0.999645 -0.0266319 2.58728e-09 0.897892 0.0266302 0.999584 0.011108 -0.319199 -0.000295828 -0.011104 0.999938 0.376222 0 0 0 1 
0.99964 -0.0268145 3.38329e-10 0.90405 0.0268129 0.999579 0.0111141 -0.319219 -0.00029802 -0.0111101 0.999938 0.37643 0 0 0 1 
0.999635 -0.026998 4.7301e-11 0.910235 0.0269963 0.999574 0.0111132 -0.319024 -0.000300034 -0.0111091 0.999938 0.376397 0 0 0 1 
0.999631 -0.0271814 -7.81172e-11 0.91642 0.0271798 0.999569 0.0111123 -0.318828 -0.000302048 -0.0111082 0.999938 0.376365 0 0 0 1 
0.999626 -0.0273649 -3.79259e-11 0.922606 0.0273632 0.999564 0.0111114 -0.318633 -0.000304062 -0.0111072 0.999938 0.376332 0 0 0 1 
0.99962 -0.0275484 1.67875e-10 0.928791 0.0275467 0.999559 0.0111105 -0.318437 -0.000306076 -0.0111063 0.999938 0.3763 0 0 0 1 
0.999615 -0.0277318 5.39285e-10 0.934976 0.0277301 0.999554 0.0111096 -0.318242 -0.000308089 -0.0111053 0.999938 0.376267 0 0 0 1 
0.99961 -0.0279179 -1.37871e-09 0.94125 0.0279162 0.999549 0.0111049 -0.317927 -0.000310025 -0.0111006 0.999938 0.376107 0 0 0 1 
0.999605 -0.028104 -2.43241e-09 0.947524 0.0281023 0.999543 0.0111003 -0.317612 -0.00031196 -0.0110959 0.999938 0.375947 0 0 0 1 
0.9996 -0.0282901 -2.62179e-09 0.953798 0.0282884 0.999538 0.0110957 -0.317298 -0.000313895 -0.0110912 0.999938 0.375786 0 0 0 1 
0.999594 -0.0284762 -1.94687e-09 0.960072 0.0284744 0.999533 0.011091 -0.316983 -0.000315828 -0.0110865 0.999938 0.375626 0 0 0 1 
0.999589 -0.0286623 -4.07646e-10 0.966346 0.0286605 0.999528 0.0110864 -0.316668 -0.00031776 -0.0110818 0.999939 0.375466 0 0 0 1 
0.999584 -0.028851 -3.60907e-09 0.972709 0.0288492 0.999522 0.0110778 -0.316227 -0.000319601 -0.0110732 0.999939 0.375171 0 0 0 1 
0.999578 -0.0290397 -5.1847e-09 0.979071 0.0290379 0.999517 0.0110692 -0.315787 -0.00032144 -0.0110645 0.999939 0.374876 0 0 0 1 
0.999573 -0.0292284 -5.13452e-09 0.985434 0.0292266 0.999512 0.0110605 -0.315346 -0.000323277 -0.0110558 0.999939 0.37458 0 0 0 1 
0.999567 -0.0294171 -3.45854e-09 0.991796 0.0294153 0.999506 0.0110519 -0.314906 -0.000325112 -0.0110471 0.999939 0.374285 0 0 0 1 
0.999562 -0.0296058 -1.56758e-10 0.998159 0.029604 0.999501 0.0110433 -0.314465 -0.000326946 -0.0110385 0.999939 0.37399 0 0 0 1 
0.999556 -0.0297954 -6.16519e-09 1.00455 0.0297936 0.999495 0.0110276 -0.313807 -0.000328566 -0.0110227 0.999939 0.373453 0 0 0 1 
0.99955 -0.029985 -9.19117e-09 1.01094 0.0299832 0.99949 0.0110119 -0.313149 -0.000330182 -0.0110069 0.999939 0.372916 0 0 0 1 
0.999545 -0.0301746 -9.2347e-09 1.01734 0.0301728 0.999484 0.0109962 -0.31249 -0.000331795 -0.0109911 0.99994 0.372378 0 0 0 1 
0.999539 -0.0303642 -6.29579e-09 1.02373 0.0303624 0.999479 0.0109804 -0.311832 -0.000333406 -0.0109754 0.99994 0.371841 0 0 0 1 
0.999533 -0.0305538 -3.74429e-10 1.03012 0.030552 0.999473 0.0109647 -0.311174 -0.000335013 -0.0109596 0.99994 0.371304 0 0 0 1 
0.999527 -0.0307445 -8.66392e-09 1.03655 0.0307426 0.999467 0.0109429 -0.310327 -0.000336424 -0.0109377 0.99994 0.370559 0 0 0 1 
0.999521 -0.0309351 -1.27869e-08 1.04298 0.0309333 0.999462 0.010921 -0.30948 -0.00033783 -0.0109158 0.99994 0.369814 0 0 0 1 
0.999515 -0.0311257 -1.27434e-08 1.0494 0.0311239 0.999456 0.0108992 -0.308634 -0.000339232 -0.0108939 0.999941 0.369068 0 0 0 1 
0.99951 -0.0313164 -8.53341e-09 1.05583 0.0313145 0.99945 0.0108773 -0.307787 -0.00034063 -0.010872 0.999941 0.368323 0 0 0 1 
0.999504 -0.031507 -1.56914e-10 1.06226 0.0315052 0.999445 0.0108555 -0.30694 -0.000342024 -0.0108501 0.999941 0.367578 0 0 0 1 
0.999497 -0.0316988 -1.06688e-08 1.06872 0.0316969 0.999439 0.0108278 -0.305913 -0.000343218 -0.0108224 0.999941 0.366634 0 0 0 1 
0.999491 -0.0318905 -1.58692e-08 1.07519 0.0318887 0.999433 0.0108001 -0.304886 -0.000344406 -0.0107946 0.999942 0.36569 0 0 0 1 
0.999485 -0.0320823 -1.57582e-08 1.08165 0.0320804 0.999427 0.0107724 -0.303859 -0.000345589 -0.0107669 0.999942 0.364747 0 0 0 1 
0.999479 -0.032274 -1.03358e-08 1.08812 0.0322722 0.999421 0.0107448 -0.302832 -0.000346766 -0.0107392 0.999942 0.363803 0 0 0 1 
0.999473 -0.0324658 3.97974e-10 1.09458 0.0324639 0.999415 0.0107171 -0.301805 -0.000347939 -0.0107114 0.999943 0.362859 0 0 0 1 
0.999467 -0.0326601 -1.22958e-08 1.10113 0.0326583 0.999409 0.0106848 -0.300631 -0.000348954 -0.0106791 0.999943 0.361757 0 0 0 1 
0.99946 -0.0328545 -1.87052e-08 1.10769 0.0328526 0.999403 0.0106524 -0.299457 -0.000349962 -0.0106467 0.999943 0.360655 0 0 0 1 
0.999454 -0.0330489 -1.88301e-08 1.11424 0.033047 0.999397 0.0106201 -0.298283 -0.000350964 -0.0106143 0.999944 0.359554 0 0 0 1 
0.999447 -0.0332432 -1.26706e-08 1.1208 0.0332414 0.999391 0.0105878 -0.297109 -0.00035196 -0.010582 0.999944 0.358452 0 0 0 1 
0.999441 -0.0334376 -2.26611e-10 1.12735 0.0334357 0.999385 0.0105555 -0.295935 -0.00035295 -0.0105496 0.999944 0.35735 0 0 0 1 
0.999434 -0.0336314 -1.61722e-08 1.13388 0.0336295 0.999379 0.0105146 -0.294501 -0.000353605 -0.0105087 0.999945 0.355957 0 0 0 1 
0.999428 -0.0338251 -2.41917e-08 1.14041 0.0338233 0.999373 0.0104737 -0.293067 -0.000354252 -0.0104678 0.999945 0.354564 0 0 0 1 
0.999421 -0.0340189 -2.4285e-08 1.14695 0.0340171 0.999367 0.0104329 -0.291633 -0.000354891 -0.0104268 0.999946 0.353172 0 0 0 1 
0.999415 -0.0342127 -1.64522e-08 1.15348 0.0342109 0.999361 0.010392 -0.290199 -0.000355522 -0.0103859 0.999946 0.351779 0 0 0 1 
0.999408 -0.0344065 -6.93319e-10 1.16001 0.0344046 0.999354 0.0103511 -0.288765 -0.000356145 -0.010345 0.999946 0.350386 0 0 0 1 
0.999401 -0.0346028 -1.89182e-08 1.16663 0.0346009 0.999348 0.0103044 -0.28715 -0.000356543 -0.0102983 0.999947 0.348797 0 0 0 1 
0.999394 -0.034799 -2.7975e-08 1.17325 0.0347972 0.999342 0.0102578 -0.285535 -0.000356932 -0.0102515 0.999947 0.347208 0 0 0 1 
0.999387 -0.0349953 -2.78637e-08 1.17986 0.0349935 0.999335 0.0102111 -0.283919 -0.000357312 -0.0102048 0.999948 0.345618 0 0 0 1 
0.999381 -0.0351916 -1.85842e-08 1.18648 0.0351898 0.999329 0.0101644 -0.282304 -0.000357683 -0.0101581 0.999948 0.344029 0 0 0 1 
