1 0.000792599 -0.000200003 -0.153876 -0.000792035 0.999996 0.00280529 0.0451923 0.000202226 -0.00280513 0.999996 0.102245 0 0 0 1 
0.999999 0.00136711 -0.000849437 -0.269497 -0.00136262 0.999985 0.00526049 0.0811131 0.000856616 -0.00525933 0.999986 0.177312 0 0 0 1 
0.999997 0.00173958 -0.00189723 -0.349399 -0.00172553 0.999971 0.00737869 0.108122 0.00191001 -0.00737539 0.999971 0.227423 0 0 0 1 
0.999993 0.00192245 -0.00330136 -0.393835 -0.00189222 0.999956 0.00913675 0.125834 0.00331878 -0.00913044 0.999953 0.253136 0 0 0 1 
0.999986 0.00192834 -0.00498941 -0.408085 -0.00187545 0.999942 0.0105844 0.135838 0.00500953 -0.0105748 0.999932 0.2587 0 0 0 1 
0.999975 0.0017934 -0.00689484 -0.39762 -0.00171217 0.999929 0.0117692 0.139372 0.00691546 -0.0117571 0.999907 0.248028 0 0 0 1 
0.999959 0.00151838 -0.00897469 -0.364602 -0.00140429 0.999918 0.0127042 0.137181 0.00899324 -0.0126911 0.999879 0.223019 0 0 0 1 
0.999937 0.0011393 -0.0111767 -0.314454 -0.000988995 0.999909 0.0134439 0.130566 0.011191 -0.013432 0.999847 0.187344 0 0 0 1 
0.999909 0.000665983 -0.013468 -0.250138 -0.000477159 0.999902 0.0140185 0.120449 0.013476 -0.0140108 0.999811 0.143181 0 0 0 1 
0.999875 0.000117512 -0.0158165 -0.175458 0.000111388 0.999895 0.0144706 0.107894 0.0158165 -0.0144706 0.99977 0.0931162 0 0 0 1 
0.999834 -0.000507378 -0.0182157 -0.0903349 0.000776957 0.99989 0.0147952 0.0929211 0.0182062 -0.0148069 0.999725 0.0371874 0 0 0 1 
0.999786 -0.00119769 -0.0206503 0.00318717 0.00150795 0.999886 0.0150157 0.0761047 0.0206299 -0.0150436 0.999674 -0.0232393 0 0 0 1 
0.999731 -0.00194842 -0.0231086 0.103631 0.0022989 0.999883 0.01515 0.0579288 0.0230764 -0.015199 0.999618 -0.0871395 0 0 0 1 
0.999669 -0.00275685 -0.0255876 0.210721 0.00314649 0.99988 0.0152 0.0384732 0.0255426 -0.0152755 0.999557 -0.154329 0 0 0 1 
0.999599 -0.0036279 -0.0280795 0.323504 0.0040553 0.999877 0.0151793 0.0182303 0.028021 -0.0152871 0.99949 -0.224041 0 0 0 1 
0.999522 -0.00455525 -0.0305872 0.442563 0.00501824 0.999874 0.0150771 -0.00311266 0.0305147 -0.0152234 0.999418 -0.296763 0 0 0 1 
0.999436 -0.00554174 -0.0331066 0.567443 0.0060377 0.999871 0.0148996 -0.0252899 0.0330198 -0.0150911 0.999341 -0.37212 0 0 0 1 
0.999343 -0.00658787 -0.0356374 0.698268 0.00711355 0.999867 0.0146442 -0.0482967 0.0355362 -0.0148881 0.999257 -0.450182 0 0 0 1 
0.999241 -0.00769373 -0.0381762 0.834628 0.00824546 0.999864 0.0143159 -0.0719394 0.0380609 -0.0146198 0.999168 -0.530653 0 0 0 1 
0.999131 -0.00885792 -0.0407223 0.976474 0.00943149 0.999859 0.0139145 -0.096187 0.0405933 -0.0142865 0.999074 -0.613512 0 0 0 1 
0.999012 -0.010082 -0.0432737 1.12363 0.0106728 0.999853 0.0134419 -0.120899 0.0431319 -0.0138905 0.998973 -0.698611 0 0 0 1 
0.998885 -0.0113652 -0.045829 1.2759 0.011968 0.999845 0.0129004 -0.145978 0.0456753 -0.0134344 0.998866 -0.785822 0 0 0 1 
0.998748 -0.0127074 -0.0483866 1.43317 0.0133167 0.999836 0.0122907 -0.171335 0.0482225 -0.0129196 0.998753 -0.875061 0 0 0 1 
0.998602 -0.0141073 -0.0509435 1.595 0.0147172 0.999824 0.0116179 -0.196799 0.0507707 -0.0123514 0.998634 -0.966045 0 0 0 1 
0.998447 -0.0155655 -0.0534986 1.76142 0.0161698 0.99981 0.0108804 -0.222327 0.053319 -0.0117285 0.998509 -1.0588 0 0 0 1 
0.998282 -0.0170838 -0.0560506 1.93259 0.0176753 0.999793 0.0100751 -0.247886 0.0558669 -0.0110485 0.998377 -1.15339 0 0 0 1 
0.998107 -0.018663 -0.0585968 2.10846 0.0192342 0.999773 0.00920027 -0.273399 0.0584118 -0.0103099 0.998239 -1.24982 0 0 0 1 
0.997923 -0.0203051 -0.0611355 2.28952 0.0208474 0.999749 0.00824635 -0.298939 0.0609526 -0.00950374 0.998095 -1.34839 0 0 0 1 
0.997729 -0.0220126 -0.0636623 2.47618 0.0225161 0.999721 0.00720268 -0.32455 0.063486 -0.00861975 0.997946 -1.4494 0 0 0 1 
0.997525 -0.0237898 -0.0661717 2.66914 0.0242429 0.999688 0.00605273 -0.350325 0.0660071 -0.00764194 0.99779 -1.55333 0 0 0 1 
0.997311 -0.0256391 -0.0686555 2.86946 0.0260276 0.99965 0.0047709 -0.376513 0.0685091 -0.00654501 0.997629 -1.66098 0 0 0 1 
0.997088 -0.0275637 -0.0710999 3.07821 0.0278706 0.999606 0.00332722 -0.403337 0.0709802 -0.00529913 0.997464 -1.77318 0 0 0 1 
0.996858 -0.0295621 -0.0734836 3.29617 0.0297665 0.999555 0.00168892 -0.431029 0.073401 -0.00387097 0.997295 -1.89071 0 0 0 1 
0.996623 -0.03163 -0.0757797 3.52439 0.0317071 0.999497 -0.000186448 -0.459949 0.0757475 -0.00221693 0.997125 -2.01467 0 0 0 1 
0.996385 -0.0337561 -0.077952 3.76314 0.0336764 0.99943 -0.00233733 -0.490359 0.0779865 -0.000296263 0.996954 -2.14582 0 0 0 1 
0.996151 -0.0359229 -0.0799586 4.01213 0.0356532 0.999353 -0.00479877 -0.522478 0.0800793 0.00192952 0.996787 -2.28474 0 0 0 1 
0.995924 -0.0381035 -0.0817537 4.27001 0.037608 0.999264 -0.00759306 -0.556403 0.0819828 0.00448752 0.996624 -2.4315 0 0 0 1 
0.995711 -0.0402639 -0.0832926 4.53433 0.0395064 0.999162 -0.0107235 -0.592067 0.0836545 0.00738692 0.996467 -2.58555 0 0 0 1 
0.995519 -0.0423676 -0.0845397 4.80199 0.0413139 0.999046 -0.0141759 -0.629296 0.0850597 0.0106197 0.996319 -2.74592 0 0 0 1 
0.995352 -0.044379 -0.0854707 5.06906 0.0429998 0.998914 -0.017912 -0.667691 0.0861728 0.0141535 0.99618 -2.91094 0 0 0 1 
0.995213 -0.0462669 -0.0860798 5.3318 0.0445397 0.998768 -0.0218799 -0.706852 0.086986 0.0179412 0.996048 -3.07879 0 0 0 1 
0.995105 -0.0480092 -0.0863755 5.58661 0.0459199 0.998606 -0.0260158 -0.746263 0.0875041 0.0219221 0.995923 -3.24743 0 0 0 1 
0.995027 -0.0495947 -0.0863823 5.83079 0.0471378 0.99843 -0.0302554 -0.785463 0.0877472 0.026033 0.995803 -3.41505 0 0 0 1 
0.994976 -0.0510221 -0.0861331 6.06242 0.0481997 0.99824 -0.0345376 -0.824003 0.0877437 0.0302125 0.995685 -3.58003 0 0 0 1 
0.99495 -0.0522974 -0.0856655 6.28054 0.049118 0.998039 -0.0388125 -0.861566 0.0875273 0.0344087 0.995568 -3.74122 0 0 0 1 
0.994946 -0.0534304 -0.0850159 6.48485 0.0499073 0.997826 -0.0430407 -0.897926 0.0871307 0.0385802 0.99545 -3.89778 0 0 0 1 
0.99496 -0.0544328 -0.0842149 6.67532 0.0505832 0.997604 -0.0471915 -0.932887 0.0865819 0.0426938 0.995329 -4.04908 0 0 0 1 
0.994989 -0.0553157 -0.0832879 6.85221 0.0511589 0.997375 -0.0512439 -0.966349 0.0859038 0.0467262 0.995207 -4.19468 0 0 0 1 
0.995031 -0.056093 -0.0822565 7.01645 0.0516493 0.997139 -0.0551915 -0.998329 0.0851171 0.0506687 0.995082 -4.33471 0 0 0 1 
0.995085 -0.0567759 -0.0811373 7.16879 0.0520662 0.996898 -0.0590294 -1.02884 0.084237 0.0545148 0.994953 -4.46919 0 0 0 1 
0.995146 -0.057383 -0.0799475 7.311 0.0524269 0.99665 -0.0627706 -1.058 0.0832817 0.0582745 0.994821 -4.59893 0 0 0 1 
0.995213 -0.0579327 -0.0787028 7.44475 0.0527484 0.996396 -0.0664268 -1.0859 0.0822674 0.0619574 0.994683 -4.72466 0 0 0 1 
0.995284 -0.0584515 -0.0774219 7.57269 0.0530542 0.996133 -0.0700252 -1.11265 0.0812156 0.0655874 0.994536 -4.84783 0 0 0 1 
0.995353 -0.0589665 -0.0761259 7.69784 0.0533676 0.995859 -0.0735983 -1.13845 0.0801505 0.0691937 0.994378 -4.9702 0 0 0 1 
0.995419 -0.0595095 -0.0748372 7.82337 0.053716 0.995569 -0.0771802 -1.16339 0.0790985 0.0728067 0.994205 -5.09366 0 0 0 1 
0.995476 -0.060116 -0.0735807 7.95299 0.0541296 0.995258 -0.0808121 -1.18759 0.07809 0.0764635 0.99401 -5.22049 0 0 0 1 
0.995521 -0.0608171 -0.0723801 8.08976 0.0546351 0.994922 -0.0845251 -1.21103 0.0771532 0.080192 0.993789 -5.35254 0 0 0 1 
0.995551 -0.0616472 -0.0712612 8.23715 0.0552609 0.994555 -0.0883568 -1.23371 0.0763201 0.0840258 0.993537 -5.49205 0 0 0 1 
0.995562 -0.0626325 -0.0702456 8.39762 0.0560291 0.994151 -0.0923296 -1.25545 0.0756175 0.087984 0.993248 -5.64048 0 0 0 1 
0.99555 -0.0637968 -0.0693536 8.57345 0.0569585 0.993705 -0.0964649 -1.27611 0.0750712 0.0920853 0.992917 -5.79931 0 0 0 1 
0.995514 -0.0651565 -0.0685981 8.76565 0.0580624 0.993214 -0.100766 -1.29528 0.0746981 0.0963309 0.992542 -5.969 0 0 0 1 
0.995453 -0.0667204 -0.0679888 8.97498 0.0593467 0.992675 -0.105236 -1.31268 0.0745122 0.100723 0.99212 -6.15002 0 0 0 1 
0.995364 -0.0684881 -0.0675257 9.20072 0.0608096 0.992085 -0.10986 -1.32785 0.0745154 0.105244 0.991651 -6.34168 0 0 0 1 
0.995249 -0.0704522 -0.0672044 9.44187 0.0624432 0.991445 -0.11462 -1.34045 0.0747047 0.109879 0.991134 -6.54326 0 0 0 1 
0.995107 -0.0725988 -0.0670128 9.69652 0.0642345 0.990755 -0.119492 -1.35005 0.0750683 0.114603 0.990571 -6.75329 0 0 0 1 
0.994941 -0.0749101 -0.0669361 9.96264 0.066167 0.990017 -0.124448 -1.35638 0.0755904 0.11939 0.989966 -6.97033 0 0 0 1 
0.994752 -0.077366 -0.0669564 10.2379 0.0682229 0.989235 -0.129461 -1.35917 0.0762514 0.124214 0.989321 -7.19267 0 0 0 1 
0.994541 -0.0799473 -0.0670558 10.5202 0.0703855 0.98841 -0.134506 -1.35824 0.077032 0.129052 0.988641 -7.41881 0 0 0 1 
0.994311 -0.0826338 -0.0672173 10.8074 0.0726372 0.987546 -0.139559 -1.35351 0.0779124 0.133882 0.98793 -7.64718 0 0 0 1 
0.994062 -0.0854104 -0.0674269 11.098 0.074965 0.986646 -0.144601 -1.3449 0.0788769 0.138687 0.98719 -7.87662 0 0 0 1 
0.993796 -0.0882637 -0.0676733 11.3907 0.0773577 0.985713 -0.149616 -1.33241 0.0799121 0.143453 0.986426 -8.10612 0 0 0 1 
0.993513 -0.0911844 -0.0679474 11.6841 0.0798077 0.98475 -0.154588 -1.31599 0.0810073 0.148162 0.98564 -8.33457 0 0 0 1 
0.993215 -0.0941631 -0.0682448 11.9776 0.0823071 0.98376 -0.159504 -1.2957 0.0821559 0.152804 0.984836 -8.56127 0 0 0 1 
0.992901 -0.0971957 -0.0685638 12.2705 0.0848525 0.982746 -0.16435 -1.27154 0.0833549 0.157366 0.984016 -8.78548 0 0 0 1 
0.992571 -0.100274 -0.0689051 12.562 0.0874377 0.981711 -0.169108 -1.24356 0.0846021 0.161827 0.983186 -9.00618 0 0 0 1 
0.992225 -0.103394 -0.0692752 12.8515 0.0900574 0.980662 -0.17376 -1.21188 0.0859012 0.16617 0.982348 -9.2227 0 0 0 1 
0.991863 -0.106543 -0.0696825 13.138 0.0927012 0.979604 -0.178276 -1.17669 0.0872553 0.170366 0.98151 -9.43365 0 0 0 1 
0.991486 -0.109708 -0.0701392 13.42 0.0953586 0.978549 -0.182614 -1.13819 0.088669 0.174371 0.98068 -9.63727 0 0 0 1 
0.991094 -0.112871 -0.0706628 13.6958 0.0980103 0.977511 -0.186728 -1.09683 0.0901497 0.178139 0.979867 -9.83162 0 0 0 1 
0.990689 -0.116002 -0.0712726 13.9628 0.100633 0.976506 -0.190551 -1.05317 0.0917025 0.181605 0.979087 -10.014 0 0 0 1 
0.990273 -0.119067 -0.0719899 14.218 0.103193 0.975556 -0.194013 -1.00805 0.0933307 0.184697 0.978354 -10.1813 0 0 0 1 
0.989852 -0.122019 -0.0728338 14.4573 0.105653 0.974689 -0.197026 -0.962496 0.0950312 0.187331 0.977689 -10.3298 0 0 0 1 
0.98943 -0.124812 -0.0738207 14.6769 0.107971 0.973929 -0.199513 -0.917678 0.0967977 0.189434 0.977111 -10.4563 0 0 0 1 
0.989016 -0.127393 -0.0749602 14.8729 0.110104 0.9733 -0.201404 -0.87489 0.0986163 0.190939 0.976636 -10.5577 0 0 0 1 
0.988614 -0.12972 -0.076253 15.0419 0.112017 0.972823 -0.202653 -0.835333 0.100469 0.191804 0.976277 -10.6318 0 0 0 1 
0.988233 -0.131756 -0.0776899 15.1815 0.113682 0.972508 -0.203235 -0.799977 0.102332 0.192012 0.976043 -10.6775 0 0 0 1 
0.987877 -0.133484 -0.0792536 15.2907 0.115088 0.972358 -0.203162 -0.769457 0.104182 0.191578 0.975932 -10.6951 0 0 0 1 
0.987549 -0.134902 -0.080922 15.3703 0.116236 0.972364 -0.202479 -0.744004 0.106 0.190551 0.975938 -10.6865 0 0 0 1 
0.98725 -0.136026 -0.0826686 15.4221 0.117144 0.972511 -0.201245 -0.723425 0.107771 0.188995 0.976046 -10.6542 0 0 0 1 
0.986979 -0.136889 -0.0844681 15.449 0.117842 0.972778 -0.199542 -0.707146 0.109484 0.18699 0.976242 -10.6015 0 0 0 1 
0.986731 -0.137528 -0.0862993 15.4547 0.118364 0.97314 -0.197455 -0.694474 0.111137 0.18462 0.976506 -10.532 0 0 0 1 
0.986504 -0.137989 -0.0881445 15.4431 0.118752 0.973575 -0.195064 -0.684499 0.112732 0.181964 0.976822 -10.4491 0 0 0 1 
0.986291 -0.138314 -0.0899921 15.4177 0.11904 0.974061 -0.192442 -0.676464 0.114275 0.179091 0.977173 -10.356 0 0 0 1 
0.98609 -0.13854 -0.0918343 15.3818 0.119261 0.974582 -0.18965 -0.669615 0.115774 0.17606 0.977548 -10.2554 0 0 0 1 
0.985896 -0.138697 -0.0936654 15.3376 0.119441 0.975124 -0.186729 -0.663356 0.117234 0.172907 0.977936 -10.1489 0 0 0 1 
0.985706 -0.138807 -0.0954838 15.2871 0.119598 0.975677 -0.183713 -0.657314 0.118662 0.169668 0.978331 -10.0381 0 0 0 1 
0.985519 -0.138879 -0.097287 15.2311 0.119741 0.976237 -0.180619 -0.651265 0.120059 0.166354 0.97873 -9.92373 0 0 0 1 
0.985336 -0.138918 -0.0990732 15.1699 0.119872 0.976801 -0.177454 -0.645105 0.121426 0.162976 0.979129 -9.80611 0 0 0 1 
0.985156 -0.13892 -0.100841 15.1033 0.119989 0.977369 -0.174221 -0.638868 0.122762 0.159535 0.97953 -9.68539 0 0 0 1 
0.984981 -0.138883 -0.102588 15.0311 0.120089 0.97794 -0.170915 -0.63257 0.124062 0.156029 0.97993 -9.56146 0 0 0 1 
0.984812 -0.138797 -0.104313 14.9527 0.120164 0.978516 -0.167533 -0.626336 0.125325 0.152454 0.980332 -9.43413 0 0 0 1 
0.984649 -0.138661 -0.106014 14.8679 0.120213 0.979096 -0.164074 -0.62012 0.126549 0.148811 0.980735 -9.30344 0 0 0 1 
0.984494 -0.138473 -0.107692 14.7766 0.120235 0.979679 -0.160538 -0.613939 0.127734 0.145101 0.981137 -9.1695 0 0 0 1 
0.984344 -0.138241 -0.109346 14.6793 0.120235 0.980263 -0.156933 -0.607594 0.128882 0.141329 0.981537 -9.03259 0 0 0 1 
0.984199 -0.137974 -0.110979 14.5769 0.120221 0.980844 -0.153271 -0.60096 0.130001 0.137507 0.981933 -8.89336 0 0 0 1 
0.984055 -0.13769 -0.112593 14.4705 0.120208 0.981417 -0.149566 -0.59369 0.131095 0.133647 0.98232 -8.75239 0 0 0 1 
0.98391 -0.137405 -0.114194 14.3615 0.120209 0.981978 -0.145838 -0.585556 0.132175 0.129764 0.982696 -8.61064 0 0 0 1 
0.98376 -0.137146 -0.115786 14.2518 0.120247 0.98252 -0.142108 -0.576167 0.133252 0.125877 0.983056 -8.46899 0 0 0 1 
0.983601 -0.136937 -0.117375 14.1431 0.120343 0.983038 -0.1384 -0.565158 0.134337 0.122005 0.983396 -8.32844 0 0 0 1 
0.983427 -0.136812 -0.118972 14.038 0.120525 0.983524 -0.13474 -0.552125 0.135445 0.118168 0.983713 -8.19021 0 0 0 1 
0.983232 -0.136802 -0.120585 13.9387 0.12082 0.983972 -0.131155 -0.536621 0.136595 0.114387 0.984001 -8.05537 0 0 0 1 
0.983008 -0.136948 -0.122229 13.8478 0.121265 0.984376 -0.127668 -0.518122 0.137803 0.110676 0.984257 -7.92488 0 0 0 1 
0.982749 -0.137291 -0.123917 13.7678 0.121894 0.984729 -0.124302 -0.49609 0.13909 0.107053 0.984476 -7.79974 0 0 0 1 
0.982446 -0.137871 -0.125666 13.7014 0.122746 0.985025 -0.121077 -0.469945 0.140477 0.103527 0.984656 -7.68066 0 0 0 1 
0.982089 -0.138731 -0.127494 13.6509 0.123858 0.985257 -0.118013 -0.43915 0.141986 0.100109 0.984793 -7.5685 0 0 0 1 
0.981672 -0.139905 -0.129411 13.6182 0.125263 0.985422 -0.115122 -0.403211 0.143631 0.0968012 0.984886 -7.46353 0 0 0 1 
0.981188 -0.141413 -0.131428 13.6045 0.126979 0.985515 -0.112413 -0.36189 0.14542 0.0936093 0.984932 -7.36609 0 0 0 1 
0.980634 -0.143263 -0.133543 13.6099 0.129014 0.985535 -0.109888 -0.31508 0.147354 0.0905307 0.984932 -7.27602 0 0 0 1 
0.980356 -0.144172 -0.1346 13.6111 0.130022 0.985544 -0.108614 -0.291902 0.148314 0.0889793 0.984929 -7.23061 0 0 0 1 
0.980011 -0.145436 -0.135746 13.6335 0.131352 0.985485 -0.107546 -0.263118 0.149416 0.0875653 0.984889 -7.19299 0 0 0 1 
0.979604 -0.147027 -0.136964 13.6753 0.132976 0.985362 -0.106674 -0.229192 0.150644 0.0862857 0.984815 -7.16267 0 0 0 1 
0.97914 -0.148913 -0.138238 13.7348 0.134866 0.985178 -0.105993 -0.190597 0.151973 0.0851386 0.984711 -7.13915 0 0 0 1 
0.978627 -0.151051 -0.139546 13.8095 0.136983 0.98494 -0.105489 -0.14797 0.153379 0.084119 0.984581 -7.12175 0 0 0 1 
0.978072 -0.153398 -0.140869 13.8971 0.139287 0.984654 -0.105145 -0.101936 0.154837 0.0832181 0.984429 -7.10965 0 0 0 1 
0.977483 -0.155916 -0.14219 13.995 0.141742 0.984325 -0.104946 -0.0530507 0.156323 0.0824288 0.98426 -7.10214 0 0 0 1 
0.976865 -0.158567 -0.143494 14.101 0.144314 0.983959 -0.104869 -0.0018367 0.157821 0.0817342 0.984079 -7.09822 0 0 0 1 
0.976226 -0.161319 -0.144772 14.2126 0.146977 0.983563 -0.104888 0.0513064 0.159312 0.0811164 0.98389 -7.09688 0 0 0 1 
0.975569 -0.164147 -0.146019 14.3284 0.149707 0.983141 -0.104987 0.106037 0.16079 0.0805624 0.983695 -7.09747 0 0 0 1 
0.974897 -0.167032 -0.147231 14.4464 0.15249 0.982696 -0.105141 0.16214 0.162245 0.0800503 0.983498 -7.09896 0 0 0 1 
0.974212 -0.169957 -0.148409 14.5654 0.155311 0.982234 -0.105329 0.219429 0.163674 0.079563 0.983301 -7.10062 0 0 0 1 
0.973517 -0.17291 -0.149554 14.6844 0.158161 0.981757 -0.105536 0.277736 0.165074 0.0790874 0.983105 -7.10194 0 0 0 1 
0.972813 -0.175881 -0.150666 14.802 0.161033 0.981268 -0.105741 0.336951 0.166442 0.0786041 0.982913 -7.1021 0 0 0 1 
0.972101 -0.178862 -0.151749 14.9178 0.16392 0.980769 -0.105935 0.396961 0.167778 0.0781045 0.982726 -7.10081 0 0 0 1 
0.971382 -0.181845 -0.152803 15.0308 0.166817 0.980263 -0.106101 0.457665 0.169081 0.0775742 0.982545 -7.09748 0 0 0 1 
0.970657 -0.184825 -0.153832 15.1407 0.16972 0.97975 -0.106233 0.518964 0.170352 0.0770072 0.98237 -7.09193 0 0 0 1 
0.969926 -0.1878 -0.154837 15.247 0.172628 0.979232 -0.106325 0.580802 0.171589 0.0763977 0.982202 -7.08396 0 0 0 1 
0.96919 -0.190764 -0.155819 15.3494 0.175537 0.97871 -0.10637 0.64308 0.172793 0.0757406 0.982042 -7.07339 0 0 0 1 
0.968449 -0.19372 -0.156778 15.4481 0.178447 0.978183 -0.106373 0.705768 0.173964 0.0750408 0.981889 -7.06045 0 0 0 1 
0.967703 -0.196664 -0.157715 15.5429 0.181357 0.977652 -0.10633 0.768815 0.175102 0.0742932 0.981743 -7.04497 0 0 0 1 
0.966952 -0.199599 -0.158629 15.634 0.184267 0.977117 -0.106248 0.832182 0.176207 0.0735066 0.981605 -7.0273 0 0 0 1 
0.966197 -0.202526 -0.15952 15.7217 0.18718 0.976576 -0.106129 0.895863 0.177277 0.0726828 0.981473 -7.00752 0 0 0 1 
0.965437 -0.205447 -0.160386 15.8063 0.190095 0.976029 -0.105981 0.959845 0.178315 0.0718294 0.981348 -6.98598 0 0 0 1 
0.964672 -0.208361 -0.161227 15.8877 0.193011 0.975475 -0.105804 1.02409 0.179319 0.0709477 0.981229 -6.96269 0 0 0 1 
0.963902 -0.211272 -0.162043 15.9663 0.195932 0.974915 -0.105604 1.08861 0.180289 0.0700429 0.981117 -6.93791 0 0 0 1 
0.963127 -0.214176 -0.162835 16.0425 0.198854 0.974346 -0.105387 1.15328 0.181229 0.0691205 0.981009 -6.91192 0 0 0 1 
0.962348 -0.217074 -0.163599 16.1146 0.20178 0.973773 -0.105128 1.21826 0.182128 0.0681588 0.98091 -6.88367 0 0 0 1 
0.961565 -0.219965 -0.164341 16.1846 0.204703 0.973192 -0.104856 1.28325 0.183 0.0671844 0.980815 -6.85453 0 0 0 1 
0.960779 -0.222844 -0.165058 16.2502 0.207628 0.972606 -0.104538 1.34841 0.183832 0.0661669 0.980728 -6.82305 0 0 0 1 
0.959989 -0.225712 -0.165758 16.3134 0.210548 0.972014 -0.1042 1.41347 0.184638 0.0651309 0.980646 -6.79053 0 0 0 1 
0.959196 -0.228564 -0.166435 16.3719 0.213465 0.97142 -0.10381 1.47854 0.185405 0.0640461 0.980573 -6.75555 0 0 0 1 
0.958401 -0.231399 -0.167099 16.4274 0.216371 0.970821 -0.103392 1.54335 0.186148 0.0629356 0.980504 -6.71935 0 0 0 1 
0.957606 -0.23421 -0.167742 16.4768 0.219271 0.970223 -0.102898 1.60805 0.186846 0.0617543 0.980446 -6.67981 0 0 0 1 
0.956808 -0.236999 -0.168376 16.5228 0.222159 0.969622 -0.10237 1.67236 0.187522 0.060542 0.980393 -6.63896 0 0 0 1 
0.95601 -0.23976 -0.168997 16.5633 0.225033 0.969021 -0.101773 1.7363 0.188163 0.0592661 0.980348 -6.59532 0 0 0 1 
0.955212 -0.242493 -0.169611 16.5991 0.227891 0.968421 -0.101121 1.79974 0.188776 0.057939 0.980309 -6.54957 0 0 0 1 
0.954413 -0.245194 -0.170221 16.6299 0.230731 0.967823 -0.100408 1.86259 0.189363 0.0565558 0.980277 -6.5016 0 0 0 1 
0.953617 -0.247858 -0.170825 16.6544 0.233551 0.967228 -0.0996173 1.92479 0.189917 0.0551005 0.980253 -6.4507 0 0 0 1 
0.952823 -0.250485 -0.171425 16.6727 0.23635 0.966637 -0.0987468 1.98629 0.19044 0.0535719 0.980236 -6.39692 0 0 0 1 
0.95203 -0.253073 -0.172026 16.6856 0.239126 0.96605 -0.0978103 2.04696 0.190939 0.0519825 0.980225 -6.3409 0 0 0 1 
0.951241 -0.255618 -0.172626 16.6918 0.241876 0.965467 -0.096791 2.10675 0.191406 0.0503174 0.98022 -6.28201 0 0 0 1 
0.950455 -0.258123 -0.173229 16.6926 0.2446 0.964889 -0.0957047 2.1656 0.19185 0.0485911 0.980221 -6.22096 0 0 0 1 
0.949672 -0.260586 -0.173832 16.6868 0.247299 0.964316 -0.0945392 2.22352 0.192264 0.0467929 0.980227 -6.15725 0 0 0 1 
0.948894 -0.263007 -0.174437 16.6755 0.249971 0.963747 -0.0933101 2.28042 0.192654 0.0449373 0.980237 -6.09159 0 0 0 1 
0.948119 -0.265389 -0.17504 16.6579 0.252619 0.963181 -0.0920074 2.33636 0.193013 0.0430155 0.980253 -6.02353 0 0 0 1 
0.947348 -0.267732 -0.175643 16.6351 0.255241 0.962619 -0.0906491 2.39128 0.193347 0.041045 0.980271 -5.95384 0 0 0 1 
0.946582 -0.270037 -0.176244 16.6063 0.25784 0.962059 -0.0892227 2.44523 0.19365 0.039014 0.980295 -5.88201 0 0 0 1 
0.945819 -0.272309 -0.176845 16.5736 0.260414 0.9615 -0.0877618 2.49815 0.193935 0.0369539 0.980318 -5.80944 0 0 0 1 
0.945062 -0.27454 -0.177442 16.5348 0.262963 0.960944 -0.086235 2.54999 0.194187 0.0348367 0.980346 -5.73487 0 0 0 1 
0.944311 -0.27673 -0.178039 16.4906 0.265482 0.960392 -0.0846548 2.60065 0.194414 0.0326743 0.980375 -5.65891 0 0 0 1 
0.943567 -0.278871 -0.178638 16.4408 0.267965 0.959845 -0.0830162 2.64997 0.194616 0.0304625 0.980406 -5.58146 0 0 0 1 
0.942835 -0.280952 -0.179243 16.3844 0.270403 0.959308 -0.0813078 2.69769 0.194793 0.0281921 0.980439 -5.50226 0 0 0 1 
0.942119 -0.282953 -0.179859 16.3213 0.272776 0.958785 -0.0795294 2.74338 0.194949 0.0258651 0.980472 -5.42155 0 0 0 1 
0.941426 -0.28485 -0.180492 16.2507 0.275059 0.958285 -0.0776738 2.7865 0.195088 0.0234783 0.980505 -5.33938 0 0 0 1 
0.940769 -0.286601 -0.181146 16.1701 0.277217 0.95782 -0.0757114 2.82625 0.195204 0.0210102 0.980538 -5.25502 0 0 0 1 
0.940161 -0.288158 -0.181829 16.0794 0.279199 0.957405 -0.0736476 2.8616 0.195306 0.0184741 0.980568 -5.16921 0 0 0 1 
0.939622 -0.289461 -0.182546 15.9779 0.280945 0.957058 -0.0714842 2.89137 0.195399 0.0158828 0.980595 -5.08261 0 0 0 1 
0.939171 -0.290446 -0.1833 15.8655 0.282385 0.9568 -0.0692328 2.91426 0.19549 0.0132604 0.980616 -4.99625 0 0 0 1 
0.938835 -0.291038 -0.184082 15.7411 0.283446 0.956652 -0.0668928 2.92894 0.195571 0.0106241 0.980632 -4.91061 0 0 0 1 
0.938629 -0.291188 -0.184892 15.6085 0.284062 0.956632 -0.0645298 2.93444 0.195664 0.0080487 0.980638 -4.82858 0 0 0 1 
0.938572 -0.290851 -0.185712 15.4683 0.284184 0.956752 -0.0621647 2.93002 0.195761 0.00556972 0.980636 -4.75105 0 0 0 1 
0.938671 -0.29001 -0.186523 15.323 0.283788 0.957018 -0.0598378 2.91557 0.195859 0.00323507 0.980627 -4.67939 0 0 0 1 
0.938923 -0.288684 -0.187309 15.1766 0.28288 0.957424 -0.0576076 2.89151 0.195965 0.00110307 0.98061 -4.61539 0 0 0 1 
0.939318 -0.286911 -0.188052 15.0309 0.281494 0.957957 -0.0554927 2.85876 0.196067 -0.000810146 0.98059 -4.55913 0 0 0 1 
0.939837 -0.284752 -0.188738 14.8887 0.279687 0.958598 -0.0535221 2.81855 0.196164 -0.00248555 0.980568 -4.51098 0 0 0 1 
0.940459 -0.282276 -0.189358 14.7502 0.277531 0.959325 -0.0516885 2.77232 0.196246 -0.00394189 0.980547 -4.46992 0 0 0 1 
0.941161 -0.279557 -0.189908 14.616 0.275101 0.960115 -0.0499836 2.72149 0.196307 -0.00520124 0.980529 -4.43497 0 0 0 1 
0.941919 -0.276659 -0.19039 14.4859 0.272466 0.960948 -0.0483922 2.66736 0.196343 -0.00629328 0.980515 -4.40502 0 0 0 1 
0.942716 -0.27364 -0.19081 14.3602 0.269687 0.961805 -0.0469057 2.611 0.196357 -0.00724019 0.980506 -4.37933 0 0 0 1 
0.943539 -0.270534 -0.19117 14.2362 0.266807 0.962676 -0.0454768 2.55322 0.196338 -0.00809657 0.980503 -4.35586 0 0 0 1 
0.944376 -0.267374 -0.191479 14.1136 0.263863 0.963552 -0.0440934 2.49461 0.196289 -0.0088834 0.980506 -4.33396 0 0 0 1 
0.945222 -0.264181 -0.191742 13.9926 0.260876 0.964425 -0.0427515 2.43558 0.196215 -0.00961115 0.980514 -4.3134 0 0 0 1 
0.946071 -0.260961 -0.191963 13.8715 0.257858 0.965294 -0.0414259 2.37633 0.196111 -0.0103073 0.980527 -4.2932 0 0 0 1 
0.946921 -0.257723 -0.192145 13.7499 0.25482 0.966156 -0.0401064 2.31708 0.195979 -0.0109849 0.980547 -4.27293 0 0 0 1 
0.947771 -0.254471 -0.192289 13.6269 0.251768 0.96701 -0.0387813 2.25794 0.195814 -0.0116565 0.980572 -4.25212 0 0 0 1 
0.94862 -0.251204 -0.192397 13.5025 0.248703 0.967856 -0.0374484 2.19893 0.19562 -0.0123255 0.980602 -4.23072 0 0 0 1 
0.949466 -0.247928 -0.192471 13.3769 0.245628 0.968691 -0.0361099 2.14014 0.195398 -0.0129911 0.980638 -4.20877 0 0 0 1 
0.950312 -0.244638 -0.192509 13.2489 0.242543 0.969518 -0.0347516 2.0816 0.195143 -0.0136669 0.98068 -4.18574 0 0 0 1 
0.951153 -0.241341 -0.192516 13.1209 0.239447 0.970335 -0.0334019 2.02328 0.194866 -0.0143271 0.980725 -4.16268 0 0 0 1 
0.951993 -0.238031 -0.192483 12.9896 0.236344 0.971142 -0.0320221 1.96535 0.194551 -0.0150075 0.980778 -4.13807 0 0 0 1 
0.952829 -0.234717 -0.192418 12.8584 0.233233 0.971937 -0.0306545 1.90769 0.194213 -0.0156698 0.980834 -4.11351 0 0 0 1 
0.953662 -0.231395 -0.192313 12.7252 0.230117 0.972723 -0.0292752 1.85047 0.193842 -0.0163358 0.980897 -4.08802 0 0 0 1 
0.954492 -0.22807 -0.19217 12.5913 0.226993 0.973497 -0.0278998 1.79364 0.19344 -0.0169913 0.980965 -4.06217 0 0 0 1 
0.955318 -0.224742 -0.191988 12.4569 0.223866 0.974259 -0.0265324 1.73725 0.193009 -0.0176327 0.981039 -4.03605 0 0 0 1 
0.956141 -0.221412 -0.19176 12.3209 0.220734 0.975009 -0.0251635 1.6814 0.192539 -0.0182681 0.981119 -4.00922 0 0 0 1 
0.956958 -0.218088 -0.19149 12.186 0.217602 0.975747 -0.0238266 1.62602 0.192042 -0.0188675 0.981205 -3.98288 0 0 0 1 
0.957771 -0.214771 -0.191177 12.0523 0.214469 0.976471 -0.0225255 1.57113 0.191516 -0.0194271 0.981297 -3.95714 0 0 0 1 
0.958578 -0.211466 -0.190813 11.9191 0.211339 0.977182 -0.0212543 1.51685 0.190954 -0.0199523 0.981396 -3.93165 0 0 0 1 
0.95938 -0.208174 -0.190402 11.7876 0.208213 0.977878 -0.0200301 1.46311 0.190359 -0.0204276 0.981502 -3.90702 0 0 0 1 
0.960176 -0.204901 -0.18994 11.6583 0.205094 0.978561 -0.0188594 1.40996 0.189733 -0.0208472 0.981614 -3.88342 0 0 0 1 
0.960965 -0.201649 -0.189429 11.5312 0.201983 0.979228 -0.0177453 1.35739 0.189073 -0.0212088 0.981734 -3.86093 0 0 0 1 
0.961747 -0.198423 -0.18887 11.4077 0.198883 0.979881 -0.0167066 1.30534 0.188385 -0.0214956 0.98186 -3.84023 0 0 0 1 
0.962522 -0.19522 -0.188259 11.2858 0.195796 0.980519 -0.0157169 1.25397 0.187659 -0.0217324 0.981994 -3.82026 0 0 0 1 
0.963288 -0.192044 -0.187602 11.1677 0.19272 0.981142 -0.0148035 1.20306 0.186907 -0.0218947 0.982134 -3.80212 0 0 0 1 
0.964047 -0.188894 -0.1869 11.0521 0.189658 0.981751 -0.0139524 1.15268 0.186125 -0.0219964 0.98228 -3.78528 0 0 0 1 
0.964799 -0.185771 -0.186151 10.9383 0.186612 0.982346 -0.0131526 1.10297 0.185308 -0.0220484 0.982433 -3.76926 0 0 0 1 
0.965543 -0.182672 -0.185361 10.8269 0.183578 0.982927 -0.0124108 1.05373 0.184463 -0.022045 0.982592 -3.75443 0 0 0 1 
0.966279 -0.179596 -0.184528 10.717 0.180558 0.983494 -0.0117151 1.00509 0.183586 -0.021998 0.982757 -3.74031 0 0 0 1 
0.967007 -0.176543 -0.183656 10.6084 0.177553 0.984049 -0.0110621 0.957011 0.18268 -0.0219116 0.982928 -3.72681 0 0 0 1 
0.967728 -0.173512 -0.182747 10.501 0.174562 0.984591 -0.0104501 0.90948 0.181744 -0.0217878 0.983104 -3.7139 0 0 0 1 
0.968442 -0.170498 -0.181799 10.3937 0.171583 0.98512 -0.0098625 0.862606 0.180775 -0.0216424 0.983286 -3.70094 0 0 0 1 
0.969148 -0.167504 -0.180815 10.2864 0.168619 0.985637 -0.00929796 0.816396 0.179775 -0.0214777 0.983473 -3.6879 0 0 0 1 
0.969847 -0.164527 -0.179799 10.1799 0.165666 0.986143 -0.0087663 0.770673 0.17875 -0.0212846 0.983664 -3.67524 0 0 0 1 
0.970539 -0.161565 -0.178749 10.0731 0.162725 0.986637 -0.00825401 0.725588 0.177694 -0.0210762 0.98386 -3.66239 0 0 0 1 
0.971224 -0.158618 -0.177665 9.96509 0.159798 0.987119 -0.00774535 0.681295 0.176605 -0.020868 0.984061 -3.64875 0 0 0 1 
0.971901 -0.155685 -0.176549 9.8566 0.156881 0.987591 -0.00725158 0.637632 0.175487 -0.0206494 0.984265 -3.63478 0 0 0 1 
0.972572 -0.152765 -0.175404 9.74756 0.153975 0.988052 -0.00677005 0.594594 0.174342 -0.0204235 0.984473 -3.62042 0 0 0 1 
0.973236 -0.149856 -0.174226 9.63697 0.151081 0.988501 -0.00628793 0.552361 0.173165 -0.0202026 0.984686 -3.60512 0 0 0 1 
0.973893 -0.146959 -0.173021 9.52571 0.148196 0.988941 -0.00581563 0.510762 0.171962 -0.0199772 0.984901 -3.58934 0 0 0 1 
0.974543 -0.144072 -0.171781 9.41183 0.145325 0.98937 -0.00532728 0.47017 0.170722 -0.0197724 0.985121 -3.57198 0 0 0 1 
0.975186 -0.141198 -0.170514 9.29737 0.142464 0.989788 -0.00484957 0.430249 0.169458 -0.019563 0.985343 -3.55414 0 0 0 1 
0.975822 -0.138338 -0.169217 9.1815 0.139618 0.990196 -0.004372 0.391203 0.168162 -0.0193594 0.985569 -3.53534 0 0 0 1 
0.976449 -0.135495 -0.167893 9.06533 0.136786 0.990593 -0.00390839 0.352867 0.166843 -0.019149 0.985797 -3.51616 0 0 0 1 
0.977069 -0.132672 -0.166537 8.9483 0.133972 0.990979 -0.0034536 0.315462 0.165493 -0.0189369 0.986029 -3.49624 0 0 0 1 
0.97768 -0.129874 -0.165149 8.83078 0.131182 0.991354 -0.00301245 0.279026 0.164113 -0.0187194 0.986264 -3.47574 0 0 0 1 
0.978281 -0.12711 -0.163736 8.71528 0.128417 0.991717 -0.00261955 0.243189 0.162713 -0.0184638 0.986501 -3.45603 0 0 0 1 
0.978873 -0.124382 -0.162289 8.60034 0.125685 0.992068 -0.00225723 0.20837 0.161282 -0.0181876 0.986741 -3.43623 0 0 0 1 
0.979453 -0.121698 -0.160815 8.48833 0.122986 0.992406 -0.00195777 0.174165 0.159832 -0.0178604 0.986983 -3.41767 0 0 0 1 
0.980023 -0.11906 -0.15931 8.37851 0.120325 0.992733 -0.0017118 0.140767 0.158356 -0.0174914 0.987227 -3.3999 0 0 0 1 
0.980582 -0.116467 -0.15778 8.27188 0.117701 0.993048 -0.00153206 0.10794 0.156862 -0.0170687 0.987473 -3.38351 0 0 0 1 
0.981131 -0.113916 -0.156223 8.16713 0.115112 0.993351 -0.00140064 0.075849 0.155343 -0.0166089 0.987721 -3.36778 0 0 0 1 
0.98167 -0.111401 -0.154641 8.06367 0.112554 0.993645 -0.00130681 0.044455 0.153803 -0.0161225 0.98797 -3.35241 0 0 0 1 
0.982202 -0.108908 -0.153033 7.95962 0.110018 0.993929 -0.00122273 0.01393 0.152237 -0.0156354 0.98822 -3.33637 0 0 0 1 
0.982727 -0.106425 -0.1514 7.85278 0.107497 0.994205 -0.00111325 -0.0155299 0.150641 -0.015181 0.988472 -3.31841 0 0 0 1 
0.983247 -0.103934 -0.149745 7.74072 0.104978 0.994474 -0.000940306 -0.0437111 0.149015 -0.0147953 0.988724 -3.29718 0 0 0 1 
0.983763 -0.101417 -0.148071 7.62183 0.102447 0.994738 -0.000675639 -0.0706055 0.147361 -0.0145048 0.988976 -3.27179 0 0 0 1 
0.984277 -0.0988559 -0.146374 7.49167 0.0998952 0.994998 -0.000251254 -0.0954599 0.145667 -0.0143748 0.989229 -3.23959 0 0 0 1 
0.98479 -0.0962362 -0.144661 7.34889 0.0973115 0.995254 0.000359669 -0.118174 0.14394 -0.0144314 0.989481 -3.19974 0 0 0 1 
0.985302 -0.0935424 -0.142933 7.1911 0.0946849 0.995507 0.00119699 -0.138384 0.142179 -0.014713 0.989732 -3.15081 0 0 0 1 
0.985812 -0.0907696 -0.14119 7.01581 0.092015 0.995755 0.00230368 -0.155412 0.140382 -0.0152626 0.98998 -3.09116 0 0 0 1 
0.986321 -0.0879108 -0.139435 6.82136 0.0892976 0.995998 0.00370869 -0.1688 0.13855 -0.0161091 0.990224 -3.01974 0 0 0 1 
0.986827 -0.0849699 -0.137671 6.6076 0.0865361 0.996234 0.00542059 -0.178223 0.136692 -0.0172627 0.990463 -2.93633 0 0 0 1 
0.987327 -0.0819509 -0.135903 6.37446 0.0837337 0.99646 0.0074447 -0.183353 0.134812 -0.01873 0.990694 -2.84084 0 0 0 1 
0.98782 -0.0788634 -0.134133 6.12235 0.0808981 0.996674 0.0097781 -0.183864 0.132916 -0.0205101 0.990915 -2.73344 0 0 0 1 
0.988305 -0.0757205 -0.132364 5.85198 0.0780393 0.996873 0.0124117 -0.179442 0.131011 -0.0225962 0.991123 -2.61457 0 0 0 1 
0.988779 -0.0725366 -0.130594 5.56377 0.0751696 0.997053 0.0153393 -0.169664 0.129097 -0.0249839 0.991317 -2.48448 0 0 0 1 
0.98924 -0.0693246 -0.128834 5.26064 0.0722951 0.997211 0.0185195 -0.154883 0.127191 -0.0276343 0.991493 -2.34505 0 0 0 1 
0.989688 -0.0660977 -0.127079 4.94279 0.0694271 0.997346 0.0219458 -0.134697 0.125291 -0.0305422 0.99165 -2.19653 0 0 0 1 
0.990121 -0.0628716 -0.125333 4.61251 0.0665756 0.997453 0.0255826 -0.109284 0.123405 -0.033674 0.991785 -2.04043 0 0 0 1 
0.990538 -0.059654 -0.123599 4.27144 0.0637441 0.997533 0.0294022 -0.0788572 0.12154 -0.0370026 0.991897 -1.87797 0 0 0 1 
0.990939 -0.0564569 -0.121869 3.91974 0.0609425 0.997582 0.0333954 -0.043119 0.119689 -0.0405198 0.991984 -1.70947 0 0 0 1 
0.991324 -0.0532858 -0.120153 3.56082 0.0581696 0.997602 0.0375098 -0.00291331 0.117866 -0.0441736 0.992047 -1.53719 0 0 0 1 
0.991694 -0.0501494 -0.118437 3.19361 0.0554337 0.997589 0.0417509 0.0422852 0.116058 -0.0479695 0.992083 -1.36075 0 0 0 1 
0.992049 -0.0470496 -0.116729 2.82126 0.0527311 0.997546 0.0460696 0.0915791 0.114275 -0.0518585 0.992095 -1.18224 0 0 0 1 
0.992389 -0.0439914 -0.115017 2.44336 0.0500651 0.99747 0.0504617 0.145181 0.112506 -0.055836 0.992081 -1.00165 0 0 0 1 
0.992715 -0.0409765 -0.1133 2.06113 0.0474347 0.997364 0.0549044 0.202731 0.110752 -0.0598788 0.992043 -0.819894 0 0 0 1 
0.993029 -0.0380051 -0.111577 1.67563 0.0448373 0.997228 0.0593762 0.263865 0.109011 -0.0639651 0.99198 -0.637771 0 0 0 1 
0.99333 -0.035077 -0.109845 1.28791 0.0422703 0.997063 0.0638568 0.32821 0.107283 -0.068074 0.991895 -0.456018 0 0 0 1 
0.993619 -0.0321944 -0.108097 0.897289 0.0397355 0.99687 0.0683493 0.39597 0.105558 -0.0722084 0.991788 -0.274404 0 0 0 1 
0.993897 -0.0293557 -0.106335 0.505622 0.0372284 0.99665 0.0728253 0.466477 0.103841 -0.0763395 0.99166 -0.0940348 0 0 0 1 
0.994165 -0.026561 -0.104552 0.11202 0.0347492 0.996403 0.0772912 0.539951 0.102123 -0.0804733 0.991511 0.0854488 0 0 0 1 
0.994423 -0.0238113 -0.102745 -0.283355 0.0322977 0.99613 0.0817403 0.616297 0.100401 -0.0846028 0.991343 0.263875 0 0 0 1 
0.994671 -0.0211032 -0.100919 -0.678836 0.0298687 0.995834 0.08615 0.694867 0.098681 -0.0887052 0.991158 0.440339 0 0 0 1 
0.99491 -0.0184404 -0.0990651 -1.07599 0.0274664 0.995514 0.0905357 0.776148 0.0969512 -0.0927959 0.990954 0.615566 0 0 0 1 
0.99514 -0.0158198 -0.097187 -1.47311 0.0250859 0.995173 0.0948746 0.859486 0.095217 -0.0968515 0.990734 0.788692 0 0 0 1 
0.995362 -0.0132423 -0.0952794 -1.87103 0.0227282 0.994811 0.0991735 0.945095 0.0934717 -0.100879 0.990498 0.960086 0 0 0 1 
0.995576 -0.0107061 -0.0933447 -2.26894 0.0203905 0.994429 0.103422 1.03262 0.0917174 -0.104868 0.990248 1.12935 0 0 0 1 
0.995783 -0.00821354 -0.0913766 -2.66753 0.0180751 0.994027 0.107624 1.12225 0.0899468 -0.108822 0.989983 1.29681 0 0 0 1 
0.995981 -0.00576116 -0.0893812 -3.06518 0.0157772 0.99361 0.111762 1.21336 0.0881661 -0.112723 0.989707 1.46174 0 0 0 1 
0.996172 -0.00335203 -0.087348 -3.46349 0.0135 0.993175 0.115849 1.30644 0.0863635 -0.116585 0.989419 1.62488 0 0 0 1 
0.996356 -0.00098253 -0.0852837 -3.86084 0.0112391 0.992726 0.119868 1.40087 0.0845456 -0.120389 0.98912 1.78555 0 0 0 1 
0.996533 0.00134546 -0.0831863 -4.25704 0.00899577 0.992265 0.123814 1.49654 0.0827094 -0.124133 0.988812 1.94374 0 0 0 1 
0.996703 0.00363464 -0.0810512 -4.65229 0.00676681 0.991791 0.127688 1.59345 0.08085 -0.127816 0.988497 2.0996 0 0 0 1 
0.996867 0.00587895 -0.0788756 -5.047 0.00455809 0.991307 0.131494 1.69174 0.078963 -0.131441 0.988174 2.25336 0 0 0 1 
0.997024 0.00807924 -0.0766692 -5.43832 0.00236771 0.990815 0.1352 1.79045 0.0770574 -0.134979 0.987848 2.40402 0 0 0 1 
0.997175 0.0102297 -0.0744188 -5.82859 0.000201444 0.990316 0.13883 1.89033 0.0751183 -0.138453 0.987516 2.55259 0 0 0 1 
0.997319 0.0123436 -0.072128 -6.21609 -0.00195466 0.989812 0.142364 1.99066 0.0731505 -0.141841 0.987183 2.69853 0 0 0 1 
0.997457 0.0144105 -0.0697994 -6.59986 -0.00409052 0.989307 0.145794 2.09121 0.071154 -0.145138 0.98685 2.84166 0 0 0 1 
0.997589 0.016437 -0.0674217 -6.98144 -0.00621313 0.988798 0.149132 2.19235 0.0691177 -0.148354 0.986516 2.98268 0 0 0 1 
0.997715 0.0184053 -0.0650064 -7.35823 -0.00830474 0.988291 0.152355 2.29341 0.0670493 -0.151467 0.986186 3.12081 0 0 0 1 
0.997835 0.0203258 -0.0625504 -7.73017 -0.0103757 0.987787 0.155463 2.39423 0.0649464 -0.154477 0.985859 3.25624 0 0 0 1 
0.997948 0.0222 -0.0600576 -8.09647 -0.0124272 0.987289 0.15845 2.49452 0.0628118 -0.157378 0.985539 3.38886 0 0 0 1 
0.998055 0.024015 -0.0575242 -8.45784 -0.014446 0.986796 0.161324 2.59457 0.0606388 -0.160179 0.985224 3.51907 0 0 0 1 
0.998156 0.0257839 -0.0549536 -8.81357 -0.0164445 0.98631 0.164081 2.694 0.0584319 -0.162874 0.984915 3.64682 0 0 0 1 
0.99825 0.0274968 -0.0523493 -9.16373 -0.0184115 0.985831 0.166725 2.79286 0.056192 -0.16547 0.984613 3.77222 0 0 0 1 
0.998338 0.0291564 -0.0497168 -9.50759 -0.0203486 0.985362 0.169255 2.89087 0.0539239 -0.167962 0.984318 3.8952 0 0 0 1 
0.998418 0.0307641 -0.0470593 -9.84532 -0.0222559 0.984902 0.171675 2.988 0.0516303 -0.170356 0.984029 4.0159 0 0 0 1 
0.998492 0.0323286 -0.0443713 -10.1787 -0.0241414 0.984449 0.174006 3.0847 0.0493067 -0.172672 0.983744 4.13499 0 0 0 1 
0.998558 0.0338355 -0.0416702 -10.5055 -0.0259883 0.984006 0.176231 3.18029 0.0469665 -0.174894 0.983466 4.25178 0 0 0 1 
0.998617 0.0352956 -0.0389545 -10.8266 -0.0278061 0.983572 0.178364 3.27495 0.0446101 -0.177035 0.983193 4.36668 0 0 0 1 
0.99867 0.0366979 -0.0362252 -11.143 -0.0295831 0.983145 0.180417 3.36897 0.0422356 -0.179105 0.982923 4.47995 0 0 0 1 
0.998714 0.0380655 -0.0334827 -11.455 -0.0313411 0.982726 0.182395 3.46225 0.0398473 -0.181111 0.982655 4.59179 0 0 0 1 
0.998751 0.0393974 -0.0307252 -11.7634 -0.0330789 0.982312 0.184308 3.55504 0.037443 -0.183062 0.982388 4.70249 0 0 0 1 
0.998781 0.0406759 -0.027962 -12.0675 -0.034777 0.981905 0.186154 3.64713 0.035028 -0.184954 0.982123 4.8118 0 0 0 1 
0.998803 0.0419234 -0.0251929 -12.3675 -0.036457 0.981504 0.187936 3.73845 0.0326059 -0.186793 0.981858 4.91988 0 0 0 1 
0.998818 0.0431305 -0.0224211 -12.6635 -0.0381085 0.98111 0.189658 3.82901 0.0301776 -0.18858 0.981594 5.02673 0 0 0 1 
0.998825 0.0442961 -0.0196437 -12.9563 -0.0397304 0.980722 0.191329 3.91904 0.0277401 -0.190323 0.981329 5.13263 0 0 0 1 
0.998825 0.0454318 -0.0168616 -13.2461 -0.0413336 0.980337 0.192951 4.00851 0.0252962 -0.192027 0.981064 5.23766 0 0 0 1 
0.998817 0.0465382 -0.0140753 -13.533 -0.0429182 0.979958 0.194526 4.0974 0.0228461 -0.193692 0.980796 5.34189 0 0 0 1 
0.998802 0.047606 -0.0112884 -13.817 -0.0444741 0.979583 0.196058 4.18572 0.0203915 -0.195321 0.980527 5.44526 0 0 0 1 
0.99878 0.0486459 -0.00849922 -14.0981 -0.0460118 0.979213 0.197547 4.27344 0.0179324 -0.196914 0.980257 5.54791 0 0 0 1 
0.99875 0.0496486 -0.00571134 -14.3765 -0.0475212 0.978848 0.198995 4.36054 0.0154703 -0.198475 0.979984 5.64978 0 0 0 1 
0.998713 0.0506312 -0.00291402 -14.6537 -0.0490209 0.978484 0.200416 4.44748 0.0129986 -0.200015 0.979707 5.75143 0 0 0 1 
0.998669 0.0515796 -0.00012264 -14.9275 -0.0504938 0.978126 0.201794 4.53355 0.0105284 -0.201519 0.979428 5.85218 0 0 0 1 
0.998617 0.0525089 0.00267678 -15.2003 -0.0519572 0.977769 0.203147 4.61945 0.00804975 -0.203005 0.979145 5.95276 0 0 0 1 
0.998558 0.0534052 0.00546886 -15.4697 -0.0533943 0.977418 0.204459 4.70445 0.00557382 -0.204456 0.97886 6.05249 0 0 0 1 
0.998491 0.0542813 0.00827168 -15.739 -0.0548211 0.977067 0.205755 4.78946 0.00308666 -0.205898 0.978569 6.15229 0 0 0 1 
0.998418 0.0551354 0.011068 -16.0049 -0.0562321 0.976721 0.207013 4.87359 0.000603332 -0.207307 0.978276 6.25137 0 0 0 1 
0.998337 0.0559641 0.0138647 -16.2693 -0.0576252 0.976378 0.208245 4.95725 -0.001883 -0.208697 0.977978 6.35011 0 0 0 1 
0.998248 0.0567755 0.0166677 -16.5327 -0.0590095 0.976036 0.209457 5.04069 -0.00437625 -0.210073 0.977676 6.4488 0 0 0 1 
0.998153 0.0575542 0.0194647 -16.7938 -0.0603671 0.975698 0.21064 5.12338 -0.00686844 -0.211425 0.97737 6.54694 0 0 0 1 
0.998049 0.0583264 0.0222688 -17.0541 -0.0617264 0.975361 0.211805 5.20588 -0.00936634 -0.212766 0.977058 6.64514 0 0 0 1 
0.997939 0.0590666 0.0250666 -17.312 -0.0630592 0.975028 0.212942 5.28761 -0.0118629 -0.214083 0.976743 6.74283 0 0 0 1 
0.997822 0.0597908 0.0278693 -17.5692 -0.0643839 0.974696 0.214062 5.36907 -0.0143652 -0.21539 0.976422 6.84055 0 0 0 1 
0.997697 0.0605016 0.0306725 -17.825 -0.0657015 0.974366 0.215162 5.45006 -0.0168686 -0.216682 0.976097 6.93811 0 0 0 1 
0.997565 0.061189 0.0334744 -18.0792 -0.0670022 0.974038 0.216241 5.53052 -0.0193737 -0.217957 0.975766 7.03547 0 0 0 1 
0.997425 0.0618614 0.0362804 -18.3328 -0.0682949 0.973711 0.217306 5.61069 -0.0218838 -0.219224 0.975429 7.13289 0 0 0 1 
0.997278 0.0625207 0.039087 -18.585 -0.0695809 0.973386 0.218351 5.69037 -0.0243953 -0.220477 0.975087 7.23023 0 0 0 1 
0.997124 0.0631592 0.041889 -18.8348 -0.0708511 0.973065 0.219373 5.76929 -0.0269054 -0.22171 0.974741 7.32728 0 0 0 1 
