0.999998 0.00204249 -3.35288e-12 -0.0819496 -0.00204245 0.999979 0.00622157 -0.185787 1.27075e-05 -0.00622156 0.999981 0.250204 0 0 0 1 
0.999997 0.00241554 -9.35379e-07 -0.0969173 -0.00241547 0.999969 0.00747522 -0.222881 1.89921e-05 -0.0074752 0.999972 0.300854 0 0 0 1 
0.999996 0.00278859 -1.40307e-06 -0.111885 -0.00278847 0.999958 0.00872887 -0.259974 2.57442e-05 -0.00872883 0.999962 0.351504 0 0 0 1 
0.999995 0.00316164 -1.40306e-06 -0.126853 -0.00316147 0.999945 0.00998249 -0.297068 3.29641e-05 -0.00998244 0.99995 0.402153 0 0 0 1 
0.999994 0.00353469 -9.35368e-07 -0.14182 -0.00353446 0.999931 0.0112361 -0.334161 4.06515e-05 -0.011236 0.999937 0.452803 0 0 0 1 
0.999992 0.00390774 1.50621e-11 -0.156788 -0.00390744 0.999914 0.0124897 -0.371255 4.88065e-05 -0.0124896 0.999922 0.503453 0 0 0 1 
0.999991 0.00423937 -8.42779e-07 -0.170094 -0.00423896 0.999896 0.0137603 -0.408509 5.91776e-05 -0.0137601 0.999905 0.555025 0 0 0 1 
0.99999 0.004571 -1.26418e-06 -0.183399 -0.00457047 0.999877 0.0150308 -0.445763 6.99699e-05 -0.0150306 0.999887 0.606597 0 0 0 1 
0.999988 0.00490263 -1.26418e-06 -0.196705 -0.00490196 0.999855 0.0163013 -0.483017 8.11834e-05 -0.0163011 0.999867 0.658168 0 0 0 1 
0.999986 0.00523426 -8.42778e-07 -0.21001 -0.00523343 0.999832 0.0175718 -0.520271 9.28181e-05 -0.0175716 0.999846 0.70974 0 0 0 1 
0.999985 0.00556588 1.67664e-11 -0.223316 -0.0055649 0.999807 0.0188423 -0.557525 0.000104874 -0.018842 0.999822 0.761312 0 0 0 1 
0.999983 0.00586006 -7.4916e-07 -0.235119 -0.00585886 0.99978 0.0201154 -0.594517 0.000118626 -0.0201151 0.999798 0.813228 0 0 0 1 
0.999981 0.00615424 -1.12374e-06 -0.246922 -0.0061528 0.999752 0.0213885 -0.631508 0.000132753 -0.0213881 0.999771 0.865143 0 0 0 1 
0.999979 0.00644841 -1.12372e-06 -0.258725 -0.00644673 0.999722 0.0226615 -0.6685 0.000147254 -0.0226611 0.999743 0.917059 0 0 0 1 
0.999977 0.00674259 -7.49109e-07 -0.270528 -0.00674064 0.999691 0.0239345 -0.705491 0.00016213 -0.023934 0.999714 0.968974 0 0 0 1 
0.999975 0.00703676 1.02571e-10 -0.282331 -0.00703452 0.999657 0.0252075 -0.742483 0.000177379 -0.0252069 0.999682 1.02089 0 0 0 1 
0.999973 0.0072878 -6.4218e-07 -0.292403 -0.00728523 0.999623 0.0264862 -0.779307 0.000193668 -0.0264855 0.999649 1.07328 0 0 0 1 
0.999972 0.00753884 -9.6334e-07 -0.302476 -0.00753591 0.999586 0.0277649 -0.816131 0.000210278 -0.0277641 0.999614 1.12567 0 0 0 1 
0.99997 0.00778988 -9.63377e-07 -0.312548 -0.00778657 0.999548 0.0290435 -0.852954 0.000227208 -0.0290426 0.999578 1.17805 0 0 0 1 
0.999968 0.00804092 -6.42291e-07 -0.322621 -0.0080372 0.999508 0.0303221 -0.889778 0.000244459 -0.0303211 0.99954 1.23044 0 0 0 1 
0.999966 0.00829196 -8.23901e-11 -0.332693 -0.00828782 0.999466 0.0316006 -0.926602 0.000262031 -0.0315995 0.999501 1.28283 0 0 0 1 
0.999964 0.0085042 -5.41247e-07 -0.341209 -0.00849958 0.999423 0.0328747 -0.962966 0.000280113 -0.0328735 0.999459 1.33527 0 0 0 1 
0.999962 0.00871644 -8.11856e-07 -0.349724 -0.00871133 0.999379 0.0341487 -0.999329 0.000298466 -0.0341474 0.999417 1.38771 0 0 0 1 
0.99996 0.00892868 -8.11908e-07 -0.35824 -0.00892304 0.999333 0.0354226 -1.03569 0.000317088 -0.0354212 0.999372 1.44015 0 0 0 1 
0.999958 0.00914092 -5.41403e-07 -0.366755 -0.00913474 0.999285 0.0366965 -1.07206 0.000335981 -0.036695 0.999326 1.49259 0 0 0 1 
0.999956 0.00935315 -3.43178e-10 -0.375271 -0.00934641 0.999235 0.0379703 -1.10842 0.000355143 -0.0379687 0.999279 1.54503 0 0 0 1 
0.999955 0.00952321 -4.33059e-07 -0.382094 -0.00951585 0.999184 0.0392422 -1.1444 0.000374144 -0.0392404 0.99923 1.59762 0 0 0 1 
0.999953 0.00969326 -6.49324e-07 -0.388916 -0.00968527 0.999132 0.040514 -1.18039 0.000393361 -0.040512 0.999179 1.65021 0 0 0 1 
0.999951 0.00986331 -6.49136e-07 -0.395739 -0.00985467 0.999078 0.0417857 -1.21637 0.000412794 -0.0417836 0.999127 1.7028 0 0 0 1 
0.99995 0.0100334 -4.32495e-07 -0.402561 -0.010024 0.999022 0.0430573 -1.25236 0.000432442 -0.0430552 0.999073 1.75539 0 0 0 1 
0.999948 0.0102034 5.97028e-10 -0.409384 -0.0101934 0.998965 0.0443289 -1.28834 0.000452306 -0.0443266 0.999017 1.80798 0 0 0 1 
0.999947 0.0103339 -3.28774e-07 -0.414621 -0.0103232 0.998907 0.0455888 -1.32367 0.000471439 -0.0455863 0.99896 1.86031 0 0 0 1 
0.999945 0.0104644 -4.93547e-07 -0.419857 -0.0104529 0.998847 0.0468485 -1.35901 0.000490736 -0.046846 0.998902 1.91264 0 0 0 1 
0.999944 0.0105949 -4.93722e-07 -0.425094 -0.0105827 0.998786 0.0481083 -1.39434 0.000510197 -0.0481055 0.998842 1.96498 0 0 0 1 
0.999942 0.0107255 -3.29299e-07 -0.43033 -0.0107124 0.998723 0.0493679 -1.42968 0.000529822 -0.049365 0.998781 2.01731 0 0 0 1 
0.999941 0.010856 -2.77659e-10 -0.435567 -0.010842 0.998659 0.0506274 -1.46501 0.00054961 -0.0506245 0.998718 2.06964 0 0 0 1 
0.99994 0.0109471 -2.28663e-07 -0.439224 -0.0109323 0.998594 0.0518774 -1.49977 0.000568135 -0.0518743 0.998653 2.1218 0 0 0 1 
0.999939 0.0110382 -3.4298e-07 -0.44288 -0.0110226 0.998527 0.0531274 -1.53452 0.000586774 -0.0531241 0.998588 2.17396 0 0 0 1 
0.999938 0.0111293 -3.43227e-07 -0.446537 -0.0111129 0.998459 0.0543772 -1.56928 0.000605526 -0.0543738 0.99852 2.22612 0 0 0 1 
0.999937 0.0112205 -2.29404e-07 -0.450193 -0.0112031 0.998389 0.055627 -1.60403 0.00062439 -0.0556235 0.998452 2.27828 0 0 0 1 
0.999936 0.0113116 -1.51214e-09 -0.45385 -0.0112933 0.998317 0.0568766 -1.63879 0.000643367 -0.056873 0.998381 2.33044 0 0 0 1 
0.999935 0.0113627 -1.27685e-07 -0.455901 -0.0113435 0.998246 0.058111 -1.67282 0.000660427 -0.0581073 0.99831 2.38218 0 0 0 1 
0.999935 0.0114138 -1.90647e-07 -0.457952 -0.0113937 0.998172 0.0593454 -1.70685 0.000677549 -0.0593415 0.998238 2.43392 0 0 0 1 
0.999934 0.011465 -1.90396e-07 -0.460002 -0.0114439 0.998098 0.0605796 -1.74087 0.000694734 -0.0605757 0.998163 2.48566 0 0 0 1 
0.999934 0.0115161 -1.26934e-07 -0.462053 -0.0114941 0.998022 0.0618138 -1.7749 0.00071198 -0.0618097 0.998088 2.5374 0 0 0 1 
0.999933 0.0115672 -2.59597e-10 -0.464104 -0.0115442 0.997944 0.0630479 -1.80893 0.000729288 -0.0630436 0.998011 2.58914 0 0 0 1 
0.999933 0.0115831 -3.90378e-08 -0.464741 -0.0115591 0.997866 0.0642655 -1.84221 0.00074443 -0.0642611 0.997933 2.6404 0 0 0 1 
0.999933 0.0115989 -5.84572e-08 -0.465377 -0.011574 0.997787 0.065483 -1.87549 0.000759591 -0.0654786 0.997854 2.69166 0 0 0 1 
0.999933 0.0116148 -5.85177e-08 -0.466014 -0.0115889 0.997706 0.0667004 -1.90877 0.00077477 -0.0666959 0.997773 2.74293 0 0 0 1 
0.999932 0.0116307 -3.92192e-08 -0.46665 -0.0116038 0.997623 0.0679177 -1.94205 0.000789967 -0.0679131 0.997691 2.79419 0 0 0 1 
0.999932 0.0116465 -5.61933e-10 -0.467287 -0.0116187 0.99754 0.0691349 -1.97533 0.000805182 -0.0691302 0.997607 2.84545 0 0 0 1 
0.999932 0.0116231 5.5517e-08 -0.466349 -0.0115944 0.997456 0.0703335 -2.00782 0.000817442 -0.0703288 0.997524 2.89613 0 0 0 1 
0.999933 0.0115998 8.34907e-08 -0.465411 -0.01157 0.997371 0.0715321 -2.04031 0.000829671 -0.0715273 0.997438 2.94681 0 0 0 1 
0.999933 0.0115764 8.33591e-08 -0.464472 -0.0115457 0.997285 0.0727305 -2.07279 0.000841872 -0.0727257 0.997352 2.9975 0 0 0 1 
0.999933 0.011553 5.51222e-08 -0.463534 -0.0115214 0.997197 0.0739289 -2.10528 0.000854044 -0.0739239 0.997264 3.04818 0 0 0 1 
0.999934 0.0115296 -1.21997e-09 -0.462596 -0.011497 0.997108 0.0751271 -2.13777 0.000866186 -0.0751221 0.997174 3.09886 0 0 0 1 
0.999934 0.0114722 1.34679e-07 -0.460295 -0.0114388 0.997019 0.0763056 -2.16944 0.000875262 -0.0763006 0.997084 3.1489 0 0 0 1 
0.999935 0.0114149 2.02802e-07 -0.457994 -0.0113806 0.996929 0.0774839 -2.20111 0.00088427 -0.0774789 0.996994 3.19894 0 0 0 1 
0.999936 0.0113576 2.03149e-07 -0.455692 -0.0113224 0.996837 0.0786622 -2.23279 0.000893208 -0.0786571 0.996901 3.24899 0 0 0 1 
0.999936 0.0113002 1.3572e-07 -0.453391 -0.0112642 0.996744 0.0798404 -2.26446 0.000902078 -0.0798353 0.996808 3.29903 0 0 0 1 
0.999937 0.0112429 5.15396e-10 -0.45109 -0.0112059 0.99665 0.0810184 -2.29613 0.00091088 -0.0810133 0.996713 3.34907 0 0 0 1 
0.999938 0.0111527 2.08995e-07 -0.447474 -0.011115 0.996556 0.0821721 -2.32688 0.000916236 -0.082167 0.996618 3.39826 0 0 0 1 
0.999939 0.0110626 3.13137e-07 -0.443858 -0.0110242 0.996461 0.0833256 -2.35762 0.000921487 -0.0833205 0.996522 3.44745 0 0 0 1 
0.99994 0.0109725 3.12941e-07 -0.440241 -0.0109333 0.996365 0.084479 -2.38837 0.000926632 -0.084474 0.996425 3.49665 0 0 0 1 
0.999941 0.0108823 2.08407e-07 -0.436625 -0.0108424 0.996268 0.0856324 -2.41911 0.000931673 -0.0856273 0.996327 3.54584 0 0 0 1 
0.999942 0.0107922 -4.6505e-10 -0.433009 -0.0107515 0.996169 0.0867856 -2.44986 0.000936609 -0.0867805 0.996227 3.59503 0 0 0 1 
0.999943 0.0106666 2.83451e-07 -0.42797 -0.0106253 0.996072 0.0879119 -2.47963 0.00093744 -0.087907 0.996128 3.64325 0 0 0 1 
0.999944 0.010541 4.25342e-07 -0.422931 -0.0104992 0.995973 0.0890382 -2.5094 0.000938129 -0.0890333 0.996028 3.69148 0 0 0 1 
0.999946 0.0104154 4.25208e-07 -0.417891 -0.010373 0.995873 0.0901644 -2.53918 0.000938675 -0.0901595 0.995927 3.7397 0 0 0 1 
0.999947 0.0102898 2.83049e-07 -0.412852 -0.0102469 0.995772 0.0912904 -2.56895 0.000939078 -0.0912855 0.995824 3.78793 0 0 0 1 
0.999948 0.0101642 -1.13463e-09 -0.407813 -0.0101207 0.995669 0.0924163 -2.59872 0.000939339 -0.0924115 0.99572 3.83615 0 0 0 1 
0.99995 0.0100082 3.44661e-07 -0.401553 -0.00996436 0.995568 0.0935189 -2.62762 0.000935612 -0.0935142 0.995618 3.88355 0 0 0 1 
0.999951 0.00985219 5.17683e-07 -0.395294 -0.00980803 0.995465 0.0946214 -2.65653 0.000931712 -0.0946168 0.995513 3.93094 0 0 0 1 
0.999953 0.00969618 5.17933e-07 -0.389034 -0.0096517 0.995361 0.0957238 -2.68543 0.000927639 -0.0957193 0.995408 3.97834 0 0 0 1 
0.999954 0.00954017 3.45411e-07 -0.382775 -0.00949538 0.995256 0.0968261 -2.71434 0.000923393 -0.0968217 0.995301 4.02573 0 0 0 1 
0.999956 0.00938416 1.15597e-10 -0.376515 -0.00933906 0.99515 0.0979282 -2.74324 0.000918974 -0.0979239 0.995193 4.07313 0 0 0 1 
0.999958 0.00919971 3.99724e-07 -0.369114 -0.00915455 0.995045 0.0990066 -2.77128 0.000910434 -0.0990024 0.995087 4.11967 0 0 0 1 
0.999959 0.00901526 5.99447e-07 -0.361714 -0.00897006 0.994938 0.100085 -2.79931 0.000901694 -0.100081 0.994979 4.1662 0 0 0 1 
0.999961 0.00883081 5.99286e-07 -0.354313 -0.00878557 0.994831 0.101163 -2.82735 0.000892755 -0.101159 0.99487 4.21274 0 0 0 1 
0.999963 0.00864636 3.9924e-07 -0.346913 -0.00860109 0.994722 0.102241 -2.85538 0.000883615 -0.102237 0.99476 4.25927 0 0 0 1 
0.999964 0.00846191 -6.9037e-10 -0.339512 -0.00841662 0.994613 0.103319 -2.88342 0.000874275 -0.103315 0.994648 4.30581 0 0 0 1 
0.999966 0.00824927 4.49569e-07 -0.330981 -0.00820427 0.994505 0.104372 -2.91056 0.000860542 -0.104368 0.994538 4.3514 0 0 0 1 
0.999968 0.00803664 6.74773e-07 -0.322449 -0.00799193 0.994395 0.105424 -2.9377 0.000846584 -0.105421 0.994427 4.397 0 0 0 1 
0.999969 0.00782401 6.74921e-07 -0.313918 -0.0077796 0.994285 0.106476 -2.96484 0.000832402 -0.106473 0.994315 4.44259 0 0 0 1 
0.999971 0.00761137 4.50013e-07 -0.305386 -0.00756729 0.994173 0.107529 -2.99198 0.000817994 -0.107526 0.994202 4.48819 0 0 0 1 
0.999973 0.00739874 4.89288e-11 -0.296855 -0.00735499 0.99406 0.108581 -3.01912 0.000803362 -0.108578 0.994088 4.53378 0 0 0 1 
0.999974 0.00715644 4.97996e-07 -0.287133 -0.00711338 0.99395 0.109602 -3.04524 0.000783867 -0.1096 0.993976 4.57818 0 0 0 1 
0.999976 0.00691414 7.46979e-07 -0.277412 -0.00687179 0.993839 0.110624 -3.07136 0.000764124 -0.110621 0.993862 4.62258 0 0 0 1 
0.999978 0.00667184 7.46998e-07 -0.26769 -0.00663021 0.993726 0.111645 -3.09747 0.000744133 -0.111642 0.993748 4.66699 0 0 0 1 
0.999979 0.00642954 4.98052e-07 -0.257969 -0.00638866 0.993612 0.112666 -3.12359 0.000723894 -0.112663 0.993633 4.71139 0 0 0 1 
0.999981 0.00618724 1.42074e-10 -0.248247 -0.00614713 0.993498 0.113687 -3.14971 0.000703406 -0.113684 0.993517 4.75579 0 0 0 1 
0.999982 0.00591999 5.3514e-07 -0.237524 -0.00588099 0.993385 0.114681 -3.17493 0.000678379 -0.114679 0.993402 4.79917 0 0 0 1 
0.999984 0.00565274 8.02613e-07 -0.226801 -0.00561489 0.993271 0.115675 -3.20015 0.000653086 -0.115674 0.993287 4.84256 0 0 0 1 
0.999985 0.00538549 8.02563e-07 -0.216079 -0.0053488 0.993156 0.11667 -3.22537 0.000627526 -0.116668 0.993171 4.88594 0 0 0 1 
0.999987 0.00511824 5.34988e-07 -0.205356 -0.00508275 0.99304 0.117664 -3.25059 0.000601699 -0.117662 0.993053 4.92933 0 0 0 1 
0.999988 0.00485099 -1.0993e-10 -0.194633 -0.00481671 0.992924 0.118658 -3.27581 0.000575607 -0.118656 0.992935 4.97271 0 0 0 1 
0.99999 0.00455951 5.67478e-07 -0.182938 -0.00452684 0.992809 0.119624 -3.30012 0.000544866 -0.119623 0.992819 5.01503 0 0 0 1 
0.999991 0.00426804 8.51255e-07 -0.171244 -0.00423699 0.992693 0.120591 -3.32444 0.000513842 -0.12059 0.992702 5.05735 0 0 0 1 
0.999992 0.00397656 8.51222e-07 -0.159549 -0.00394718 0.992577 0.121558 -3.34875 0.000482537 -0.121557 0.992584 5.09968 0 0 0 1 
0.999993 0.00368509 5.67379e-07 -0.147855 -0.00365739 0.992459 0.122524 -3.37307 0.000450949 -0.122523 0.992466 5.142 0 0 0 1 
0.999994 0.00339361 -2.7414e-10 -0.13616 -0.00336764 0.99234 0.12349 -3.39738 0.000419079 -0.12349 0.992346 5.18432 0 0 0 1 
0.999995 0.00307889 5.95015e-07 -0.123533 -0.00305504 0.992224 0.124429 -3.42078 0.000382512 -0.124428 0.992229 5.22554 0 0 0 1 
0.999996 0.00276417 8.9268e-07 -0.110905 -0.00274247 0.992107 0.125367 -3.44418 0.00034565 -0.125367 0.99211 5.26675 0 0 0 1 
0.999997 0.00244945 8.92721e-07 -0.0982777 -0.00242994 0.991988 0.126305 -3.46759 0.000308492 -0.126305 0.991991 5.30797 0 0 0 1 
0.999998 0.00213472 5.95137e-07 -0.0856502 -0.00211745 0.991869 0.127243 -3.49099 0.000271039 -0.127243 0.991872 5.34918 0 0 0 1 
0.999998 0.00182 -7.0546e-11 -0.0730228 -0.00180499 0.991749 0.128181 -3.51439 0.00023329 -0.128181 0.991751 5.3904 0 0 0 1 
0.999999 0.001483 6.18157e-07 -0.0595014 -0.00147067 0.991632 0.129091 -3.53688 0.000190828 -0.129091 0.991633 5.43047 0 0 0 1 
0.999999 0.001146 9.27281e-07 -0.04598 -0.00113639 0.991513 0.13 -3.55937 0.00014806 -0.13 0.991514 5.47055 0 0 0 1 
1 0.000808991 9.27302e-07 -0.0324586 -0.000802151 0.991394 0.13091 -3.58187 0.000104985 -0.13091 0.991394 5.51062 0 0 0 1 
1 0.000471988 6.1822e-07 -0.0189373 -0.00046795 0.991274 0.131819 -3.60436 6.1604e-05 -0.131819 0.991274 5.5507 0 0 0 1 
1 0.000134984 3.49568e-11 -0.00541588 -0.00013379 0.991152 0.132728 -3.62685 1.79161e-05 -0.132728 0.991153 5.59077 0 0 0 1 
1 -0.00022458 6.38217e-07 0.00901072 0.000222481 0.991034 0.133607 -3.64841 -3.06381e-05 -0.133607 0.991034 5.62964 0 0 0 1 
1 -0.000584145 9.57344e-07 0.0234373 0.00057871 0.990915 0.134487 -3.66998 -7.95084e-05 -0.134487 0.990915 5.66851 0 0 0 1 
1 -0.00094371 9.57418e-07 0.0378639 0.000934894 0.990795 0.135366 -3.69154 -0.000128695 -0.135366 0.990796 5.70738 0 0 0 1 
0.999999 -0.00130327 6.38438e-07 0.0522905 0.00129103 0.990674 0.136245 -3.71311 -0.000178197 -0.136245 0.990675 5.74625 0 0 0 1 
0.999999 -0.00166284 4.03548e-10 0.0667171 0.00164713 0.990553 0.137124 -3.73467 -0.000228016 -0.137124 0.990554 5.78512 0 0 0 1 
0.999998 -0.002043 6.52312e-07 0.0819703 0.00202337 0.990434 0.137974 -3.75532 -0.000282527 -0.137973 0.990436 5.82277 0 0 0 1 
0.999997 -0.00242317 9.78139e-07 0.0972235 0.00239957 0.990314 0.138823 -3.77596 -0.000337361 -0.138823 0.990317 5.86042 0 0 0 1 
0.999996 -0.00280334 9.77884e-07 0.112477 0.00277572 0.990194 0.139673 -3.79661 -0.000392517 -0.139672 0.990198 5.89808 0 0 0 1 
0.999995 -0.0031835 6.51548e-07 0.12773 0.00315182 0.990073 0.140522 -3.81725 -0.000447996 -0.140521 0.990078 5.93573 0 0 0 1 
0.999994 -0.00356367 -8.70253e-10 0.142983 0.00352787 0.98995 0.141371 -3.8379 -0.000503798 -0.14137 0.989957 5.97338 0 0 0 1 
0.999992 -0.00396261 6.6291e-07 0.15899 0.00392225 0.989831 0.142194 -3.85774 -0.000564117 -0.142193 0.989839 6.00998 0 0 0 1 
0.99999 -0.00436156 9.9487e-07 0.174996 0.00431658 0.989711 0.143018 -3.87758 -0.000624764 -0.143016 0.98972 6.04658 0 0 0 1 
0.999989 -0.0047605 9.9501e-07 0.191003 0.00471085 0.98959 0.143841 -3.89741 -0.000685738 -0.143839 0.989601 6.08317 0 0 0 1 
0.999987 -0.00515945 6.6333e-07 0.207009 0.00510508 0.989468 0.144664 -3.91725 -0.000747041 -0.144662 0.989481 6.11977 0 0 0 1 
0.999985 -0.00555839 -1.69333e-10 0.223016 0.00549925 0.989345 0.145487 -3.93709 -0.000808671 -0.145484 0.98936 6.15637 0 0 0 1 
0.999982 -0.0059758 6.68763e-07 0.239763 0.00591142 0.989226 0.14628 -3.95602 -0.000874799 -0.146277 0.989243 6.1917 0 0 0 1 
0.99998 -0.00639321 1.00314e-06 0.256511 0.00632354 0.989106 0.147072 -3.97495 -0.000941257 -0.147069 0.989126 6.22704 0 0 0 1 
0.999977 -0.00681062 1.00297e-06 0.273258 0.00673561 0.988985 0.147865 -3.99388 -0.00100804 -0.147862 0.989008 6.26237 0 0 0 1 
0.999974 -0.00722803 6.68243e-07 0.290006 0.00714762 0.988863 0.148658 -4.01281 -0.00107516 -0.148654 0.988889 6.29771 0 0 0 1 
0.999971 -0.00764544 -1.03661e-09 0.306753 0.00755957 0.98874 0.14945 -4.03174 -0.00114261 -0.149446 0.988769 6.33304 0 0 0 1 
0.999967 -0.00808028 6.72808e-07 0.3242 0.00798849 0.988621 0.150216 -4.04986 -0.00121446 -0.150211 0.988653 6.36727 0 0 0 1 
0.999964 -0.00851512 1.00967e-06 0.341646 0.00841735 0.988501 0.150982 -4.06798 -0.00128663 -0.150977 0.988536 6.40149 0 0 0 1 
0.99996 -0.00894995 1.00956e-06 0.359093 0.00884615 0.98838 0.151748 -4.08611 -0.00135914 -0.151742 0.988419 6.43572 0 0 0 1 
0.999956 -0.00938479 6.72469e-07 0.376539 0.00927489 0.988258 0.152514 -4.10423 -0.00143198 -0.152508 0.988301 6.46994 0 0 0 1 
0.999952 -0.00981962 -1.60189e-09 0.393986 0.00970358 0.988135 0.15328 -4.12235 -0.00150515 -0.153273 0.988183 6.50417 0 0 0 1 
0.999947 -0.0102713 6.71896e-07 0.412109 0.0101486 0.988016 0.154015 -4.13957 -0.0015826 -0.154007 0.988068 6.53709 0 0 0 1 
0.999943 -0.010723 1.00937e-06 0.430232 0.0105936 0.987897 0.15475 -4.1568 -0.00166038 -0.154741 0.987954 6.57001 0 0 0 1 
0.999938 -0.0111747 1.01081e-06 0.448354 0.0110386 0.987777 0.155485 -4.17402 -0.00173849 -0.155475 0.987838 6.60292 0 0 0 1 
0.999932 -0.0116263 6.76231e-07 0.466477 0.0114835 0.987656 0.15622 -4.19125 -0.00181693 -0.156209 0.987722 6.63584 0 0 0 1 
0.999927 -0.012078 5.6232e-09 0.4846 0.0119283 0.987534 0.156955 -4.20847 -0.0018957 -0.156943 0.987606 6.66876 0 0 0 1 
0.999921 -0.0125452 6.77027e-07 0.503345 0.0123882 0.987415 0.157667 -4.22499 -0.00197863 -0.157654 0.987492 6.70071 0 0 0 1 
0.999915 -0.0130124 1.01155e-06 0.52209 0.012848 0.987295 0.158379 -4.2415 -0.00206189 -0.158365 0.987378 6.73266 0 0 0 1 
0.999909 -0.0134797 1.0092e-06 0.540836 0.0133078 0.987174 0.15909 -4.25802 -0.00214548 -0.159076 0.987264 6.7646 0 0 0 1 
0.999903 -0.0139469 6.69965e-07 0.559581 0.0137675 0.987053 0.159802 -4.27453 -0.0022294 -0.159787 0.987149 6.79655 0 0 0 1 
0.999896 -0.0144141 -6.14662e-09 0.578326 0.0142272 0.986931 0.160514 -4.29105 -0.00231366 -0.160497 0.987034 6.8285 0 0 0 1 
0.999889 -0.0148971 6.60825e-07 0.597704 0.0147021 0.986813 0.161194 -4.30667 -0.00240197 -0.161176 0.986923 6.8591 0 0 0 1 
0.999882 -0.01538 9.94811e-07 0.617082 0.015177 0.986695 0.161875 -4.32229 -0.00249062 -0.161855 0.986811 6.88969 0 0 0 1 
0.999874 -0.015863 9.95809e-07 0.636459 0.0156518 0.986575 0.162555 -4.33792 -0.00257959 -0.162534 0.9867 6.92029 0 0 0 1 
0.999866 -0.016346 6.63821e-07 0.655837 0.0161266 0.986455 0.163235 -4.35354 -0.00266889 -0.163213 0.986587 6.95088 0 0 0 1 
0.999858 -0.0168289 -1.15372e-09 0.675215 0.0166013 0.986335 0.163915 -4.36916 -0.00275851 -0.163892 0.986474 6.98148 0 0 0 1 
0.99985 -0.0173259 6.569e-07 0.695156 0.0170896 0.986218 0.164568 -4.38399 -0.00285194 -0.164543 0.986366 7.01089 0 0 0 1 
0.999841 -0.0178229 9.8597e-07 0.715097 0.0175778 0.9861 0.165221 -4.39882 -0.00294569 -0.165194 0.986257 7.04031 0 0 0 1 
0.999832 -0.0183199 9.86056e-07 0.735037 0.018066 0.985982 0.165873 -4.41366 -0.00303976 -0.165846 0.986147 7.06972 0 0 0 1 
0.999823 -0.0188169 6.57158e-07 0.754978 0.0185541 0.985862 0.166526 -4.42849 -0.00313415 -0.166497 0.986037 7.09914 0 0 0 1 
0.999813 -0.0193139 -7.22877e-10 0.774919 0.0190421 0.985743 0.167179 -4.44332 -0.00322887 -0.167147 0.985927 7.12855 0 0 0 1 
0.999803 -0.0198248 6.51657e-07 0.795416 0.0195435 0.985626 0.167808 -4.45746 -0.00332739 -0.167775 0.98582 7.15694 0 0 0 1 
0.999793 -0.0203356 9.77927e-07 0.815913 0.0200449 0.985509 0.168437 -4.47159 -0.00342624 -0.168402 0.985712 7.18534 0 0 0 1 
0.999783 -0.0208465 9.78089e-07 0.83641 0.0205463 0.985391 0.169066 -4.48573 -0.0035254 -0.169029 0.985605 7.21373 0 0 0 1 
0.999772 -0.0213574 6.52141e-07 0.856907 0.0210475 0.985272 0.169695 -4.49986 -0.00362488 -0.169656 0.985497 7.24213 0 0 0 1 
0.999761 -0.0218682 8.44243e-11 0.877404 0.0215487 0.985152 0.170324 -4.514 -0.00372468 -0.170283 0.985388 7.27052 0 0 0 1 
0.999749 -0.0223926 6.36371e-07 0.898444 0.022063 0.985038 0.170921 -4.52726 -0.003828 -0.170878 0.985285 7.29751 0 0 0 1 
0.999737 -0.022917 9.54662e-07 0.919484 0.0225773 0.984922 0.171519 -4.54052 -0.00393164 -0.171473 0.985181 7.32451 0 0 0 1 
0.999725 -0.0234414 9.54958e-07 0.940525 0.0230914 0.984806 0.172116 -4.55377 -0.00403558 -0.172068 0.985077 7.3515 0 0 0 1 
0.999713 -0.0239658 6.37258e-07 0.961565 0.0236056 0.984689 0.172713 -4.56703 -0.00413983 -0.172663 0.984972 7.3785 0 0 0 1 
0.9997 -0.0244902 1.56271e-09 0.982605 0.0241196 0.984572 0.17331 -4.58029 -0.0042444 -0.173258 0.984867 7.40549 0 0 0 1 
0.999687 -0.025027 6.27663e-07 1.00414 0.0246456 0.984458 0.173884 -4.59286 -0.0043524 -0.173829 0.984766 7.43145 0 0 0 1 
0.999673 -0.0255637 9.41072e-07 1.02567 0.0251715 0.984343 0.174457 -4.60544 -0.0044607 -0.1744 0.984665 7.45741 0 0 0 1 
0.999659 -0.0261005 9.41787e-07 1.04721 0.0256974 0.984228 0.17503 -4.61801 -0.00456931 -0.174971 0.984563 7.48336 0 0 0 1 
0.999645 -0.0266372 6.29811e-07 1.06874 0.0262232 0.984112 0.175604 -4.63059 -0.00467822 -0.175541 0.984461 7.50932 0 0 0 1 
0.999631 -0.027174 5.14151e-09 1.09028 0.0267489 0.983995 0.176177 -4.64316 -0.00478743 -0.176112 0.984358 7.53528 0 0 0 1 
0.999616 -0.0277227 6.13938e-07 1.1123 0.0272863 0.983882 0.176723 -4.65496 -0.00489984 -0.176655 0.984261 7.56 0 0 0 1 
0.9996 -0.0282715 9.18487e-07 1.13432 0.0278236 0.983769 0.177268 -4.66676 -0.00501253 -0.177197 0.984163 7.58471 0 0 0 1 
0.999585 -0.0288202 9.18791e-07 1.15633 0.0283608 0.983655 0.177813 -4.67855 -0.00512553 -0.17774 0.984064 7.60943 0 0 0 1 
0.999569 -0.029369 6.14848e-07 1.17835 0.0288979 0.983541 0.178359 -4.69035 -0.00523882 -0.178282 0.983966 7.63414 0 0 0 1 
0.999552 -0.0299177 6.65875e-09 1.20037 0.029435 0.983426 0.178904 -4.70215 -0.0053524 -0.178824 0.983867 7.65886 0 0 0 1 
0.999535 -0.0304778 6.01184e-07 1.22284 0.0299831 0.983314 0.179426 -4.71327 -0.0054691 -0.179342 0.983772 7.68252 0 0 0 1 
0.999518 -0.031038 8.98539e-07 1.24532 0.0305312 0.983202 0.179947 -4.72439 -0.00558609 -0.179861 0.983676 7.70618 0 0 0 1 
0.999501 -0.0315981 8.98723e-07 1.26779 0.0310791 0.98309 0.180469 -4.73552 -0.00570336 -0.180379 0.983581 7.72983 0 0 0 1 
0.999483 -0.0321582 6.01737e-07 1.29027 0.031627 0.982976 0.180991 -4.74664 -0.00582093 -0.180897 0.983485 7.75349 0 0 0 1 
0.999465 -0.0327183 7.58088e-09 1.31274 0.0321749 0.982862 0.181512 -4.75776 -0.00593878 -0.181415 0.983389 7.77715 0 0 0 1 
0.999446 -0.0332895 5.80232e-07 1.33565 0.0327334 0.982752 0.182006 -4.76812 -0.00605945 -0.181905 0.983297 7.79955 0 0 0 1 
0.999427 -0.0338607 8.65958e-07 1.35857 0.0332918 0.982642 0.182499 -4.77848 -0.0061804 -0.182395 0.983206 7.82195 0 0 0 1 
0.999407 -0.0344318 8.64758e-07 1.38148 0.0338502 0.982531 0.182993 -4.78884 -0.00630163 -0.182885 0.983114 7.84436 0 0 0 1 
0.999387 -0.0350029 5.76631e-07 1.4044 0.0344085 0.98242 0.183487 -4.7992 -0.00642313 -0.183374 0.983022 7.86676 0 0 0 1 
0.999367 -0.035574 1.57915e-09 1.42731 0.0349668 0.982308 0.18398 -4.80956 -0.00654492 -0.183864 0.98293 7.88916 0 0 0 1 
0.999346 -0.0361556 5.58512e-07 1.45064 0.0355351 0.982199 0.18445 -4.81925 -0.00666944 -0.184329 0.982842 7.91048 0 0 0 1 
0.999325 -0.0367371 8.37387e-07 1.47398 0.0361034 0.98209 0.184919 -4.82894 -0.00679423 -0.184795 0.982754 7.9318 0 0 0 1 
0.999303 -0.0373187 8.38202e-07 1.49731 0.0366716 0.981981 0.185389 -4.83862 -0.00691929 -0.18526 0.982665 7.95312 0 0 0 1 
0.999282 -0.0379002 5.60959e-07 1.52065 0.0372397 0.981871 0.185859 -4.84831 -0.00704462 -0.185725 0.982577 7.97444 0 0 0 1 
0.999259 -0.0384817 5.65605e-09 1.54398 0.0378078 0.98176 0.186328 -4.858 -0.00717022 -0.18619 0.982488 7.99576 0 0 0 1 
0.999236 -0.0390734 5.43255e-07 1.56772 0.0383857 0.981653 0.186773 -4.86702 -0.0072984 -0.186631 0.982403 8.01599 0 0 0 1 
0.999213 -0.039665 8.12379e-07 1.59145 0.0389635 0.981545 0.187219 -4.87605 -0.00742683 -0.187072 0.982318 8.03622 0 0 0 1 
0.999189 -0.0402566 8.13029e-07 1.61519 0.0395412 0.981437 0.187664 -4.88507 -0.00755553 -0.187512 0.982233 8.05645 0 0 0 1 
0.999165 -0.0408482 5.45205e-07 1.63892 0.0401189 0.981328 0.18811 -4.8941 -0.00768448 -0.187953 0.982148 8.07668 0 0 0 1 
0.999141 -0.0414398 8.90651e-09 1.66266 0.0406965 0.981219 0.188555 -4.90312 -0.00781369 -0.188393 0.982063 8.09691 0 0 0 1 
0.999116 -0.0420409 5.19654e-07 1.68678 0.0412833 0.981114 0.188973 -4.9114 -0.0079451 -0.188806 0.981982 8.11588 0 0 0 1 
0.99909 -0.042642 7.74432e-07 1.71089 0.0418701 0.981009 0.189391 -4.91968 -0.00807675 -0.189218 0.981902 8.13484 0 0 0 1 
0.999065 -0.043243 7.73242e-07 1.73501 0.0424568 0.980903 0.189808 -4.92796 -0.00820865 -0.189631 0.981821 8.15381 0 0 0 1 
0.999038 -0.0438441 5.16082e-07 1.75912 0.0430434 0.980796 0.190226 -4.93624 -0.00834079 -0.190043 0.98174 8.17277 0 0 0 1 
0.999012 -0.0444451 2.95397e-09 1.78324 0.04363 0.980689 0.190644 -4.94452 -0.00847319 -0.190455 0.981659 8.19174 0 0 0 1 
0.998984 -0.0450554 4.92236e-07 1.80772 0.0442255 0.980586 0.191037 -4.95214 -0.00860774 -0.190843 0.981583 8.2096 0 0 0 1 
0.998957 -0.0456656 7.36556e-07 1.8322 0.0448209 0.980482 0.191431 -4.95976 -0.00874253 -0.191231 0.981506 8.22747 0 0 0 1 
0.998929 -0.0462758 7.35914e-07 1.85669 0.0454162 0.980378 0.191825 -4.96739 -0.00887755 -0.191619 0.981429 8.24533 0 0 0 1 
0.9989 -0.0468859 4.90309e-07 1.88117 0.0460115 0.980273 0.192218 -4.97501 -0.00901281 -0.192007 0.981352 8.2632 0 0 0 1 
0.998871 -0.0474961 -2.58894e-10 1.90565 0.0466067 0.980168 0.192612 -4.98263 -0.0091483 -0.192394 0.981275 8.28106 0 0 0 1 
0.998842 -0.0481148 4.67054e-07 1.93048 0.0472103 0.980066 0.192982 -4.98961 -0.00928574 -0.192758 0.981202 8.29783 0 0 0 1 
0.998812 -0.0487336 7.00832e-07 1.9553 0.0478138 0.979964 0.193351 -4.99658 -0.0094234 -0.193122 0.98113 8.31461 0 0 0 1 
0.998781 -0.0493523 7.01075e-07 1.98013 0.0484173 0.979861 0.193721 -5.00356 -0.00956129 -0.193485 0.981057 8.33138 0 0 0 1 
0.998751 -0.049971 4.67783e-07 2.00495 0.0490207 0.979758 0.194091 -5.01053 -0.0096994 -0.193849 0.980983 8.34816 0 0 0 1 
0.99872 -0.0505897 9.55377e-10 2.02978 0.049624 0.979654 0.194461 -5.01751 -0.00983773 -0.194212 0.98091 8.36493 0 0 0 1 
0.998688 -0.0512167 4.39351e-07 2.05493 0.0502354 0.979554 0.194807 -5.02384 -0.0099778 -0.194551 0.980842 8.3806 0 0 0 1 
0.998655 -0.0518437 6.56306e-07 2.08009 0.0508468 0.979454 0.195153 -5.03017 -0.0101181 -0.19489 0.980773 8.39627 0 0 0 1 
0.998622 -0.0524706 6.51822e-07 2.10524 0.051458 0.979353 0.195499 -5.03649 -0.0102586 -0.19523 0.980704 8.41195 0 0 0 1 
0.998589 -0.0530976 4.25897e-07 2.1304 0.0520693 0.979252 0.195845 -5.04282 -0.0103993 -0.195568 0.980635 8.42762 0 0 0 1 
0.998556 -0.0537245 -2.14672e-08 2.15555 0.0526804 0.97915 0.196191 -5.04915 -0.0105402 -0.195907 0.980566 8.44329 0 0 0 1 
0.998521 -0.0543594 3.97364e-07 2.18102 0.0532994 0.979052 0.196513 -5.05484 -0.0106827 -0.196222 0.980501 8.45786 0 0 0 1 
0.998487 -0.0549942 6.07292e-07 2.20649 0.0539182 0.978953 0.196835 -5.06053 -0.0108254 -0.196537 0.980437 8.47243 0 0 0 1 
0.998452 -0.0556291 6.08316e-07 2.23197 0.0545371 0.978854 0.197157 -5.06621 -0.0109683 -0.196852 0.980372 8.48699 0 0 0 1 
0.998416 -0.0562639 4.00437e-07 2.25744 0.0551558 0.978754 0.197479 -5.0719 -0.0111113 -0.197166 0.980307 8.50156 0 0 0 1 
0.99838 -0.0568987 -1.63462e-08 2.28291 0.0557745 0.978654 0.197801 -5.07759 -0.0112546 -0.197481 0.980242 8.51613 0 0 0 1 
0.998343 -0.0575412 3.78439e-07 2.30869 0.0564007 0.978558 0.1981 -5.08264 -0.0113993 -0.197772 0.980182 8.5296 0 0 0 1 
0.998306 -0.0581836 5.7724e-07 2.33446 0.0570269 0.978461 0.198398 -5.08769 -0.0115441 -0.198062 0.980121 8.54307 0 0 0 1 
0.998268 -0.058826 5.80057e-07 2.36024 0.057653 0.978364 0.198697 -5.09275 -0.0116891 -0.198353 0.980061 8.55653 0 0 0 1 
0.99823 -0.0594684 3.86891e-07 2.38601 0.058279 0.978266 0.198995 -5.0978 -0.0118343 -0.198643 0.98 8.57 0 0 0 1 
0.998192 -0.0601108 -2.25926e-09 2.41179 0.058905 0.978168 0.199294 -5.10285 -0.0119797 -0.198933 0.97994 8.58347 0 0 0 1 
0.998152 -0.0607608 3.60085e-07 2.43787 0.0595385 0.978074 0.199568 -5.10726 -0.0121263 -0.199199 0.979884 8.59581 0 0 0 1 
0.998113 -0.0614107 5.4014e-07 2.46394 0.0601719 0.977979 0.199842 -5.11167 -0.012273 -0.199465 0.979828 8.60816 0 0 0 1 
0.998072 -0.0620607 5.37904e-07 2.49002 0.0608052 0.977883 0.200117 -5.11607 -0.0124199 -0.199731 0.979772 8.6205 0 0 0 1 
0.998032 -0.0627106 3.53378e-07 2.51609 0.0614385 0.977788 0.200391 -5.12048 -0.012567 -0.199996 0.979716 8.63285 0 0 0 1 
0.997991 -0.0633604 -1.34376e-08 2.54217 0.0620717 0.977691 0.200665 -5.12489 -0.0127142 -0.200262 0.97966 8.64519 0 0 0 1 
0.997949 -0.0640178 3.2302e-07 2.56854 0.0627124 0.977599 0.200915 -5.12865 -0.0128625 -0.200503 0.979609 8.6564 0 0 0 1 
0.997906 -0.0646752 4.91237e-07 2.59492 0.063353 0.977506 0.201165 -5.13242 -0.0130109 -0.200744 0.979557 8.66761 0 0 0 1 
0.997864 -0.0653326 4.91212e-07 2.62129 0.0639935 0.977413 0.201416 -5.13618 -0.0131595 -0.200985 0.979506 8.67883 0 0 0 1 
0.99782 -0.0659899 3.22947e-07 2.64767 0.064634 0.977319 0.201666 -5.13995 -0.0133082 -0.201226 0.979454 8.69004 0 0 0 1 
0.997777 -0.0666472 -1.35605e-08 2.67404 0.0652744 0.977225 0.201916 -5.14371 -0.0134571 -0.201467 0.979403 8.70125 0 0 0 1 
0.997732 -0.0673112 2.97818e-07 2.70068 0.0659216 0.977135 0.202142 -5.14684 -0.0136067 -0.201684 0.979356 8.71135 0 0 0 1 
0.997687 -0.0679752 4.55284e-07 2.72732 0.0665687 0.977044 0.202369 -5.14997 -0.0137565 -0.201901 0.979309 8.72145 0 0 0 1 
0.997642 -0.0686392 4.58838e-07 2.75396 0.0672157 0.976953 0.202595 -5.15311 -0.0139064 -0.202118 0.979263 8.73155 0 0 0 1 
0.997596 -0.0693031 3.08479e-07 2.7806 0.0678627 0.976861 0.202822 -5.15624 -0.0140565 -0.202334 0.979216 8.74165 0 0 0 1 
0.997549 -0.0699671 4.20888e-09 2.80724 0.0685095 0.976769 0.203048 -5.15937 -0.0142067 -0.202551 0.979169 8.75175 0 0 0 1 
0.997502 -0.0706372 2.79846e-07 2.83412 0.0691627 0.976681 0.203251 -5.16188 -0.0143574 -0.202744 0.979127 8.76075 0 0 0 1 
0.997454 -0.0713072 4.16097e-07 2.86101 0.0698157 0.976592 0.203455 -5.16439 -0.0145082 -0.202937 0.979084 8.76975 0 0 0 1 
0.997406 -0.0719773 4.12959e-07 2.88789 0.0704687 0.976503 0.203658 -5.16691 -0.0146591 -0.20313 0.979042 8.77876 0 0 0 1 
0.997358 -0.0726473 2.70435e-07 2.91478 0.0711216 0.976413 0.203861 -5.16942 -0.0148102 -0.203322 0.979 8.78776 0 0 0 1 
0.997309 -0.0733173 -1.14768e-08 2.94166 0.0717745 0.976323 0.204064 -5.17193 -0.0149614 -0.203515 0.978958 8.79676 0 0 0 1 
0.997259 -0.0739935 2.50048e-07 2.96879 0.0724336 0.976236 0.204248 -5.17391 -0.0151133 -0.203688 0.978919 8.80484 0 0 0 1 
0.997208 -0.0746697 3.84345e-07 2.99592 0.0730927 0.976148 0.204431 -5.17589 -0.0152652 -0.203861 0.978881 8.81293 0 0 0 1 
0.997157 -0.0753459 3.91414e-07 3.02305 0.0737516 0.97606 0.204615 -5.17786 -0.0154173 -0.204033 0.978843 8.82101 0 0 0 1 
0.997106 -0.076022 2.71256e-07 3.05018 0.0744106 0.975972 0.204799 -5.17984 -0.0155695 -0.204206 0.978804 8.8291 0 0 0 1 
0.997054 -0.0766981 2.38705e-08 3.07731 0.0750694 0.975883 0.204982 -5.18182 -0.0157218 -0.204379 0.978766 8.83718 0 0 0 1 
0.997002 -0.07738 2.41055e-07 3.10467 0.0757343 0.975798 0.205143 -5.18318 -0.0158742 -0.204528 0.978732 8.84416 0 0 0 1 
0.996949 -0.078062 3.46227e-07 3.13203 0.076399 0.975712 0.205303 -5.18454 -0.0160267 -0.204676 0.978698 8.85114 0 0 0 1 
0.996895 -0.0787438 3.39387e-07 3.15938 0.0770638 0.975626 0.205463 -5.18589 -0.0161793 -0.204825 0.978665 8.85811 0 0 0 1 
0.996841 -0.0794257 2.20533e-07 3.18674 0.0777284 0.975539 0.205623 -5.18725 -0.016332 -0.204974 0.978631 8.86509 0 0 0 1 
0.996786 -0.0801075 -1.03326e-08 3.2141 0.078393 0.975453 0.205784 -5.18861 -0.0164848 -0.205122 0.978598 8.87207 0 0 0 1 
0.996731 -0.0807947 1.8609e-07 3.24167 0.0790631 0.975369 0.205925 -5.18944 -0.0166378 -0.205252 0.978568 8.87814 0 0 0 1 
0.996675 -0.0814819 2.82995e-07 3.26924 0.0797331 0.975284 0.206066 -5.19027 -0.016791 -0.205381 0.978538 8.88422 0 0 0 1 
0.996618 -0.0821691 2.80384e-07 3.29681 0.0804031 0.975199 0.206207 -5.19111 -0.0169442 -0.20551 0.978508 8.89029 0 0 0 1 
0.996562 -0.0828562 1.78255e-07 3.32438 0.081073 0.975114 0.206349 -5.19194 -0.0170974 -0.205639 0.978479 8.89637 0 0 0 1 
0.996504 -0.0835433 -2.33899e-08 3.35195 0.0817428 0.975028 0.20649 -5.19277 -0.0172508 -0.205768 0.978449 8.90244 0 0 0 1 
0.996446 -0.0842359 1.47152e-07 3.37974 0.0824184 0.974946 0.206608 -5.19299 -0.017404 -0.205874 0.978424 8.90742 0 0 0 1 
0.996387 -0.0849285 2.33834e-07 3.40753 0.0830939 0.974864 0.206726 -5.19321 -0.0175572 -0.205979 0.978399 8.91239 0 0 0 1 
0.996328 -0.085621 2.36656e-07 3.43531 0.0837694 0.974781 0.206844 -5.19342 -0.0177104 -0.206084 0.978374 8.91737 0 0 0 1 
0.996268 -0.0863136 1.55619e-07 3.4631 0.0844447 0.974698 0.206962 -5.19364 -0.0178638 -0.20619 0.978349 8.92234 0 0 0 1 
0.996208 -0.087006 -9.27749e-09 3.49089 0.0851201 0.974614 0.20708 -5.19386 -0.0180172 -0.206295 0.978324 8.92732 0 0 0 1 
0.996147 -0.087704 1.24607e-07 3.51889 0.0858011 0.974534 0.207175 -5.19345 -0.0181702 -0.206376 0.978304 8.93118 0 0 0 1 
0.996085 -0.0884019 1.90857e-07 3.54689 0.0864821 0.974454 0.207269 -5.19304 -0.0183232 -0.206458 0.978284 8.93503 0 0 0 1 
0.996023 -0.0890998 1.89474e-07 3.57489 0.0871631 0.974373 0.207363 -5.19264 -0.0184762 -0.206539 0.978264 8.93889 0 0 0 1 
0.99596 -0.0897976 1.20455e-07 3.60289 0.087844 0.974292 0.207458 -5.19223 -0.0186293 -0.20662 0.978244 8.94274 0 0 0 1 
0.995897 -0.0904954 -1.61971e-08 3.63089 0.0885248 0.97421 0.207552 -5.19182 -0.0187825 -0.206701 0.978224 8.9466 0 0 0 1 
0.995833 -0.0911986 8.85394e-08 3.6591 0.0892112 0.974132 0.207627 -5.19087 -0.0189354 -0.206762 0.978208 8.94952 0 0 0 1 
0.995768 -0.0919017 1.39343e-07 3.68731 0.0898975 0.974053 0.207702 -5.18992 -0.0190883 -0.206823 0.978192 8.95243 0 0 0 1 
0.995703 -0.0926047 1.36213e-07 3.71551 0.0905837 0.973973 0.207776 -5.18897 -0.0192412 -0.206884 0.978176 8.95535 0 0 0 1 
0.995637 -0.0933077 7.91503e-08 3.74372 0.0912699 0.973893 0.207851 -5.18802 -0.0193942 -0.206944 0.97816 8.95826 0 0 0 1 
0.995571 -0.0940107 -3.18455e-08 3.77193 0.0919561 0.973813 0.207926 -5.18707 -0.0195472 -0.207005 0.978145 8.96118 0 0 0 1 
0.995504 -0.0947184 5.33997e-08 3.80032 0.0926472 0.973736 0.207978 -5.18551 -0.0196994 -0.207043 0.978134 8.96301 0 0 0 1 
0.995437 -0.095426 1.00992e-07 3.82871 0.0933383 0.973659 0.20803 -5.18395 -0.0198515 -0.20708 0.978123 8.96484 0 0 0 1 
0.995368 -0.0961336 1.10931e-07 3.8571 0.0940294 0.973581 0.208081 -5.1824 -0.0200037 -0.207118 0.978112 8.96668 0 0 0 1 
0.9953 -0.0968412 8.32162e-08 3.88549 0.0947204 0.973503 0.208133 -5.18084 -0.0201559 -0.207155 0.978101 8.96851 0 0 0 1 
0.995231 -0.0975487 1.78488e-08 3.91388 0.0954113 0.973425 0.208185 -5.17928 -0.0203082 -0.207192 0.978089 8.97034 0 0 0 1 
0.995161 -0.0982607 6.83327e-08 3.94245 0.096107 0.973349 0.208218 -5.1772 -0.0204597 -0.20721 0.978082 8.97128 0 0 0 1 
0.99509 -0.0989727 9.46105e-08 3.97101 0.0968027 0.973273 0.208251 -5.17513 -0.0206113 -0.207229 0.978075 8.97222 0 0 0 1 
0.995019 -0.0996846 9.66821e-08 3.99958 0.0974983 0.973197 0.208284 -5.17305 -0.0207628 -0.207247 0.978068 8.97316 0 0 0 1 
0.994948 -0.100396 7.45474e-08 4.02814 0.0981939 0.97312 0.208317 -5.17098 -0.0209144 -0.207265 0.978061 8.9741 0 0 0 1 
0.994875 -0.101108 2.82066e-08 4.05671 0.0988893 0.973042 0.20835 -5.1689 -0.021066 -0.207283 0.978054 8.97504 0 0 0 1 
0.994802 -0.101825 4.04794e-08 4.08544 0.0995897 0.972968 0.208361 -5.16621 -0.0212163 -0.207278 0.978052 8.9749 0 0 0 1 
0.994729 -0.102541 4.51407e-08 4.11418 0.10029 0.972894 0.208371 -5.16353 -0.0213666 -0.207273 0.97805 8.97475 0 0 0 1 
0.994655 -0.103257 4.21907e-08 4.14291 0.10099 0.97282 0.208381 -5.16084 -0.0215169 -0.207268 0.978048 8.97461 0 0 0 1 
0.99458 -0.103973 3.16293e-08 4.17165 0.101691 0.972745 0.208392 -5.15816 -0.0216672 -0.207262 0.978045 8.97446 0 0 0 1 
0.994505 -0.104689 1.34565e-08 4.20038 0.102391 0.972669 0.208402 -5.15547 -0.0218175 -0.207257 0.978043 8.97432 0 0 0 1 
0.994429 -0.105409 -1.49866e-09 4.22927 0.103095 0.972596 0.208394 -5.15227 -0.0219667 -0.207233 0.978045 8.9733 0 0 0 1 
0.994352 -0.10613 -1.03964e-08 4.25816 0.1038 0.972523 0.208386 -5.14907 -0.0221159 -0.207209 0.978047 8.97228 0 0 0 1 
0.994275 -0.10685 -1.32368e-08 4.28705 0.104504 0.972449 0.208378 -5.14586 -0.022265 -0.207185 0.978048 8.97125 0 0 0 1 
0.994198 -0.107569 -1.00197e-08 4.31594 0.105208 0.972375 0.208369 -5.14266 -0.0224142 -0.20716 0.97805 8.97023 0 0 0 1 
0.994119 -0.108289 -7.45309e-10 4.34483 0.105913 0.9723 0.208361 -5.13946 -0.0225633 -0.207136 0.978052 8.96921 0 0 0 1 
0.99404 -0.109014 -3.78169e-08 4.37388 0.106622 0.972229 0.208334 -5.13573 -0.0227112 -0.207093 0.978058 8.96729 0 0 0 1 
0.993961 -0.109738 -5.47483e-08 4.40293 0.107331 0.972157 0.208307 -5.132 -0.0228591 -0.207049 0.978063 8.96537 0 0 0 1 
0.99388 -0.110462 -5.15396e-08 4.43199 0.108039 0.972084 0.20828 -5.12828 -0.023007 -0.207005 0.978069 8.96346 0 0 0 1 
0.9938 -0.111186 -2.81907e-08 4.46104 0.108748 0.972011 0.208253 -5.12455 -0.0231548 -0.206962 0.978075 8.96154 0 0 0 1 
0.993718 -0.11191 1.52984e-08 4.49009 0.109457 0.971937 0.208226 -5.12082 -0.0233026 -0.206918 0.978081 8.95962 0 0 0 1 
0.993636 -0.112638 -5.88719e-08 4.51931 0.110171 0.971867 0.208175 -5.11646 -0.0234485 -0.206851 0.978092 8.95659 0 0 0 1 
0.993553 -0.113366 -9.51398e-08 4.54853 0.110884 0.971797 0.208125 -5.1121 -0.0235943 -0.206783 0.978102 8.95356 0 0 0 1 
0.99347 -0.114095 -9.35053e-08 4.57774 0.111597 0.971726 0.208074 -5.10775 -0.0237401 -0.206715 0.978113 8.95052 0 0 0 1 
0.993386 -0.114823 -5.39684e-08 4.60696 0.112311 0.971654 0.208024 -5.10339 -0.0238858 -0.206648 0.978124 8.94749 0 0 0 1 
0.993302 -0.115551 2.34709e-08 4.63618 0.113024 0.971583 0.207973 -5.09903 -0.0240315 -0.20658 0.978135 8.94446 0 0 0 1 
0.993216 -0.116283 -9.04789e-08 4.66554 0.113742 0.971514 0.207904 -5.09415 -0.0241756 -0.206494 0.978149 8.94055 0 0 0 1 
0.99313 -0.117015 -1.52478e-07 4.6949 0.11446 0.971444 0.207835 -5.08927 -0.0243196 -0.206407 0.978164 8.93664 0 0 0 1 
0.993044 -0.117746 -1.62528e-07 4.72426 0.115177 0.971374 0.207766 -5.08438 -0.0244636 -0.206321 0.978179 8.93272 0 0 0 1 
0.992957 -0.118478 -1.20627e-07 4.75362 0.115895 0.971303 0.207697 -5.0795 -0.0246075 -0.206234 0.978193 8.92881 0 0 0 1 
0.992869 -0.11921 -2.67762e-08 4.78298 0.116612 0.971232 0.207628 -5.07462 -0.0247513 -0.206148 0.978208 8.9249 0 0 0 1 
0.992781 -0.119945 -1.53492e-07 4.81246 0.117333 0.971164 0.207541 -5.06923 -0.0248934 -0.206043 0.978226 8.92014 0 0 0 1 
0.992692 -0.12068 -2.1451e-07 4.84194 0.118054 0.971095 0.207455 -5.06384 -0.0250354 -0.205938 0.978245 8.91538 0 0 0 1 
0.992602 -0.121414 -2.09829e-07 4.87142 0.118775 0.971026 0.207368 -5.05845 -0.0251772 -0.205834 0.978263 8.91063 0 0 0 1 
0.992512 -0.122149 -1.39449e-07 4.9009 0.119496 0.970956 0.207281 -5.05306 -0.0253191 -0.205729 0.978281 8.90587 0 0 0 1 
0.992421 -0.122884 -3.37086e-09 4.93038 0.120217 0.970885 0.207194 -5.04767 -0.0254608 -0.205624 0.9783 8.90111 0 0 0 1 
0.992329 -0.123622 -1.56406e-07 4.96 0.120942 0.970819 0.207085 -5.04167 -0.0256001 -0.205496 0.978323 8.8953 0 0 0 1 
0.992237 -0.12436 -2.26397e-07 4.98962 0.121667 0.970751 0.206976 -5.03567 -0.0257393 -0.205369 0.978346 8.88949 0 0 0 1 
