0.999992 -0.00129237 0.00384243 0.190577 0.00131244 0.999985 -0.00522462 -0.0667454 -0.00383563 0.00522962 0.999979 -0.414693 0 0 0 1 
0.999988 -0.00153567 0.00458166 0.226566 0.00156427 0.999979 -0.00624616 -0.0794609 -0.00457197 0.00625326 0.99997 -0.496614 0 0 0 1 
0.999984 -0.00177821 0.00532113 0.262555 0.00181686 0.999972 -0.00726751 -0.0921764 -0.00530806 0.00727707 0.999959 -0.578534 0 0 0 1 
0.99998 -0.00202 0.00606085 0.298543 0.0020702 0.999964 -0.00828867 -0.104892 -0.00604389 0.00830105 0.999947 -0.660455 0 0 0 1 
0.999974 -0.00226102 0.00680081 0.334532 0.00232429 0.999954 -0.00930963 -0.117607 -0.00677945 0.0093252 0.999934 -0.742375 0 0 0 1 
0.999968 -0.00250129 0.00754101 0.370521 0.00257913 0.999943 -0.0103304 -0.130323 -0.00751475 0.0103495 0.999918 -0.824296 0 0 0 1 
0.999962 -0.00272617 0.00824876 0.404193 0.00281956 0.999932 -0.0113312 -0.142542 -0.00821731 0.011354 0.999902 -0.905533 0 0 0 1 
0.999956 -0.00295035 0.00895672 0.437866 0.0030607 0.999919 -0.0123318 -0.154762 -0.00891962 0.0123587 0.999884 -0.98677 0 0 0 1 
0.999948 -0.00317381 0.00966491 0.471538 0.00330254 0.999906 -0.0133323 -0.166981 -0.00962168 0.0133635 0.999864 -1.06801 0 0 0 1 
0.99994 -0.00339656 0.0103733 0.505211 0.00354508 0.999891 -0.0143325 -0.179201 -0.0103235 0.0143684 0.999843 -1.14924 0 0 0 1 
0.999932 -0.0036186 0.0110819 0.538883 0.00378832 0.999875 -0.0153326 -0.19142 -0.0110251 0.0153735 0.999821 -1.23048 0 0 0 1 
0.999924 -0.00382601 0.0117574 0.570317 0.00401748 0.999859 -0.0163053 -0.203027 -0.0116934 0.0163513 0.999798 -1.31027 0 0 0 1 
0.999915 -0.00403275 0.0124331 0.601751 0.00424729 0.999842 -0.0172778 -0.214634 -0.0123614 0.0173291 0.999773 -1.39007 0 0 0 1 
0.999905 -0.00423884 0.0131089 0.633184 0.00447775 0.999823 -0.0182501 -0.22624 -0.0130292 0.0183071 0.999748 -1.46986 0 0 0 1 
0.999895 -0.00444426 0.013785 0.664618 0.00470886 0.999804 -0.0192223 -0.237847 -0.0136968 0.0192852 0.99972 -1.54966 0 0 0 1 
0.999885 -0.00464902 0.0144612 0.696052 0.00494062 0.999784 -0.0201943 -0.249454 -0.0143642 0.0202634 0.999691 -1.62945 0 0 0 1 
0.999874 -0.00483715 0.0151004 0.72502 0.00515586 0.999763 -0.021139 -0.260545 -0.0149946 0.0212142 0.999663 -1.70788 0 0 0 1 
0.999863 -0.00502468 0.0157398 0.753987 0.0053717 0.999742 -0.0220836 -0.271636 -0.0156247 0.0221651 0.999632 -1.78631 0 0 0 1 
0.999852 -0.00521159 0.0163793 0.782955 0.00558814 0.999719 -0.023028 -0.282728 -0.0162547 0.0231161 0.999601 -1.86475 0 0 0 1 
0.999841 -0.0053979 0.017019 0.811922 0.00580517 0.999696 -0.0239722 -0.293819 -0.0168845 0.0240672 0.999568 -1.94318 0 0 0 1 
0.999828 -0.0055836 0.0176589 0.84089 0.00602279 0.999671 -0.0249163 -0.30491 -0.017514 0.0250184 0.999534 -2.02161 0 0 0 1 
0.999817 -0.00575385 0.0182626 0.86754 0.00622467 0.999647 -0.0258289 -0.315428 -0.0181075 0.0259378 0.9995 -2.0982 0 0 0 1 
0.999804 -0.00592356 0.0188663 0.894189 0.00642708 0.999622 -0.0267413 -0.325946 -0.0187008 0.0268573 0.999464 -2.17479 0 0 0 1 
0.999792 -0.0060927 0.0194703 0.920839 0.00663004 0.999596 -0.0276536 -0.336464 -0.0192939 0.0277769 0.999428 -2.25137 0 0 0 1 
0.999779 -0.00626129 0.0200744 0.947488 0.00683354 0.999569 -0.0285657 -0.346982 -0.0198869 0.0286966 0.99939 -2.32796 0 0 0 1 
0.999766 -0.00642932 0.0206786 0.974138 0.00703758 0.999541 -0.0294777 -0.3575 -0.0204796 0.0296163 0.999352 -2.40455 0 0 0 1 
0.999753 -0.00658096 0.0212448 0.998376 0.00722452 0.999513 -0.0303595 -0.367537 -0.0210347 0.0305054 0.999313 -2.47941 0 0 0 1 
0.999739 -0.00673209 0.0218112 1.02261 0.00741195 0.999484 -0.0312411 -0.377575 -0.0215896 0.0313946 0.999274 -2.55427 0 0 0 1 
0.999726 -0.00688271 0.0223777 1.04685 0.00759987 0.999455 -0.0321226 -0.387612 -0.0221444 0.0322838 0.999233 -2.62913 0 0 0 1 
0.999712 -0.00703283 0.0229443 1.07109 0.00778828 0.999425 -0.033004 -0.39765 -0.022699 0.0331731 0.999192 -2.70399 0 0 0 1 
0.999698 -0.00718245 0.023511 1.09533 0.00797718 0.999394 -0.0338852 -0.407687 -0.0232534 0.0340625 0.999149 -2.77885 0 0 0 1 
0.999684 -0.00731605 0.0240388 1.1172 0.00814886 0.999363 -0.0347311 -0.4172 -0.0237694 0.034916 0.999108 -2.8515 0 0 0 1 
0.99967 -0.0074492 0.0245666 1.13906 0.00832097 0.999332 -0.0355769 -0.426714 -0.0242852 0.0357696 0.999065 -2.92416 0 0 0 1 
0.999656 -0.00758189 0.0250946 1.16093 0.00849352 0.9993 -0.0364225 -0.436227 -0.0248009 0.0366232 0.999021 -2.99681 0 0 0 1 
0.999642 -0.00771414 0.0256227 1.18279 0.0086665 0.999268 -0.0372681 -0.445741 -0.0253164 0.0374768 0.998977 -3.06947 0 0 0 1 
0.999627 -0.00784593 0.0261509 1.20466 0.00883993 0.999234 -0.0381135 -0.455254 -0.0258318 0.0383305 0.998931 -3.14212 0 0 0 1 
0.999613 -0.00796225 0.0266416 1.22426 0.00899644 0.999202 -0.0389267 -0.464325 -0.0263103 0.0391513 0.998887 -3.21275 0 0 0 1 
0.999599 -0.00807817 0.0271323 1.24385 0.00915335 0.999168 -0.0397398 -0.473396 -0.0267887 0.0399722 0.998842 -3.28339 0 0 0 1 
0.999585 -0.00819368 0.0276232 1.26345 0.00931065 0.999134 -0.0405528 -0.482466 -0.027267 0.0407932 0.998795 -3.35402 0 0 0 1 
0.99957 -0.00830878 0.0281142 1.28304 0.00946833 0.999099 -0.0413657 -0.491537 -0.0277451 0.0416141 0.998748 -3.42466 0 0 0 1 
0.999555 -0.00842349 0.0286052 1.30264 0.0096264 0.999064 -0.0421785 -0.500608 -0.0282231 0.0424351 0.998701 -3.49529 0 0 0 1 
0.999541 -0.00852211 0.0290561 1.31989 0.00976644 0.999029 -0.0429555 -0.509246 -0.0286619 0.0432195 0.998654 -3.56361 0 0 0 1 
0.999527 -0.00862039 0.0295072 1.33714 0.00990682 0.998994 -0.0437323 -0.517883 -0.0291005 0.044004 0.998607 -3.63193 0 0 0 1 
0.999513 -0.00871831 0.0299583 1.35438 0.0100475 0.998958 -0.0445091 -0.526521 -0.029539 0.0447884 0.99856 -3.70024 0 0 0 1 
0.999499 -0.00881587 0.0304094 1.37163 0.0101886 0.998922 -0.0452858 -0.535158 -0.0299774 0.0455729 0.998511 -3.76856 0 0 0 1 
0.999484 -0.00891308 0.0308607 1.38888 0.01033 0.998885 -0.0460624 -0.543796 -0.0304157 0.0463574 0.998462 -3.83688 0 0 0 1 
0.99947 -0.00899615 0.0312759 1.40405 0.0104552 0.998849 -0.0468053 -0.552025 -0.0308189 0.0471075 0.998414 -3.90296 0 0 0 1 
0.999456 -0.0090789 0.0316912 1.41922 0.0105807 0.998813 -0.0475482 -0.560254 -0.0312219 0.0478577 0.998366 -3.96904 0 0 0 1 
0.999442 -0.00916134 0.0321065 1.43438 0.0107066 0.998776 -0.048291 -0.568484 -0.0316248 0.0486078 0.998317 -4.03513 0 0 0 1 
0.999428 -0.00924347 0.0325219 1.44955 0.0108327 0.998738 -0.0490337 -0.576713 -0.0320277 0.0493579 0.998268 -4.10121 0 0 0 1 
0.999414 -0.00932529 0.0329374 1.46472 0.0109591 0.9987 -0.0497763 -0.584942 -0.0324304 0.0501081 0.998217 -4.16729 0 0 0 1 
0.999401 -0.00939148 0.0333128 1.47762 0.0110673 0.998664 -0.0504833 -0.59282 -0.0327942 0.0508217 0.998169 -4.231 0 0 0 1 
0.999388 -0.0094574 0.0336882 1.49052 0.0111758 0.998626 -0.0511903 -0.600698 -0.0331578 0.0515354 0.998121 -4.2947 0 0 0 1 
0.999374 -0.00952305 0.0340637 1.50343 0.0112845 0.998589 -0.0518971 -0.608576 -0.0335214 0.052249 0.998071 -4.35841 0 0 0 1 
0.999361 -0.00958843 0.0344393 1.51633 0.0113935 0.99855 -0.0526039 -0.616454 -0.0338849 0.0529627 0.998021 -4.42211 0 0 0 1 
0.999347 -0.00965354 0.0348148 1.52923 0.0115027 0.998512 -0.0533107 -0.624332 -0.0342484 0.0536763 0.997971 -4.48582 0 0 0 1 
0.999335 -0.00970517 0.0351549 1.54016 0.0115959 0.998474 -0.0539843 -0.631877 -0.0345773 0.054356 0.997923 -4.54725 0 0 0 1 
0.999322 -0.00975656 0.0354949 1.55109 0.0116893 0.998437 -0.0546578 -0.639422 -0.0349062 0.0550357 0.997874 -4.60868 0 0 0 1 
0.99931 -0.00980772 0.035835 1.56202 0.0117829 0.998399 -0.0553313 -0.646966 -0.0352349 0.0557154 0.997825 -4.6701 0 0 0 1 
0.999297 -0.00985865 0.0361751 1.57295 0.0118768 0.99836 -0.0560048 -0.654511 -0.0355637 0.056395 0.997775 -4.73153 0 0 0 1 
0.999284 -0.00990935 0.0365153 1.58388 0.0119709 0.998321 -0.0566781 -0.662056 -0.0358923 0.0570747 0.997725 -4.79296 0 0 0 1 
0.999272 -0.00994651 0.0368188 1.59283 0.0120485 0.998283 -0.0573156 -0.669271 -0.0361855 0.0577175 0.997677 -4.8519 0 0 0 1 
0.999261 -0.00998348 0.0371223 1.60178 0.0121263 0.998246 -0.057953 -0.676486 -0.0364786 0.0583603 0.997629 -4.91085 0 0 0 1 
0.999249 -0.0100203 0.0374259 1.61073 0.0122043 0.998208 -0.0585904 -0.683702 -0.0367717 0.0590031 0.99758 -4.96979 0 0 0 1 
0.999237 -0.0100568 0.0377294 1.61968 0.0122824 0.998169 -0.0592277 -0.690917 -0.0370647 0.0596459 0.997531 -5.02874 0 0 0 1 
0.999226 -0.0100932 0.038033 1.62863 0.0123608 0.99813 -0.059865 -0.698132 -0.0373577 0.0602887 0.997482 -5.08768 0 0 0 1 
0.999215 -0.0101152 0.0382971 1.63548 0.0124213 0.998093 -0.0604652 -0.705069 -0.0376125 0.0608934 0.997435 -5.14403 0 0 0 1 
0.999205 -0.0101369 0.0385612 1.64233 0.0124819 0.998056 -0.0610654 -0.712006 -0.0378672 0.0614981 0.997389 -5.20038 0 0 0 1 
0.999194 -0.0101586 0.0388253 1.64918 0.0125427 0.998018 -0.0616655 -0.718942 -0.0381219 0.0621028 0.997341 -5.25673 0 0 0 1 
0.999184 -0.01018 0.0390894 1.65603 0.0126037 0.99798 -0.0622656 -0.725879 -0.0383766 0.0627075 0.997294 -5.31308 0 0 0 1 
0.999173 -0.0102013 0.0393535 1.66288 0.0126648 0.997942 -0.0628657 -0.732816 -0.0386312 0.0633121 0.997246 -5.36943 0 0 0 1 
0.999164 -0.0102106 0.0395841 1.66797 0.0127108 0.997905 -0.0634342 -0.739514 -0.0388535 0.0638843 0.997201 -5.42354 0 0 0 1 
0.999155 -0.0102197 0.0398148 1.67306 0.0127569 0.997868 -0.0640026 -0.746212 -0.0390758 0.0644564 0.997155 -5.47765 0 0 0 1 
0.999146 -0.0102287 0.0400454 1.67816 0.0128032 0.997831 -0.064571 -0.75291 -0.0392981 0.0650286 0.997109 -5.53176 0 0 0 1 
0.999136 -0.0102375 0.040276 1.68325 0.0128496 0.997793 -0.0651394 -0.759608 -0.0395203 0.0656007 0.997063 -5.58587 0 0 0 1 
0.999127 -0.0102463 0.0405067 1.68834 0.0128961 0.997756 -0.0657078 -0.766306 -0.0397425 0.0661728 0.997016 -5.63998 0 0 0 1 
0.999119 -0.0102437 0.0407052 1.69178 0.0129282 0.99772 -0.0662454 -0.772786 -0.0399338 0.0667133 0.996973 -5.6919 0 0 0 1 
0.999111 -0.0102409 0.0409038 1.69521 0.0129604 0.997683 -0.066783 -0.779267 -0.0401251 0.0672537 0.996929 -5.74382 0 0 0 1 
0.999102 -0.0102381 0.0411023 1.69865 0.0129927 0.997647 -0.0673205 -0.785747 -0.0403164 0.0677941 0.996884 -5.79575 0 0 0 1 
0.999094 -0.0102352 0.0413008 1.70208 0.0130251 0.99761 -0.067858 -0.792228 -0.0405076 0.0683345 0.99684 -5.84767 0 0 0 1 
0.999086 -0.0102321 0.0414994 1.70552 0.0130576 0.997573 -0.0683955 -0.798708 -0.0406988 0.0688749 0.996795 -5.89959 0 0 0 1 
0.999079 -0.010218 0.0416658 1.70733 0.0130757 0.997538 -0.0689025 -0.804998 -0.0408591 0.0693839 0.996753 -5.94931 0 0 0 1 
0.999073 -0.0102037 0.0418321 1.70914 0.0130939 0.997502 -0.0694095 -0.811288 -0.0410194 0.0698928 0.996711 -5.99902 0 0 0 1 
0.999066 -0.0101894 0.0419985 1.71094 0.0131122 0.997467 -0.0699164 -0.817579 -0.0411797 0.0704018 0.996668 -6.04874 0 0 0 1 
0.999059 -0.010175 0.0421648 1.71275 0.0131306 0.997431 -0.0704234 -0.823869 -0.04134 0.0709107 0.996626 -6.09845 0 0 0 1 
0.999052 -0.0101605 0.0423312 1.71456 0.013149 0.997395 -0.0709303 -0.830159 -0.0415002 0.0714196 0.996583 -6.14817 0 0 0 1 
0.999047 -0.0101339 0.0424617 1.71459 0.0131515 0.997361 -0.0714029 -0.836271 -0.0416261 0.0718933 0.996543 -6.1954 0 0 0 1 
0.999041 -0.0101072 0.0425923 1.71462 0.0131541 0.997327 -0.0718755 -0.842384 -0.041752 0.0723669 0.996504 -6.24263 0 0 0 1 
0.999036 -0.0100804 0.0427228 1.71466 0.0131568 0.997293 -0.0723481 -0.848496 -0.0418779 0.0728405 0.996464 -6.28987 0 0 0 1 
0.999031 -0.0100537 0.0428534 1.71469 0.0131595 0.997258 -0.0728207 -0.854609 -0.0420037 0.0733141 0.996424 -6.3371 0 0 0 1 
0.999025 -0.0100268 0.0429839 1.71472 0.0131622 0.997224 -0.0732933 -0.860721 -0.0421296 0.0737876 0.996384 -6.38433 0 0 0 1 
0.999021 -0.00998999 0.0430843 1.71329 0.0131517 0.997191 -0.0737368 -0.866682 -0.0422267 0.0742313 0.996347 -6.42945 0 0 0 1 
0.999018 -0.00995315 0.0431848 1.71185 0.0131412 0.997158 -0.0741804 -0.872643 -0.0423238 0.074675 0.996309 -6.47457 0 0 0 1 
0.999014 -0.00991626 0.0432853 1.71042 0.0131308 0.997125 -0.0746239 -0.878603 -0.0424208 0.0751187 0.996272 -6.51968 0 0 0 1 
0.99901 -0.00987933 0.0433857 1.70898 0.0131204 0.997092 -0.0750675 -0.884564 -0.0425179 0.0755624 0.996234 -6.5648 0 0 0 1 
0.999006 -0.00984235 0.0434861 1.70755 0.0131101 0.997059 -0.075511 -0.890525 -0.042615 0.076006 0.996196 -6.60992 0 0 0 1 
0.999003 -0.00979573 0.0435568 1.70469 0.0130868 0.997028 -0.0759259 -0.896354 -0.0426836 0.0764202 0.996162 -6.65294 0 0 0 1 
0.999 -0.00974909 0.0436275 1.70183 0.0130634 0.996996 -0.0763408 -0.902182 -0.0427522 0.0768344 0.996127 -6.69596 0 0 0 1 
0.998998 -0.00970241 0.0436982 1.69897 0.0130401 0.996965 -0.0767557 -0.908011 -0.0428209 0.0772486 0.996092 -6.73897 0 0 0 1 
0.998995 -0.0096557 0.0437689 1.69611 0.0130168 0.996933 -0.0771706 -0.913839 -0.0428895 0.0776627 0.996057 -6.78199 0 0 0 1 
0.998992 -0.00960897 0.0438395 1.69325 0.0129936 0.996901 -0.0775854 -0.919668 -0.0429582 0.0780769 0.996021 -6.82501 0 0 0 1 
0.998991 -0.00955296 0.043881 1.68901 0.0129576 0.996871 -0.0779722 -0.925381 -0.0429989 0.0784621 0.995989 -6.86595 0 0 0 1 
0.99899 -0.00949694 0.0439225 1.68477 0.0129217 0.996841 -0.078359 -0.931094 -0.0430396 0.0788474 0.995957 -6.9069 0 0 0 1 
0.998989 -0.0094409 0.0439639 1.68054 0.0128858 0.996811 -0.0787458 -0.936807 -0.0430803 0.0792326 0.995925 -6.94784 0 0 0 1 
0.998987 -0.00938484 0.0440054 1.6763 0.0128499 0.996781 -0.0791326 -0.94252 -0.0431211 0.0796179 0.995892 -6.98879 0 0 0 1 
0.998986 -0.00932877 0.0440468 1.67206 0.012814 0.996751 -0.0795193 -0.948233 -0.0431618 0.0800031 0.99586 -7.02973 0 0 0 1 
0.998986 -0.00926381 0.0440595 1.66649 0.0127658 0.996723 -0.0798785 -0.953845 -0.0431752 0.08036 0.99583 -7.06863 0 0 0 1 
0.998986 -0.00919885 0.0440723 1.66092 0.0127176 0.996695 -0.0802377 -0.959458 -0.0431885 0.0807168 0.995801 -7.10753 0 0 0 1 
0.998986 -0.00913387 0.044085 1.65536 0.0126694 0.996666 -0.0805969 -0.96507 -0.0432019 0.0810737 0.995771 -7.14644 0 0 0 1 
0.998986 -0.0090689 0.0440977 1.64979 0.0126212 0.996638 -0.080956 -0.970683 -0.0432153 0.0814305 0.995742 -7.18534 0 0 0 1 
0.998986 -0.00900392 0.0441104 1.64422 0.012573 0.996609 -0.0813152 -0.976295 -0.0432287 0.0817873 0.995712 -7.22424 0 0 0 1 
0.998987 -0.00893 0.0440939 1.63731 0.0125123 0.996583 -0.0816468 -0.981826 -0.0432141 0.0821158 0.995685 -7.26109 0 0 0 1 
0.998989 -0.00885608 0.0440774 1.6304 0.0124516 0.996556 -0.0819784 -0.987357 -0.0431996 0.0824443 0.995659 -7.29794 0 0 0 1 
0.99899 -0.00878217 0.0440608 1.6235 0.0123909 0.99653 -0.08231 -0.992888 -0.0431851 0.0827728 0.995632 -7.33478 0 0 0 1 
0.998992 -0.00870827 0.0440442 1.61659 0.0123301 0.996503 -0.0826416 -0.998419 -0.0431706 0.0831013 0.995606 -7.37163 0 0 0 1 
0.998993 -0.00863437 0.0440276 1.60968 0.0122694 0.996476 -0.0829732 -1.00395 -0.0431561 0.0834298 0.995579 -7.40848 0 0 0 1 
0.998996 -0.00855224 0.0439833 1.60152 0.012197 0.996452 -0.0832782 -1.00941 -0.043115 0.083731 0.995555 -7.44334 0 0 0 1 
0.998998 -0.00847013 0.0439389 1.59337 0.0121246 0.996427 -0.0835832 -1.01487 -0.043074 0.0840322 0.995532 -7.47819 0 0 0 1 
0.999001 -0.00838803 0.0438945 1.58521 0.0120521 0.996402 -0.0838882 -1.02032 -0.043033 0.0843334 0.995508 -7.51305 0 0 0 1 
0.999004 -0.00830594 0.0438501 1.57706 0.0119797 0.996377 -0.0841932 -1.02578 -0.042992 0.0846346 0.995484 -7.5479 0 0 0 1 
0.999006 -0.00822387 0.0438057 1.5689 0.0119072 0.996352 -0.0844981 -1.03124 -0.042951 0.0849358 0.99546 -7.58276 0 0 0 1 
0.99901 -0.00813473 0.0437369 1.55967 0.0118246 0.996329 -0.0847806 -1.03665 -0.0428867 0.0852138 0.995439 -7.61591 0 0 0 1 
0.999014 -0.00804562 0.043668 1.55043 0.011742 0.996306 -0.085063 -1.04205 -0.0428224 0.0854919 0.995418 -7.64906 0 0 0 1 
0.999017 -0.00795652 0.0435992 1.5412 0.0116594 0.996283 -0.0853454 -1.04746 -0.0427581 0.0857699 0.995397 -7.6822 0 0 0 1 
0.999021 -0.00786744 0.0435303 1.53196 0.0115768 0.99626 -0.0856278 -1.05286 -0.0426938 0.0860479 0.995376 -7.71535 0 0 0 1 
0.999025 -0.00777839 0.0434614 1.52273 0.0114941 0.996237 -0.0859102 -1.05827 -0.0426295 0.086326 0.995354 -7.7485 0 0 0 1 
0.99903 -0.00768186 0.043366 1.51234 0.0114006 0.996215 -0.0861672 -1.06362 -0.04254 0.086578 0.995336 -7.77974 0 0 0 1 
0.999035 -0.00758537 0.0432707 1.50196 0.011307 0.996194 -0.0864242 -1.06897 -0.0424505 0.08683 0.995318 -7.81097 0 0 0 1 
0.999039 -0.0074889 0.0431753 1.49157 0.0112135 0.996173 -0.0866811 -1.07432 -0.0423609 0.087082 0.9953 -7.84221 0 0 0 1 
0.999044 -0.00739245 0.0430799 1.48119 0.0111199 0.996152 -0.0869381 -1.07967 -0.0422715 0.087334 0.995282 -7.87344 0 0 0 1 
0.999049 -0.00729602 0.0429845 1.4708 0.0110263 0.99613 -0.087195 -1.08502 -0.042182 0.087586 0.995263 -7.90468 0 0 0 1 
0.999055 -0.00719308 0.0428654 1.4594 0.0109232 0.996111 -0.0874302 -1.09033 -0.0420698 0.0878158 0.995248 -7.93426 0 0 0 1 
0.999061 -0.00709016 0.0427463 1.448 0.01082 0.996091 -0.0876654 -1.09565 -0.0419577 0.0880456 0.995232 -7.96384 0 0 0 1 
0.999067 -0.00698726 0.0426272 1.43659 0.0107168 0.996072 -0.0879006 -1.10096 -0.0418455 0.0882754 0.995217 -7.99341 0 0 0 1 
0.999072 -0.0068844 0.042508 1.42519 0.0106135 0.996052 -0.0881358 -1.10628 -0.0417334 0.0885052 0.995201 -8.02299 0 0 0 1 
0.999078 -0.00678156 0.0423888 1.41379 0.0105103 0.996032 -0.0883709 -1.11159 -0.0416213 0.088735 0.995185 -8.05257 0 0 0 1 
0.999085 -0.00667184 0.0422441 1.40131 0.0103968 0.996015 -0.0885816 -1.11686 -0.0414847 0.0889398 0.995173 -8.0803 0 0 0 1 
0.999092 -0.00656215 0.0420993 1.38882 0.0102833 0.995997 -0.0887923 -1.12214 -0.0413482 0.0891446 0.99516 -8.10803 0 0 0 1 
0.999099 -0.00645249 0.0419546 1.37634 0.0101698 0.995979 -0.0890029 -1.12741 -0.0412116 0.0893494 0.995147 -8.13577 0 0 0 1 
0.999105 -0.00634286 0.0418098 1.36385 0.0100562 0.995962 -0.0892135 -1.13269 -0.0410751 0.0895542 0.995135 -8.1635 0 0 0 1 
0.999112 -0.00623326 0.041665 1.35137 0.00994266 0.995944 -0.0894241 -1.13796 -0.0409386 0.089759 0.995122 -8.19123 0 0 0 1 
0.99912 -0.00611842 0.0414999 1.33805 0.00982125 0.995928 -0.0896173 -1.14322 -0.0407826 0.089946 0.995111 -8.21758 0 0 0 1 
0.999127 -0.00600361 0.0413347 1.32472 0.00969982 0.995912 -0.0898104 -1.14848 -0.0406265 0.090133 0.995101 -8.24394 0 0 0 1 
0.999135 -0.00588883 0.0411695 1.3114 0.00957835 0.995895 -0.0900035 -1.15374 -0.0404705 0.09032 0.99509 -8.27029 0 0 0 1 
0.999142 -0.00577408 0.0410043 1.29807 0.00945685 0.995879 -0.0901966 -1.159 -0.0403146 0.090507 0.99508 -8.29665 0 0 0 1 
0.99915 -0.00565937 0.0408391 1.28475 0.00933532 0.995863 -0.0903897 -1.16426 -0.0401586 0.0906941 0.995069 -8.323 0 0 0 1 
0.999158 -0.00553821 0.0406488 1.27039 0.00920408 0.995849 -0.090559 -1.16949 -0.0399785 0.0908569 0.995061 -8.34756 0 0 0 1 
0.999167 -0.00541708 0.0404585 1.25603 0.00907281 0.995834 -0.0907283 -1.17473 -0.0397985 0.0910198 0.995054 -8.37211 0 0 0 1 
0.999175 -0.00529599 0.0402682 1.24166 0.00894151 0.99582 -0.0908976 -1.17996 -0.0396185 0.0911826 0.995046 -8.39667 0 0 0 1 
0.999183 -0.00517492 0.0400779 1.2273 0.00881018 0.995806 -0.0910668 -1.1852 -0.0394385 0.0913455 0.995038 -8.42122 0 0 0 1 
0.999191 -0.00505389 0.0398875 1.21294 0.00867881 0.995791 -0.091236 -1.19043 -0.0392585 0.0915084 0.99503 -8.44578 0 0 0 1 
0.9992 -0.00492761 0.0396756 1.19771 0.00853942 0.995779 -0.0913856 -1.19564 -0.0390578 0.0916513 0.995025 -8.46881 0 0 0 1 
0.999209 -0.00480137 0.0394637 1.18249 0.0084 0.995766 -0.0915351 -1.20086 -0.0388571 0.0917943 0.99502 -8.49184 0 0 0 1 
0.999218 -0.00467515 0.0392518 1.16726 0.00826054 0.995754 -0.0916846 -1.20607 -0.0386565 0.0919372 0.995014 -8.51487 0 0 0 1 
0.999227 -0.00454896 0.0390399 1.15204 0.00812106 0.995741 -0.0918341 -1.21129 -0.0384558 0.0920802 0.995009 -8.5379 0 0 0 1 
0.999236 -0.00442281 0.0388279 1.13681 0.00798154 0.995729 -0.0919836 -1.2165 -0.0382552 0.0922232 0.995003 -8.56093 0 0 0 1 
0.999246 -0.00429205 0.0385964 1.12081 0.00783496 0.995717 -0.0921167 -1.22172 -0.0380358 0.0923496 0.995 -8.58266 0 0 0 1 
0.999255 -0.00416132 0.038365 1.10481 0.00768834 0.995706 -0.0922497 -1.22693 -0.0378164 0.092476 0.994997 -8.60439 0 0 0 1 
0.999265 -0.00403063 0.0381335 1.08882 0.0075417 0.995695 -0.0923828 -1.23215 -0.037597 0.0926024 0.994993 -8.62611 0 0 0 1 
0.999274 -0.00389996 0.037902 1.07282 0.00739503 0.995684 -0.0925157 -1.23736 -0.0373776 0.0927288 0.99499 -8.64784 0 0 0 1 
0.999283 -0.00376932 0.0376705 1.05682 0.00724832 0.995672 -0.0926487 -1.24258 -0.0371582 0.0928553 0.994986 -8.66957 0 0 0 1 
0.999293 -0.00363309 0.0374153 1.03988 0.00709297 0.995663 -0.0927593 -1.24777 -0.036916 0.0929592 0.994985 -8.68959 0 0 0 1 
0.999303 -0.0034969 0.0371601 1.02294 0.00693759 0.995654 -0.0928699 -1.25297 -0.0366738 0.093063 0.994985 -8.70961 0 0 0 1 
0.999313 -0.00336072 0.0369049 1.00601 0.00678218 0.995645 -0.0929805 -1.25816 -0.0364317 0.0931669 0.994984 -8.72964 0 0 0 1 
0.999323 -0.00322458 0.0366496 0.989068 0.00662674 0.995636 -0.093091 -1.26336 -0.0361895 0.0932709 0.994983 -8.74966 0 0 0 1 
0.999333 -0.00308846 0.0363944 0.97213 0.00647128 0.995626 -0.0932015 -1.26855 -0.0359473 0.0933748 0.994982 -8.76968 0 0 0 1 
0.999343 -0.0029483 0.0361206 0.954483 0.00630945 0.995618 -0.0932965 -1.27375 -0.0356873 0.0934631 0.994983 -8.78847 0 0 0 1 
0.999353 -0.00280816 0.0358469 0.936835 0.00614761 0.99561 -0.0933915 -1.27895 -0.0354273 0.0935515 0.994984 -8.80725 0 0 0 1 
0.999364 -0.00266805 0.0355731 0.919188 0.00598573 0.995603 -0.0934865 -1.28414 -0.0351672 0.0936399 0.994985 -8.82604 0 0 0 1 
0.999374 -0.00252797 0.0352993 0.90154 0.00582383 0.995595 -0.0935814 -1.28934 -0.0349072 0.0937283 0.994986 -8.84482 0 0 0 1 
0.999384 -0.0023879 0.0350255 0.883893 0.00566191 0.995587 -0.0936762 -1.29454 -0.0346472 0.0938168 0.994986 -8.86361 0 0 0 1 
0.999394 -0.00224342 0.0347312 0.865465 0.00549299 0.99558 -0.0937529 -1.29973 -0.0343674 0.0938869 0.99499 -8.88096 0 0 0 1 
0.999405 -0.00209897 0.034437 0.847037 0.00532405 0.995574 -0.0938295 -1.30492 -0.0340876 0.093957 0.994993 -8.89831 0 0 0 1 
0.999415 -0.00195453 0.0341427 0.828608 0.00515509 0.995568 -0.0939061 -1.3101 -0.0338079 0.0940272 0.994995 -8.91567 0 0 0 1 
0.999425 -0.00181011 0.0338485 0.81018 0.00498611 0.995561 -0.0939827 -1.31529 -0.0335281 0.0940974 0.994998 -8.93302 0 0 0 1 
0.999436 -0.00166572 0.0335542 0.791752 0.00481711 0.995555 -0.0940592 -1.32048 -0.0332483 0.0941677 0.995001 -8.95037 0 0 0 1 
0.999446 -0.00151768 0.0332419 0.772655 0.00464226 0.99555 -0.0941209 -1.32567 -0.0329512 0.0942231 0.995006 -8.96653 0 0 0 1 
0.999457 -0.00136965 0.0329297 0.753557 0.00446738 0.995545 -0.0941826 -1.33086 -0.032654 0.0942785 0.99501 -8.98269 0 0 0 1 
0.999467 -0.00122165 0.0326174 0.73446 0.00429249 0.99554 -0.0942442 -1.33606 -0.0323568 0.094334 0.995015 -8.99886 0 0 0 1 
0.999477 -0.00107366 0.0323052 0.715362 0.00411758 0.995535 -0.0943058 -1.34125 -0.0320597 0.0943895 0.995019 -9.01502 0 0 0 1 
0.999488 -0.000925686 0.0319929 0.696265 0.00394265 0.99553 -0.0943673 -1.34644 -0.0317625 0.0944451 0.995023 -9.03118 0 0 0 1 
0.999498 -0.000773668 0.0316607 0.676423 0.00376122 0.995526 -0.0944113 -1.35163 -0.031446 0.094483 0.99503 -9.04596 0 0 0 1 
0.999509 -0.000621662 0.0313286 0.65658 0.00357978 0.995523 -0.0944553 -1.35681 -0.0311296 0.094521 0.995036 -9.06074 0 0 0 1 
0.999519 -0.000469669 0.0309964 0.636738 0.00339833 0.995519 -0.0944991 -1.362 -0.0308131 0.0945591 0.995042 -9.07552 0 0 0 1 
0.99953 -0.000317689 0.0306642 0.616895 0.00321686 0.995516 -0.094543 -1.36718 -0.0304967 0.0945971 0.995048 -9.0903 0 0 0 1 
0.99954 -0.000165722 0.030332 0.597053 0.00303538 0.995512 -0.0945867 -1.37237 -0.0301802 0.0946353 0.995054 -9.10508 0 0 0 1 
0.99955 -1.05325e-05 0.0299825 0.576585 0.00284861 0.99551 -0.0946165 -1.37756 -0.0298469 0.0946594 0.995062 -9.11871 0 0 0 1 
0.999561 0.000144648 0.029633 0.556117 0.00266183 0.995507 -0.0946462 -1.38275 -0.0295136 0.0946836 0.99507 -9.13234 0 0 0 1 
0.999571 0.00029982 0.0292835 0.535649 0.00247503 0.995505 -0.0946759 -1.38794 -0.0291803 0.0947078 0.995077 -9.14598 0 0 0 1 
0.999581 0.000454984 0.028934 0.515181 0.00228823 0.995503 -0.0947055 -1.39313 -0.028847 0.0947321 0.995085 -9.15961 0 0 0 1 
0.999591 0.000610139 0.0285845 0.494713 0.00210142 0.9955 -0.094735 -1.39832 -0.0285137 0.0947564 0.995092 -9.17324 0 0 0 1 
0.999602 0.000768376 0.0282179 0.473631 0.00190951 0.995499 -0.0947509 -1.40351 -0.0281637 0.094767 0.995101 -9.18574 0 0 0 1 
0.999612 0.00092661 0.0278512 0.452549 0.0017176 0.995498 -0.0947666 -1.4087 -0.0278137 0.0947776 0.99511 -9.19825 0 0 0 1 
0.999622 0.00108484 0.0274846 0.431466 0.00152568 0.995497 -0.0947823 -1.41389 -0.0274637 0.0947884 0.995119 -9.21075 0 0 0 1 
0.999631 0.00124307 0.0271179 0.410384 0.00133375 0.995496 -0.0947979 -1.41908 -0.0271136 0.0947991 0.995127 -9.22326 0 0 0 1 
0.999641 0.00140129 0.0267513 0.389302 0.00114182 0.995494 -0.0948134 -1.42427 -0.0267636 0.09481 0.995136 -9.23576 0 0 0 1 
0.999651 0.00156297 0.0263657 0.367534 0.000944203 0.995495 -0.0948125 -1.42945 -0.0263951 0.0948044 0.995146 -9.24696 0 0 0 1 
0.999661 0.00172465 0.0259802 0.345766 0.000746589 0.995495 -0.0948116 -1.43463 -0.0260266 0.0947988 0.995156 -9.25816 0 0 0 1 
0.999671 0.00188634 0.0255946 0.323999 0.000548975 0.995495 -0.0948105 -1.43982 -0.0256581 0.0947934 0.995166 -9.26937 0 0 0 1 
0.99968 0.00204803 0.025209 0.302231 0.000351361 0.995495 -0.0948094 -1.445 -0.0252896 0.0947879 0.995176 -9.28057 0 0 0 1 
0.999689 0.00220972 0.0248235 0.280463 0.000153748 0.995496 -0.0948082 -1.45018 -0.0249211 0.0947826 0.995186 -9.29177 0 0 0 1 
0.999699 0.0023741 0.0244214 0.25812 -4.842e-05 0.995497 -0.094794 -1.45536 -0.0245365 0.0947643 0.995197 -9.30189 0 0 0 1 
0.999708 0.00253849 0.0240194 0.235778 -0.000250583 0.995498 -0.0947798 -1.46054 -0.0241519 0.0947461 0.995208 -9.31201 0 0 0 1 
0.999717 0.00270289 0.0236174 0.213435 -0.00045274 0.9955 -0.0947654 -1.46572 -0.0237672 0.094728 0.995219 -9.32212 0 0 0 1 
0.999726 0.00286729 0.0232153 0.191093 -0.000654891 0.995501 -0.094751 -1.4709 -0.0233826 0.0947099 0.99523 -9.33224 0 0 0 1 
0.999735 0.0030317 0.0228133 0.16875 -0.000857037 0.995502 -0.0947365 -1.47608 -0.0229979 0.0946919 0.995241 -9.34236 0 0 0 1 
0.999744 0.00319861 0.0223952 0.145852 -0.00106347 0.995504 -0.0947094 -1.48126 -0.0225974 0.0946613 0.995253 -9.35143 0 0 0 1 
0.999753 0.00336554 0.0219771 0.122954 -0.0012699 0.995507 -0.0946821 -1.48644 -0.022197 0.0946308 0.995265 -9.36049 0 0 0 1 
0.999761 0.00353248 0.0215589 0.100056 -0.00147632 0.995509 -0.0946548 -1.49161 -0.0217965 0.0946004 0.995277 -9.36956 0 0 0 1 
0.99977 0.00369944 0.0211408 0.0771579 -0.00168272 0.995511 -0.0946274 -1.49679 -0.021396 0.09457 0.995288 -9.37862 0 0 0 1 
0.999778 0.00386641 0.0207227 0.0542599 -0.00188911 0.995514 -0.0945999 -1.50197 -0.0209955 0.0945397 0.9953 -9.38769 0 0 0 1 
0.999786 0.00403571 0.0202888 0.0308219 -0.00209956 0.995517 -0.0945601 -1.50714 -0.0205794 0.0944972 0.995312 -9.39572 0 0 0 1 
0.999794 0.00420504 0.0198549 0.00738394 -0.00230999 0.99552 -0.0945202 -1.51231 -0.0201634 0.0944548 0.995325 -9.40374 0 0 0 1 
0.999802 0.00437439 0.0194209 -0.016054 -0.00252041 0.995524 -0.0944802 -1.51749 -0.0197473 0.0944125 0.995337 -9.41177 0 0 0 1 
0.999809 0.00454375 0.018987 -0.039492 -0.00273081 0.995527 -0.0944401 -1.52266 -0.0193312 0.0943702 0.995349 -9.41979 0 0 0 1 
0.999817 0.00471313 0.0185531 -0.06293 -0.00294119 0.99553 -0.0943999 -1.52783 -0.0189151 0.094328 0.995361 -9.42782 0 0 0 1 
0.999824 0.00488472 0.0181036 -0.0868964 -0.00315543 0.995534 -0.0943477 -1.53299 -0.0184836 0.0942739 0.995375 -9.43483 0 0 0 1 
0.999831 0.00505633 0.0176541 -0.110863 -0.00336965 0.995539 -0.0942953 -1.53816 -0.0180521 0.0942199 0.995388 -9.44184 0 0 0 1 
0.999838 0.00522797 0.0172045 -0.134829 -0.00358384 0.995543 -0.0942429 -1.54332 -0.0176206 0.094166 0.995401 -9.44885 0 0 0 1 
0.999845 0.00539963 0.016755 -0.158796 -0.00379801 0.995547 -0.0941904 -1.54849 -0.017189 0.0941122 0.995413 -9.45586 0 0 0 1 
0.999852 0.00557132 0.0163055 -0.182762 -0.00401216 0.995551 -0.0941378 -1.55365 -0.0167575 0.0940584 0.995426 -9.46287 0 0 0 1 
0.999858 0.00574511 0.0158406 -0.207249 -0.00423 0.995556 -0.0940733 -1.55881 -0.0163106 0.093993 0.995439 -9.46888 0 0 0 1 
0.999864 0.00591893 0.0153756 -0.231736 -0.00444781 0.995561 -0.0940088 -1.56396 -0.0158638 0.0939276 0.995453 -9.4749 0 0 0 1 
0.99987 0.00609277 0.0149107 -0.256223 -0.0046656 0.995567 -0.0939441 -1.56912 -0.0154169 0.0938624 0.995466 -9.48091 0 0 0 1 
0.999876 0.00626665 0.0144457 -0.28071 -0.00488335 0.995572 -0.0938794 -1.57427 -0.0149701 0.0937972 0.995479 -9.48693 0 0 0 1 
0.999882 0.00644056 0.0139808 -0.305197 -0.00510108 0.995577 -0.0938145 -1.57943 -0.0145232 0.0937321 0.995492 -9.49294 0 0 0 1 
0.999887 0.00661643 0.0135006 -0.330194 -0.00532229 0.995583 -0.0937382 -1.58457 -0.0140611 0.0936557 0.995505 -9.49795 0 0 0 1 
0.999892 0.00679234 0.0130203 -0.355191 -0.00554347 0.995589 -0.0936617 -1.58972 -0.013599 0.0935795 0.995519 -9.50297 0 0 0 1 
0.999897 0.00696828 0.0125401 -0.380188 -0.00576461 0.995595 -0.0935852 -1.59486 -0.0131369 0.0935033 0.995532 -9.50798 0 0 0 1 
0.999902 0.00714426 0.0120598 -0.405185 -0.00598572 0.9956 -0.0935085 -1.60001 -0.0126748 0.0934272 0.995545 -9.513 0 0 0 1 
0.999906 0.00732028 0.0115796 -0.430182 -0.00620679 0.995606 -0.0934318 -1.60515 -0.0122127 0.0933511 0.995558 -9.51801 0 0 0 1 
0.99991 0.0074982 0.0110841 -0.455689 -0.00643125 0.995613 -0.0933437 -1.61028 -0.0117353 0.0932641 0.995572 -9.52204 0 0 0 1 
0.999914 0.00767616 0.0105885 -0.481196 -0.00665567 0.99562 -0.0932555 -1.61541 -0.011258 0.0931771 0.995586 -9.52607 0 0 0 1 
0.999918 0.00785417 0.010093 -0.506704 -0.00688005 0.995627 -0.0931672 -1.62054 -0.0107806 0.0930902 0.995599 -9.53009 0 0 0 1 
0.999922 0.00803222 0.00959746 -0.532211 -0.00710438 0.995633 -0.0930788 -1.62567 -0.0103032 0.0930033 0.995612 -9.53412 0 0 0 1 
0.999925 0.00821031 0.00910195 -0.557718 -0.00732867 0.99564 -0.0929903 -1.6308 -0.00982575 0.0929166 0.995625 -9.53815 0 0 0 1 
0.999928 0.00839006 0.00859177 -0.583705 -0.00755599 0.995648 -0.0928909 -1.63591 -0.00933373 0.0928193 0.995639 -9.54123 0 0 0 1 
0.999931 0.00856985 0.0080816 -0.609692 -0.00778326 0.995655 -0.0927914 -1.64102 -0.00884169 0.0927221 0.995653 -9.5443 0 0 0 1 
0.999933 0.0087497 0.00757145 -0.635679 -0.00801047 0.995663 -0.0926918 -1.64614 -0.00834963 0.0926249 0.995666 -9.54738 0 0 0 1 
0.999935 0.00892959 0.00706131 -0.661666 -0.00823764 0.99567 -0.092592 -1.65125 -0.00785754 0.0925279 0.995679 -9.55045 0 0 0 1 
0.999937 0.00910954 0.00655119 -0.687653 -0.00846476 0.995677 -0.0924922 -1.65636 -0.00736543 0.0924309 0.995692 -9.55353 0 0 0 1 
0.999939 0.00929096 0.00602683 -0.7141 -0.00869464 0.995686 -0.0923818 -1.66145 -0.00685914 0.0923237 0.995705 -9.55569 0 0 0 1 
0.99994 0.00947244 0.00550249 -0.740547 -0.00892446 0.995694 -0.0922713 -1.66654 -0.00635283 0.0922166 0.995719 -9.55785 0 0 0 1 
0.999941 0.00965397 0.00497817 -0.766995 -0.00915423 0.995702 -0.0921606 -1.67164 -0.00584649 0.0921096 0.995732 -9.56001 0 0 0 1 
0.999942 0.00983556 0.00445386 -0.793442 -0.00938394 0.99571 -0.0920499 -1.67673 -0.00534012 0.0920027 0.995744 -9.56217 0 0 0 1 
0.999942 0.0100172 0.00392958 -0.819889 -0.00961359 0.995718 -0.091939 -1.68182 -0.00483372 0.0918959 0.995757 -9.56433 0 0 0 1 
0.999942 0.0101998 0.00339319 -0.846707 -0.00984517 0.995727 -0.0918207 -1.6869 -0.00431523 0.091782 0.99577 -9.56578 0 0 0 1 
0.999942 0.0103824 0.00285681 -0.873525 -0.0100767 0.995735 -0.0917023 -1.69197 -0.00379672 0.0916682 0.995782 -9.56722 0 0 0 1 
0.999941 0.010565 0.00232046 -0.900344 -0.0103081 0.995744 -0.0915837 -1.69705 -0.00327817 0.0915544 0.995795 -9.56867 0 0 0 1 
0.999941 0.0107477 0.00178414 -0.927162 -0.0105395 0.995753 -0.091465 -1.70212 -0.0027596 0.0914408 0.995807 -9.57011 0 0 0 1 
0.999939 0.0109305 0.00124783 -0.95398 -0.0107709 0.995761 -0.0913462 -1.7072 -0.002241 0.0913272 0.995818 -9.57156 0 0 0 1 
0.999938 0.0111146 0.000697577 -0.981246 -0.0110047 0.99577 -0.0912173 -1.71225 -0.00170847 0.091204 0.995831 -9.57211 0 0 0 1 
0.999936 0.0112988 0.00014735 -1.00851 -0.0112384 0.995779 -0.0910883 -1.7173 -0.00117591 0.0910808 0.995843 -9.57266 0 0 0 1 
0.999934 0.011483 -0.000402854 -1.03578 -0.011472 0.995789 -0.0909591 -1.72235 -0.000643324 0.0909578 0.995855 -9.57321 0 0 0 1 
0.999931 0.0116673 -0.000953033 -1.06304 -0.0117056 0.995798 -0.0908299 -1.7274 -0.000110707 0.0908348 0.995866 -9.57376 0 0 0 1 
0.999929 0.0118516 -0.00150319 -1.09031 -0.0119391 0.995807 -0.0907005 -1.73245 0.000421939 0.0907119 0.995877 -9.57431 0 0 0 1 
0.999925 0.0120365 -0.0020647 -1.11791 -0.0121741 0.995816 -0.0905642 -1.73748 0.000965985 0.0905826 0.995888 -9.57419 0 0 0 1 
0.999922 0.0122216 -0.00262619 -1.14551 -0.012409 0.995826 -0.0904279 -1.74251 0.00151006 0.0904534 0.9959 -9.57407 0 0 0 1 
0.999918 0.0124066 -0.00318766 -1.17312 -0.0126438 0.995835 -0.0902914 -1.74753 0.00205417 0.0903243 0.99591 -9.57394 0 0 0 1 
0.999914 0.0125918 -0.00374909 -1.20072 -0.0128786 0.995844 -0.0901548 -1.75256 0.0025983 0.0901953 0.995921 -9.57382 0 0 0 1 
0.999909 0.012777 -0.0043105 -1.22832 -0.0131133 0.995854 -0.0900181 -1.75759 0.00314247 0.0900664 0.995931 -9.5737 0 0 0 1 
0.999904 0.0129634 -0.00488565 -1.25636 -0.0133502 0.995864 -0.0898716 -1.76259 0.0037004 0.0899282 0.995941 -9.57271 0 0 0 1 
0.999899 0.0131499 -0.00546077 -1.28441 -0.013587 0.995874 -0.089725 -1.76758 0.00425836 0.0897901 0.995952 -9.57172 0 0 0 1 
0.999893 0.0133365 -0.00603586 -1.31245 -0.0138237 0.995884 -0.0895783 -1.77258 0.00481636 0.0896521 0.995961 -9.57073 0 0 0 1 
0.999887 0.0135231 -0.00661092 -1.3405 -0.0140604 0.995894 -0.0894314 -1.77757 0.00537438 0.0895143 0.995971 -9.56974 0 0 0 1 
0.99988 0.0137098 -0.00718595 -1.36854 -0.014297 0.995904 -0.0892844 -1.78257 0.00593244 0.0893765 0.99598 -9.56875 0 0 0 1 
0.999873 0.0138976 -0.00777454 -1.39702 -0.0145356 0.995914 -0.0891281 -1.78753 0.00650411 0.0892298 0.99599 -9.56689 0 0 0 1 
0.999866 0.0140854 -0.0083631 -1.42549 -0.0147741 0.995925 -0.0889716 -1.79249 0.00707582 0.0890832 0.995999 -9.56503 0 0 0 1 
0.999858 0.0142734 -0.00895163 -1.45397 -0.0150125 0.995935 -0.088815 -1.79744 0.00764756 0.0889367 0.996008 -9.56316 0 0 0 1 
0.99985 0.0144614 -0.00954013 -1.48244 -0.0152509 0.995945 -0.0886582 -1.8024 0.00821933 0.0887904 0.996016 -9.5613 0 0 0 1 
0.999841 0.0146495 -0.0101286 -1.51092 -0.0154891 0.995956 -0.0885013 -1.80736 0.00879113 0.0886441 0.996025 -9.55944 0 0 0 1 
0.999832 0.014838 -0.0107282 -1.53972 -0.0157285 0.995966 -0.0883383 -1.81229 0.00937413 0.0884922 0.996033 -9.55691 0 0 0 1 
0.999823 0.0150266 -0.0113277 -1.56853 -0.0159678 0.995977 -0.0881751 -1.81722 0.00995717 0.0883403 0.996041 -9.55439 0 0 0 1 
0.999813 0.0152153 -0.0119272 -1.59733 -0.016207 0.995988 -0.0880118 -1.82215 0.0105402 0.0881886 0.996048 -9.55186 0 0 0 1 
0.999803 0.015404 -0.0125267 -1.62614 -0.0164461 0.995998 -0.0878483 -1.82708 0.0111233 0.088037 0.996055 -9.54934 0 0 0 1 
0.999792 0.0155929 -0.0131261 -1.65494 -0.0166851 0.996009 -0.0876847 -1.83201 0.0117065 0.0878855 0.996062 -9.54681 0 0 0 1 
0.999781 0.0157826 -0.0137385 -1.68415 -0.0169258 0.99602 -0.0875122 -1.83689 0.0123026 0.0877256 0.996069 -9.54346 0 0 0 1 
0.999769 0.0159724 -0.0143508 -1.71337 -0.0171664 0.996031 -0.0873396 -1.84178 0.0128989 0.0875658 0.996075 -9.54012 0 0 0 1 
0.999757 0.0161623 -0.0149631 -1.74258 -0.0174068 0.996042 -0.0871668 -1.84666 0.0134951 0.0874061 0.996081 -9.53677 0 0 0 1 
0.999745 0.0163523 -0.0155754 -1.7718 -0.0176472 0.996053 -0.0869938 -1.85155 0.0140914 0.0872465 0.996087 -9.53343 0 0 0 1 
0.999732 0.0165424 -0.0161876 -1.80101 -0.0178875 0.996063 -0.0868207 -1.85643 0.0146877 0.087087 0.996092 -9.53008 0 0 0 1 
0.999719 0.0167327 -0.0168104 -1.83053 -0.0181286 0.996075 -0.0866418 -1.86128 0.0152946 0.0869222 0.996098 -9.52612 0 0 0 1 
0.999705 0.0169231 -0.0174331 -1.86006 -0.0183696 0.996086 -0.0864628 -1.86613 0.0159016 0.0867575 0.996103 -9.52217 0 0 0 1 
0.999691 0.0171137 -0.0180558 -1.88958 -0.0186105 0.996097 -0.0862837 -1.87097 0.0165087 0.086593 0.996107 -9.51821 0 0 0 1 
0.999676 0.0173043 -0.0186784 -1.91911 -0.0188513 0.996108 -0.0861044 -1.87582 0.0171157 0.0864285 0.996111 -9.51426 0 0 0 1 
0.999661 0.017495 -0.019301 -1.94863 -0.019092 0.996119 -0.0859249 -1.88067 0.0177228 0.0862642 0.996115 -9.5103 0 0 0 1 
0.999645 0.0176864 -0.0199362 -1.97855 -0.0193341 0.99613 -0.085737 -1.88547 0.0183426 0.086092 0.996118 -9.50555 0 0 0 1 
0.999629 0.0178779 -0.0205713 -2.00848 -0.0195761 0.996142 -0.0855489 -1.89027 0.0189625 0.0859199 0.996122 -9.50079 0 0 0 1 
0.999612 0.0180696 -0.0212064 -2.0384 -0.0198179 0.996153 -0.0853607 -1.89506 0.0195823 0.0857479 0.996124 -9.49604 0 0 0 1 
0.999595 0.0182613 -0.0218414 -2.06833 -0.0200597 0.996164 -0.0851724 -1.89986 0.0202023 0.085576 0.996127 -9.49128 0 0 0 1 
0.999577 0.0184532 -0.0224764 -2.09825 -0.0203013 0.996175 -0.0849839 -1.90466 0.0208222 0.0854042 0.996129 -9.48653 0 0 0 1 
0.999559 0.0186451 -0.0231214 -2.12847 -0.0205435 0.996187 -0.0847901 -1.90941 0.0214523 0.0852277 0.996131 -9.4812 0 0 0 1 
0.99954 0.0188371 -0.0237663 -2.15868 -0.0207856 0.996198 -0.0845962 -1.91417 0.0220824 0.0850513 0.996132 -9.47586 0 0 0 1 
0.999521 0.0190292 -0.0244112 -2.1889 -0.0210275 0.99621 -0.0844021 -1.91892 0.0227126 0.084875 0.996133 -9.47053 0 0 0 1 
0.999501 0.0192214 -0.025056 -2.21911 -0.0212693 0.996221 -0.0842079 -1.92368 0.0233428 0.0846988 0.996133 -9.46519 0 0 0 1 
0.999481 0.0194137 -0.0257008 -2.24933 -0.021511 0.996232 -0.0840135 -1.92843 0.023973 0.0845227 0.996133 -9.45986 0 0 0 1 
0.99946 0.0196061 -0.0263558 -2.27985 -0.0217532 0.996244 -0.0838139 -1.93314 0.0246135 0.084342 0.996133 -9.45394 0 0 0 1 
0.999439 0.0197987 -0.0270107 -2.31036 -0.0219953 0.996255 -0.0836142 -1.93785 0.0252541 0.0841614 0.996132 -9.44802 0 0 0 1 
0.999417 0.0199913 -0.0276655 -2.34088 -0.0222373 0.996267 -0.0834143 -1.94255 0.0258947 0.0839809 0.996131 -9.4421 0 0 0 1 
0.999395 0.020184 -0.0283203 -2.37139 -0.0224792 0.996278 -0.0832142 -1.94726 0.0265353 0.0838005 0.996129 -9.43618 0 0 0 1 
0.999372 0.0203769 -0.0289751 -2.40191 -0.0227209 0.996289 -0.083014 -1.95197 0.027176 0.0836202 0.996127 -9.43026 0 0 0 1 
0.999349 0.0205703 -0.029642 -2.43282 -0.0229637 0.996301 -0.0828061 -1.95662 0.027829 0.0834329 0.996125 -9.42354 0 0 0 1 
0.999325 0.0207639 -0.0303089 -2.46373 -0.0232064 0.996313 -0.082598 -1.96126 0.0284821 0.0832456 0.996122 -9.41682 0 0 0 1 
0.9993 0.0209576 -0.0309758 -2.49463 -0.023449 0.996324 -0.0823898 -1.96591 0.0291352 0.0830585 0.996119 -9.41011 0 0 0 1 
0.999275 0.0211513 -0.0316425 -2.52554 -0.0236914 0.996336 -0.0821814 -1.97055 0.0297884 0.0828716 0.996115 -9.40339 0 0 0 1 
0.99925 0.0213453 -0.0323093 -2.55645 -0.0239337 0.996347 -0.0819729 -1.9752 0.0304415 0.0826847 0.996111 -9.39667 0 0 0 1 
0.999224 0.0215391 -0.0329856 -2.58764 -0.0241763 0.996359 -0.0817597 -1.9798 0.0311045 0.0824937 0.996106 -9.38939 0 0 0 1 
0.999197 0.0217331 -0.0336618 -2.61883 -0.0244188 0.99637 -0.0815463 -1.98439 0.0317674 0.0823028 0.996101 -9.38212 0 0 0 1 
0.99917 0.0219271 -0.0343381 -2.65002 -0.0246611 0.996382 -0.0813327 -1.98899 0.0324304 0.082112 0.996095 -9.37484 0 0 0 1 
0.999142 0.0221214 -0.0350142 -2.68121 -0.0249033 0.996393 -0.081119 -1.99358 0.0330934 0.0819213 0.996089 -9.36757 0 0 0 1 
0.999114 0.0223157 -0.0356903 -2.7124 -0.0251453 0.996405 -0.0809051 -1.99818 0.0337565 0.0817308 0.996083 -9.36029 0 0 0 1 
0.999085 0.0225098 -0.0363755 -2.74386 -0.0253874 0.996416 -0.0806867 -2.00272 0.0344289 0.0815363 0.996076 -9.35249 0 0 0 1 
0.999055 0.0227041 -0.0370607 -2.77532 -0.0256294 0.996428 -0.0804682 -2.00726 0.0351013 0.081342 0.996068 -9.34469 0 0 0 1 
0.999025 0.0228985 -0.0377458 -2.80679 -0.0258713 0.996439 -0.0802495 -2.01179 0.0357738 0.0811478 0.99606 -9.33688 0 0 0 1 
0.998994 0.023093 -0.0384308 -2.83825 -0.026113 0.99645 -0.0800306 -2.01633 0.0364463 0.0809537 0.996051 -9.32908 0 0 0 1 
0.998963 0.0232877 -0.0391158 -2.86971 -0.0263545 0.996462 -0.0798116 -2.02087 0.0371188 0.0807597 0.996042 -9.32128 0 0 0 1 
