1 1.71373e-07 0.000115942 0.00216144 1.71373e-07 0.999996 -0.00295618 -0.0551103 -0.000115942 0.00295618 0.999996 -0.120604 0 0 0 1 
1 2.4245e-07 0.000137905 0.00256831 2.4245e-07 0.999994 -0.00351617 -0.0654842 -0.000137905 0.00351617 0.999994 -0.14348 0 0 0 1 
1 3.25826e-07 0.000159868 0.00297517 3.25826e-07 0.999992 -0.00407617 -0.0758582 -0.000159868 0.00407617 0.999992 -0.166356 0 0 0 1 
1 4.21502e-07 0.000181831 0.00338204 4.21502e-07 0.999989 -0.00463616 -0.0862321 -0.000181831 0.00463616 0.999989 -0.189233 0 0 0 1 
1 5.29476e-07 0.000203794 0.0037889 5.29476e-07 0.999986 -0.00519615 -0.0966061 -0.000203794 0.00519615 0.999986 -0.212109 0 0 0 1 
1 6.4975e-07 0.000225757 0.00419577 6.4975e-07 0.999983 -0.00575614 -0.10698 -0.000225757 0.00575614 0.999983 -0.234985 0 0 0 1 
1 7.73824e-07 0.000246371 0.00457535 7.73824e-07 0.99998 -0.00628172 -0.116658 -0.000246371 0.00628172 0.99998 -0.256482 0 0 0 1 
1 9.08732e-07 0.000266984 0.00495494 9.08732e-07 0.999977 -0.00680731 -0.126336 -0.000266984 0.00680731 0.999977 -0.277979 0 0 0 1 
1 1.05447e-06 0.000287597 0.00533452 1.05447e-06 0.999973 -0.00733289 -0.136015 -0.000287597 0.00733289 0.999973 -0.299477 0 0 0 1 
1 1.21105e-06 0.000308211 0.00571411 1.21105e-06 0.999969 -0.00785846 -0.145693 -0.000308211 0.00785846 0.999969 -0.320974 0 0 0 1 
1 1.37846e-06 0.000328824 0.00609369 1.37846e-06 0.999965 -0.00838404 -0.155371 -0.000328824 0.00838404 0.999965 -0.342471 0 0 0 1 
1 1.54504e-06 0.000348126 0.00644712 1.54504e-06 0.999961 -0.00887618 -0.164382 -0.000348126 0.00887618 0.999961 -0.362624 0 0 0 1 
1 1.72112e-06 0.000367427 0.00680054 1.72112e-06 0.999956 -0.00936831 -0.173394 -0.000367427 0.00936831 0.999956 -0.382776 0 0 0 1 
1 1.9067e-06 0.000386728 0.00715397 1.9067e-06 0.999951 -0.00986044 -0.182405 -0.000386728 0.00986044 0.999951 -0.402929 0 0 0 1 
1 2.10178e-06 0.00040603 0.00750739 2.10178e-06 0.999946 -0.0103526 -0.191417 -0.00040603 0.0103526 0.999946 -0.423081 0 0 0 1 
1 2.30636e-06 0.000425331 0.00786082 2.30636e-06 0.999941 -0.0108447 -0.200428 -0.000425331 0.0108447 0.999941 -0.443234 0 0 0 1 
1 2.5038e-06 0.000443162 0.0081856 2.5038e-06 0.999936 -0.0112993 -0.208709 -0.000443162 0.0112993 0.999936 -0.461872 0 0 0 1 
1 2.70935e-06 0.000460994 0.00851038 2.70935e-06 0.999931 -0.011754 -0.21699 -0.000460994 0.011754 0.999931 -0.480509 0 0 0 1 
1 2.92301e-06 0.000478825 0.00883515 2.92301e-06 0.999925 -0.0122086 -0.22527 -0.000478825 0.0122086 0.999925 -0.499147 0 0 0 1 
1 3.14477e-06 0.000496656 0.00915993 3.14477e-06 0.99992 -0.0126633 -0.233551 -0.000496656 0.0126633 0.99992 -0.517784 0 0 0 1 
1 3.37464e-06 0.000514487 0.00948471 3.37464e-06 0.999914 -0.0131179 -0.241832 -0.000514487 0.0131179 0.999914 -0.536422 0 0 0 1 
1 3.59372e-06 0.000530924 0.00978263 3.59372e-06 0.999908 -0.013537 -0.249428 -0.000530924 0.013537 0.999908 -0.553619 0 0 0 1 
1 3.81969e-06 0.000547361 0.0100805 3.81969e-06 0.999903 -0.0139561 -0.257024 -0.000547361 0.0139561 0.999902 -0.570816 0 0 0 1 
1 4.05255e-06 0.000563798 0.0103785 4.05255e-06 0.999897 -0.0143751 -0.26462 -0.000563798 0.0143751 0.999897 -0.588014 0 0 0 1 
1 4.29229e-06 0.000580234 0.0106764 4.29229e-06 0.999891 -0.0147942 -0.272216 -0.000580234 0.0147942 0.99989 -0.605211 0 0 0 1 
1 4.53893e-06 0.000596671 0.0109743 4.53893e-06 0.999884 -0.0152133 -0.279812 -0.000596671 0.0152133 0.999884 -0.622408 0 0 0 1 
1 4.76977e-06 0.000611655 0.0112447 4.76977e-06 0.999878 -0.0155953 -0.286705 -0.000611655 0.0155953 0.999878 -0.638099 0 0 0 1 
1 5.00634e-06 0.000626638 0.011515 5.00634e-06 0.999872 -0.0159774 -0.293598 -0.000626638 0.0159774 0.999872 -0.65379 0 0 0 1 
1 5.24863e-06 0.000641621 0.0117854 5.24863e-06 0.999866 -0.0163594 -0.300492 -0.000641621 0.0163594 0.999866 -0.669482 0 0 0 1 
1 5.49665e-06 0.000656605 0.0120557 5.49665e-06 0.99986 -0.0167415 -0.307385 -0.000656605 0.0167415 0.99986 -0.685173 0 0 0 1 
1 5.75039e-06 0.000671588 0.0123261 5.75039e-06 0.999853 -0.0171235 -0.314278 -0.000671588 0.0171235 0.999853 -0.700864 0 0 0 1 
1 5.98408e-06 0.000685097 0.0125688 5.98408e-06 0.999847 -0.0174679 -0.320468 -0.000685097 0.0174679 0.999847 -0.715023 0 0 0 1 
1 6.22242e-06 0.000698607 0.0128116 6.22242e-06 0.999841 -0.0178124 -0.326657 -0.000698607 0.0178124 0.999841 -0.729182 0 0 0 1 
1 6.46542e-06 0.000712116 0.0130543 6.46542e-06 0.999835 -0.0181568 -0.332847 -0.000712116 0.0181568 0.999835 -0.74334 0 0 0 1 
1 6.71307e-06 0.000725625 0.0132971 6.71307e-06 0.999829 -0.0185013 -0.339036 -0.000725625 0.0185013 0.999829 -0.757499 0 0 0 1 
1 6.96537e-06 0.000739134 0.0135398 6.96537e-06 0.999822 -0.0188457 -0.345226 -0.000739134 0.0188457 0.999822 -0.771658 0 0 0 1 
1 7.19559e-06 0.000751249 0.0137567 7.19559e-06 0.999817 -0.0191546 -0.350756 -0.000751249 0.0191546 0.999816 -0.784364 0 0 0 1 
1 7.42955e-06 0.000763363 0.0139736 7.42955e-06 0.999811 -0.0194635 -0.356286 -0.000763363 0.0194635 0.99981 -0.797071 0 0 0 1 
1 7.66725e-06 0.000775477 0.0141904 7.66725e-06 0.999805 -0.0197723 -0.361815 -0.000775477 0.0197723 0.999804 -0.809777 0 0 0 1 
1 7.9087e-06 0.000787592 0.0144073 7.9087e-06 0.999798 -0.0200812 -0.367345 -0.000787592 0.0200812 0.999798 -0.822484 0 0 0 1 
1 8.15389e-06 0.000799706 0.0146242 8.15389e-06 0.999792 -0.0203901 -0.372875 -0.000799706 0.0203901 0.999792 -0.83519 0 0 0 1 
1 8.37217e-06 0.000810338 0.0148139 8.37217e-06 0.999787 -0.0206612 -0.377712 -0.000810338 0.0206612 0.999786 -0.846349 0 0 0 1 
1 8.59334e-06 0.00082097 0.0150036 8.59334e-06 0.999781 -0.0209323 -0.382549 -0.00082097 0.0209323 0.999781 -0.857508 0 0 0 1 
1 8.81738e-06 0.000831602 0.0151934 8.81738e-06 0.999775 -0.0212034 -0.387386 -0.000831602 0.0212034 0.999775 -0.868667 0 0 0 1 
1 9.04431e-06 0.000842233 0.0153831 9.04431e-06 0.999769 -0.0214745 -0.392223 -0.000842233 0.0214745 0.999769 -0.879826 0 0 0 1 
1 9.27413e-06 0.000852865 0.0155728 9.27413e-06 0.999764 -0.0217456 -0.39706 -0.000852865 0.0217456 0.999763 -0.890985 0 0 0 1 
1 9.47771e-06 0.000862174 0.0157384 9.47771e-06 0.999758 -0.0219829 -0.401283 -0.000862174 0.0219829 0.999758 -0.900761 0 0 0 1 
1 9.6835e-06 0.000871483 0.015904 9.6835e-06 0.999753 -0.0222203 -0.405506 -0.000871483 0.0222203 0.999753 -0.910537 0 0 0 1 
1 9.8915e-06 0.000880793 0.0160697 9.8915e-06 0.999748 -0.0224576 -0.409729 -0.000880793 0.0224576 0.999747 -0.920313 0 0 0 1 
1 1.01017e-05 0.000890102 0.0162353 1.01017e-05 0.999742 -0.022695 -0.413952 -0.000890102 0.022695 0.999742 -0.930089 0 0 0 1 
1 1.03141e-05 0.000899411 0.0164009 1.03141e-05 0.999737 -0.0229323 -0.418175 -0.000899411 0.0229323 0.999737 -0.939865 0 0 0 1 
1 1.04952e-05 0.000907268 0.0165403 1.04952e-05 0.999732 -0.0231326 -0.42173 -0.000907268 0.0231326 0.999732 -0.948121 0 0 0 1 
1 1.06778e-05 0.000915126 0.0166798 1.06778e-05 0.999728 -0.023333 -0.425286 -0.000915126 0.023333 0.999727 -0.956377 0 0 0 1 
1 1.08619e-05 0.000922983 0.0168192 1.08619e-05 0.999723 -0.0235333 -0.428841 -0.000922983 0.0235333 0.999723 -0.964633 0 0 0 1 
1 1.10477e-05 0.000930841 0.0169587 1.10477e-05 0.999718 -0.0237337 -0.432397 -0.000930841 0.0237337 0.999718 -0.972889 0 0 0 1 
1 1.1235e-05 0.000938698 0.0170981 1.1235e-05 0.999714 -0.023934 -0.435952 -0.000938698 0.023934 0.999713 -0.981145 0 0 0 1 
1 1.13933e-05 0.000945288 0.0172148 1.13933e-05 0.99971 -0.024102 -0.438928 -0.000945288 0.024102 0.999709 -0.988072 0 0 0 1 
1 1.15528e-05 0.000951878 0.0173315 1.15528e-05 0.999705 -0.0242701 -0.441903 -0.000951878 0.0242701 0.999705 -0.994999 0 0 0 1 
1 1.17133e-05 0.000958468 0.0174483 1.17133e-05 0.999701 -0.0244381 -0.444879 -0.000958468 0.0244381 0.999701 -1.00193 0 0 0 1 
1 1.1875e-05 0.000965058 0.017565 1.1875e-05 0.999697 -0.0246062 -0.447854 -0.000965058 0.0246062 0.999697 -1.00885 0 0 0 1 
1 1.20377e-05 0.000971648 0.0176817 1.20377e-05 0.999693 -0.0247742 -0.45083 -0.000971648 0.0247742 0.999693 -1.01578 0 0 0 1 
1 1.21683e-05 0.0009769 0.0177745 1.21683e-05 0.99969 -0.0249081 -0.453198 -0.0009769 0.0249081 0.999689 -1.0213 0 0 0 1 
1 1.22995e-05 0.000982153 0.0178674 1.22995e-05 0.999686 -0.025042 -0.455565 -0.000982153 0.025042 0.999686 -1.02682 0 0 0 1 
1 1.24314e-05 0.000987405 0.0179602 1.24314e-05 0.999683 -0.025176 -0.457933 -0.000987405 0.025176 0.999683 -1.03235 0 0 0 1 
1 1.2564e-05 0.000992658 0.0180531 1.2564e-05 0.99968 -0.0253099 -0.4603 -0.000992658 0.0253099 0.999679 -1.03787 0 0 0 1 
1 1.26974e-05 0.00099791 0.0181459 1.26974e-05 0.999676 -0.0254438 -0.462668 -0.00099791 0.0254438 0.999676 -1.04339 0 0 0 1 
0.999999 1.27955e-05 0.00100176 0.0182139 1.27955e-05 0.999674 -0.0255419 -0.464401 -0.00100176 0.0255419 0.999673 -1.04744 0 0 0 1 
0.999999 1.2894e-05 0.00100561 0.0182818 1.2894e-05 0.999671 -0.02564 -0.466133 -0.00100561 0.02564 0.999671 -1.05149 0 0 0 1 
0.999999 1.29929e-05 0.00100945 0.0183498 1.29929e-05 0.999669 -0.0257382 -0.467866 -0.00100945 0.0257382 0.999668 -1.05553 0 0 0 1 
0.999999 1.30922e-05 0.0010133 0.0184177 1.30922e-05 0.999666 -0.0258363 -0.469598 -0.0010133 0.0258363 0.999666 -1.05958 0 0 0 1 
0.999999 1.31918e-05 0.00101715 0.0184857 1.31918e-05 0.999664 -0.0259344 -0.471331 -0.00101715 0.0259344 0.999663 -1.06363 0 0 0 1 
0.999999 1.32614e-05 0.00101983 0.0185329 1.32614e-05 0.999662 -0.0260027 -0.472535 -0.00101983 0.0260027 0.999661 -1.06645 0 0 0 1 
0.999999 1.33311e-05 0.00102251 0.0185801 1.33311e-05 0.99966 -0.026071 -0.473739 -0.00102251 0.026071 0.99966 -1.06927 0 0 0 1 
0.999999 1.34011e-05 0.00102518 0.0186274 1.34011e-05 0.999658 -0.0261392 -0.474943 -0.00102518 0.0261392 0.999658 -1.07208 0 0 0 1 
0.999999 1.34712e-05 0.00102786 0.0186746 1.34712e-05 0.999657 -0.0262075 -0.476147 -0.00102786 0.0262075 0.999656 -1.0749 0 0 0 1 
0.999999 1.35415e-05 0.00103054 0.0187218 1.35415e-05 0.999655 -0.0262758 -0.477351 -0.00103054 0.0262758 0.999654 -1.07772 0 0 0 1 
0.999999 1.35821e-05 0.00103209 0.0187491 1.35821e-05 0.999654 -0.0263152 -0.478046 -0.00103209 0.0263152 0.999653 -1.07935 0 0 0 1 
0.999999 1.36229e-05 0.00103363 0.0187763 1.36229e-05 0.999653 -0.0263546 -0.478741 -0.00103363 0.0263546 0.999652 -1.08097 0 0 0 1 
0.999999 1.36637e-05 0.00103518 0.0188036 1.36637e-05 0.999652 -0.0263941 -0.479437 -0.00103518 0.0263941 0.999651 -1.0826 0 0 0 1 
0.999999 1.37045e-05 0.00103672 0.0188308 1.37045e-05 0.999651 -0.0264335 -0.480132 -0.00103672 0.0264335 0.99965 -1.08422 0 0 0 1 
0.999999 1.37454e-05 0.00103827 0.0188581 1.37454e-05 0.99965 -0.0264729 -0.480827 -0.00103827 0.0264729 0.999649 -1.08585 0 0 0 1 
0.999999 1.37572e-05 0.00103871 0.0188659 1.37572e-05 0.999649 -0.0264842 -0.481026 -0.00103871 0.0264842 0.999649 -1.08632 0 0 0 1 
0.999999 1.37689e-05 0.00103916 0.0188737 1.37689e-05 0.999649 -0.0264955 -0.481225 -0.00103916 0.0264955 0.999648 -1.08678 0 0 0 1 
0.999999 1.37807e-05 0.0010396 0.0188816 1.37807e-05 0.999649 -0.0265068 -0.481424 -0.0010396 0.0265068 0.999648 -1.08725 0 0 0 1 
0.999999 1.37925e-05 0.00104005 0.0188894 1.37925e-05 0.999648 -0.0265181 -0.481623 -0.00104005 0.0265181 0.999648 -1.08771 0 0 0 1 
0.999999 1.38042e-05 0.00104049 0.0188972 1.38042e-05 0.999648 -0.0265294 -0.481822 -0.00104049 0.0265294 0.999647 -1.08818 0 0 0 1 
0.999999 1.37832e-05 0.0010397 0.0188832 1.37832e-05 0.999649 -0.0265091 -0.481465 -0.0010397 0.0265091 0.999648 -1.08734 0 0 0 1 
0.999999 1.37621e-05 0.0010389 0.0188692 1.37621e-05 0.999649 -0.0264889 -0.481108 -0.0010389 0.0264889 0.999649 -1.08651 0 0 0 1 
0.999999 1.37411e-05 0.00103811 0.0188552 1.37411e-05 0.99965 -0.0264686 -0.480751 -0.00103811 0.0264686 0.999649 -1.08567 0 0 0 1 
0.999999 1.372e-05 0.00103731 0.0188412 1.372e-05 0.99965 -0.0264484 -0.480394 -0.00103731 0.0264484 0.99965 -1.08484 0 0 0 1 
0.999999 1.3699e-05 0.00103652 0.0188272 1.3699e-05 0.999651 -0.0264281 -0.480037 -0.00103652 0.0264281 0.99965 -1.084 0 0 0 1 
0.999999 1.36508e-05 0.00103469 0.018795 1.36508e-05 0.999652 -0.0263816 -0.479217 -0.00103469 0.0263816 0.999651 -1.08208 0 0 0 1 
0.999999 1.36027e-05 0.00103287 0.0187628 1.36027e-05 0.999653 -0.0263351 -0.478397 -0.00103287 0.0263351 0.999653 -1.08016 0 0 0 1 
0.999999 1.35546e-05 0.00103104 0.0187307 1.35546e-05 0.999654 -0.0262885 -0.477576 -0.00103104 0.0262885 0.999654 -1.07824 0 0 0 1 
0.999999 1.35067e-05 0.00102922 0.0186985 1.35067e-05 0.999656 -0.026242 -0.476756 -0.00102922 0.026242 0.999655 -1.07632 0 0 0 1 
0.999999 1.34588e-05 0.00102739 0.0186663 1.34588e-05 0.999657 -0.0261955 -0.475936 -0.00102739 0.0261955 0.999656 -1.0744 0 0 0 1 
0.999999 1.33846e-05 0.00102456 0.0186163 1.33846e-05 0.999659 -0.0261232 -0.474661 -0.00102456 0.0261232 0.999658 -1.07142 0 0 0 1 
0.999999 1.33107e-05 0.00102172 0.0185663 1.33107e-05 0.999661 -0.0260509 -0.473385 -0.00102172 0.0260509 0.99966 -1.06844 0 0 0 1 
0.999999 1.32369e-05 0.00101889 0.0185162 1.32369e-05 0.999662 -0.0259786 -0.47211 -0.00101889 0.0259786 0.999662 -1.06545 0 0 0 1 
0.999999 1.31633e-05 0.00101605 0.0184662 1.31633e-05 0.999664 -0.0259063 -0.470834 -0.00101605 0.0259063 0.999664 -1.06247 0 0 0 1 
0.999999 1.309e-05 0.00101322 0.0184162 1.309e-05 0.999666 -0.025834 -0.469559 -0.00101322 0.025834 0.999666 -1.05949 0 0 0 1 
0.999999 1.29915e-05 0.0010094 0.0183488 1.29915e-05 0.999669 -0.0257367 -0.46784 -0.0010094 0.0257367 0.999668 -1.05548 0 0 0 1 
0.999999 1.28934e-05 0.00100558 0.0182814 1.28934e-05 0.999671 -0.0256393 -0.466121 -0.00100558 0.0256393 0.999671 -1.05146 0 0 0 1 
0.999999 1.27956e-05 0.00100177 0.0182139 1.27956e-05 0.999674 -0.025542 -0.464403 -0.00100177 0.025542 0.999673 -1.04745 0 0 0 1 
1 1.26983e-05 0.000997947 0.0181465 1.26983e-05 0.999676 -0.0254446 -0.462684 -0.000997947 0.0254446 0.999676 -1.04343 0 0 0 1 
1 1.26013e-05 0.000994129 0.0180791 1.26013e-05 0.999679 -0.0253473 -0.460965 -0.000994129 0.0253473 0.999678 -1.03942 0 0 0 1 
1 1.24804e-05 0.00098935 0.0179946 1.24804e-05 0.999682 -0.0252255 -0.458811 -0.00098935 0.0252255 0.999681 -1.03439 0 0 0 1 
1 1.23601e-05 0.000984571 0.0179101 1.23601e-05 0.999685 -0.0251036 -0.456656 -0.000984571 0.0251036 0.999684 -1.02937 0 0 0 1 
1 1.22404e-05 0.000979793 0.0178257 1.22404e-05 0.999688 -0.0249818 -0.454502 -0.000979793 0.0249818 0.999687 -1.02434 0 0 0 1 
1 1.21213e-05 0.000975014 0.0177412 1.21213e-05 0.999691 -0.0248599 -0.452347 -0.000975014 0.0248599 0.99969 -1.01932 0 0 0 1 
1 1.20027e-05 0.000970235 0.0176567 1.20027e-05 0.999694 -0.0247381 -0.450193 -0.000970235 0.0247381 0.999693 -1.01429 0 0 0 1 
1 1.18611e-05 0.000964496 0.0175551 1.18611e-05 0.999698 -0.0245918 -0.447602 -0.000964496 0.0245918 0.999697 -1.00826 0 0 0 1 
1 1.17204e-05 0.000958758 0.0174534 1.17204e-05 0.999701 -0.0244455 -0.445011 -0.000958758 0.0244455 0.999701 -1.00223 0 0 0 1 
1 1.15805e-05 0.000953019 0.0173518 1.15805e-05 0.999705 -0.0242991 -0.442419 -0.000953019 0.0242991 0.999704 -0.996196 0 0 0 1 
1 1.14414e-05 0.000947281 0.0172501 1.14414e-05 0.999708 -0.0241528 -0.439828 -0.000947281 0.0241528 0.999708 -0.990164 0 0 0 1 
1 1.13032e-05 0.000941542 0.0171485 1.13032e-05 0.999712 -0.0240065 -0.437237 -0.000941542 0.0240065 0.999711 -0.984133 0 0 0 1 
1 1.11441e-05 0.000934892 0.0170305 1.11441e-05 0.999716 -0.023837 -0.434229 -0.000934892 0.023837 0.999715 -0.977146 0 0 0 1 
1 1.09861e-05 0.000928243 0.0169126 1.09861e-05 0.99972 -0.0236674 -0.431221 -0.000928243 0.0236674 0.999719 -0.970159 0 0 0 1 
1 1.08292e-05 0.000921593 0.0167946 1.08292e-05 0.999724 -0.0234979 -0.428214 -0.000921593 0.0234979 0.999723 -0.963172 0 0 0 1 
1 1.06735e-05 0.000914944 0.0166767 1.06735e-05 0.999728 -0.0233283 -0.425206 -0.000914944 0.0233283 0.999727 -0.956185 0 0 0 1 
1 1.05189e-05 0.000908294 0.0165587 1.05189e-05 0.999732 -0.0231588 -0.422198 -0.000908294 0.0231588 0.999731 -0.949198 0 0 0 1 
1 1.03477e-05 0.000900873 0.0164268 1.03477e-05 0.999736 -0.0229696 -0.418834 -0.000900873 0.0229696 0.999736 -0.941404 0 0 0 1 
1 1.01779e-05 0.000893453 0.0162949 1.01779e-05 0.99974 -0.0227804 -0.415471 -0.000893453 0.0227804 0.99974 -0.933609 0 0 0 1 
1 1.00095e-05 0.000886032 0.0161629 1.00095e-05 0.999745 -0.0225912 -0.412107 -0.000886032 0.0225912 0.999744 -0.925815 0 0 0 1 
1 9.84257e-06 0.000878612 0.016031 9.84257e-06 0.999749 -0.022402 -0.408744 -0.000878612 0.022402 0.999749 -0.91802 0 0 0 1 
1 9.67699e-06 0.000871191 0.0158991 9.67699e-06 0.999753 -0.0222128 -0.40538 -0.000871191 0.0222128 0.999753 -0.910226 0 0 0 1 
1 9.49392e-06 0.000862912 0.0157516 9.49392e-06 0.999758 -0.0220017 -0.401619 -0.000862912 0.0220017 0.999758 -0.901534 0 0 0 1 
1 9.31259e-06 0.000854633 0.0156041 9.31259e-06 0.999763 -0.0217906 -0.397858 -0.000854633 0.0217906 0.999762 -0.892842 0 0 0 1 
1 9.13301e-06 0.000846354 0.0154565 9.13301e-06 0.999767 -0.0215795 -0.394096 -0.000846354 0.0215795 0.999767 -0.884151 0 0 0 1 
1 8.95519e-06 0.000838075 0.015309 8.95519e-06 0.999772 -0.0213684 -0.390335 -0.000838075 0.0213684 0.999771 -0.875459 0 0 0 1 
1 8.7791e-06 0.000829796 0.0151615 8.7791e-06 0.999776 -0.0211573 -0.386574 -0.000829796 0.0211573 0.999776 -0.866767 0 0 0 1 
1 8.58941e-06 0.000820783 0.0150005 8.58941e-06 0.999781 -0.0209275 -0.382469 -0.000820783 0.0209275 0.999781 -0.85731 0 0 0 1 
1 8.40179e-06 0.00081177 0.0148395 8.40179e-06 0.999786 -0.0206977 -0.378364 -0.00081177 0.0206977 0.999785 -0.847852 0 0 0 1 
1 8.21624e-06 0.000802758 0.0146785 8.21624e-06 0.999791 -0.0204679 -0.374259 -0.000802758 0.0204679 0.99979 -0.838395 0 0 0 1 
1 8.03277e-06 0.000793745 0.0145175 8.03277e-06 0.999795 -0.0202381 -0.370154 -0.000793745 0.0202381 0.999795 -0.828937 0 0 0 1 
1 7.85136e-06 0.000784732 0.0143565 7.85136e-06 0.9998 -0.0200083 -0.366049 -0.000784732 0.0200083 0.9998 -0.81948 0 0 0 1 
1 7.65581e-06 0.000774899 0.0141804 7.65581e-06 0.999805 -0.0197576 -0.361558 -0.000774899 0.0197576 0.999804 -0.809167 0 0 0 1 
1 7.46272e-06 0.000765065 0.0140042 7.46272e-06 0.99981 -0.0195069 -0.357067 -0.000765065 0.0195069 0.999809 -0.798854 0 0 0 1 
1 7.2721e-06 0.000755232 0.0138281 7.2721e-06 0.999815 -0.0192561 -0.352575 -0.000755232 0.0192561 0.999814 -0.788542 0 0 0 1 
1 7.08395e-06 0.000745398 0.0136519 7.08395e-06 0.999819 -0.0190054 -0.348084 -0.000745398 0.0190054 0.999819 -0.778229 0 0 0 1 
1 6.89826e-06 0.000735565 0.0134758 6.89826e-06 0.999824 -0.0187547 -0.343593 -0.000735565 0.0187547 0.999824 -0.767916 0 0 0 1 
1 6.7044e-06 0.000725156 0.0132888 6.7044e-06 0.999829 -0.0184893 -0.338825 -0.000725156 0.0184893 0.999829 -0.757006 0 0 0 1 
1 6.5133e-06 0.000714747 0.0131018 6.5133e-06 0.999834 -0.0182239 -0.334057 -0.000714747 0.0182239 0.999834 -0.746096 0 0 0 1 
1 6.32496e-06 0.000704338 0.0129148 6.32496e-06 0.999839 -0.0179586 -0.32929 -0.000704338 0.0179586 0.999838 -0.735186 0 0 0 1 
1 6.13939e-06 0.000693929 0.0127278 6.13939e-06 0.999843 -0.0176932 -0.324522 -0.000693929 0.0176932 0.999843 -0.724276 0 0 0 1 
1 5.95658e-06 0.00068352 0.0125408 5.95658e-06 0.999848 -0.0174278 -0.319754 -0.00068352 0.0174278 0.999848 -0.713366 0 0 0 1 
1 5.76297e-06 0.000672321 0.012339 5.76297e-06 0.999853 -0.0171422 -0.314608 -0.000672321 0.0171422 0.999853 -0.701635 0 0 0 1 
1 5.57256e-06 0.000661122 0.0121372 5.57256e-06 0.999858 -0.0168567 -0.309462 -0.000661122 0.0168567 0.999858 -0.689904 0 0 0 1 
1 5.38535e-06 0.000649923 0.0119353 5.38535e-06 0.999863 -0.0165711 -0.304317 -0.000649923 0.0165711 0.999862 -0.678173 0 0 0 1 
1 5.20134e-06 0.000638724 0.0117335 5.20134e-06 0.999867 -0.0162856 -0.299171 -0.000638724 0.0162856 0.999867 -0.666442 0 0 0 1 
1 5.02052e-06 0.000627525 0.0115317 5.02052e-06 0.999872 -0.016 -0.294025 -0.000627525 0.016 0.999872 -0.654711 0 0 0 1 
1 4.83297e-06 0.000615693 0.0113178 4.83297e-06 0.999877 -0.0156983 -0.28857 -0.000615693 0.0156983 0.999877 -0.642325 0 0 0 1 
1 4.64899e-06 0.00060386 0.0111038 4.64899e-06 0.999881 -0.0153966 -0.283115 -0.00060386 0.0153966 0.999881 -0.629939 0 0 0 1 
1 4.46857e-06 0.000592028 0.0108899 4.46857e-06 0.999886 -0.015095 -0.27766 -0.000592028 0.015095 0.999886 -0.617553 0 0 0 1 
1 4.29173e-06 0.000580195 0.0106759 4.29173e-06 0.999891 -0.0147933 -0.272205 -0.000580195 0.0147933 0.99989 -0.605167 0 0 0 1 
1 4.11846e-06 0.000568363 0.010462 4.11846e-06 0.999895 -0.0144916 -0.26675 -0.000568363 0.0144916 0.999895 -0.592781 0 0 0 1 
1 3.94122e-06 0.000555999 0.0102377 3.94122e-06 0.9999 -0.0141764 -0.26103 -0.000555999 0.0141764 0.999899 -0.579848 0 0 0 1 
1 3.76788e-06 0.000543636 0.0100134 3.76788e-06 0.999904 -0.0138611 -0.255311 -0.000543636 0.0138611 0.999904 -0.566915 0 0 0 1 
1 3.59844e-06 0.000531272 0.00978903 3.59844e-06 0.999908 -0.0135459 -0.249591 -0.000531272 0.0135459 0.999908 -0.553983 0 0 0 1 
1 3.4329e-06 0.000518909 0.00956471 3.4329e-06 0.999912 -0.0132306 -0.243872 -0.000518909 0.0132306 0.999912 -0.54105 0 0 0 1 
1 3.27125e-06 0.000506545 0.00934039 3.27125e-06 0.999917 -0.0129154 -0.238152 -0.000506545 0.0129154 0.999916 -0.528117 0 0 0 1 
1 3.10444e-06 0.000493461 0.00910213 3.10444e-06 0.999921 -0.0125818 -0.232077 -0.000493461 0.0125818 0.999921 -0.514441 0 0 0 1 
1 2.94199e-06 0.000480377 0.00886387 2.94199e-06 0.999925 -0.0122482 -0.226002 -0.000480377 0.0122482 0.999925 -0.500764 0 0 0 1 
1 2.7839e-06 0.000467293 0.0086256 2.7839e-06 0.999929 -0.0119146 -0.219928 -0.000467293 0.0119146 0.999929 -0.487088 0 0 0 1 
1 2.63019e-06 0.000454209 0.00838734 2.63019e-06 0.999933 -0.011581 -0.213853 -0.000454209 0.011581 0.999933 -0.473411 0 0 0 1 
1 2.48083e-06 0.000441125 0.00814908 2.48083e-06 0.999937 -0.0112474 -0.207778 -0.000441125 0.0112474 0.999937 -0.459735 0 0 0 1 
1 2.33051e-06 0.000427552 0.00790097 2.33051e-06 0.999941 -0.0109013 -0.201452 -0.000427552 0.0109013 0.99994 -0.445558 0 0 0 1 
1 2.18489e-06 0.000413979 0.00765287 2.18489e-06 0.999944 -0.0105553 -0.195126 -0.000413979 0.0105553 0.999944 -0.431382 0 0 0 1 
1 2.04396e-06 0.000400406 0.00740476 2.04396e-06 0.999948 -0.0102092 -0.1888 -0.000400406 0.0102092 0.999948 -0.417205 0 0 0 1 
1 1.90773e-06 0.000386833 0.00715666 1.90773e-06 0.999951 -0.0098631 -0.182474 -0.000386833 0.0098631 0.999951 -0.403029 0 0 0 1 
1 1.7762e-06 0.00037326 0.00690855 1.7762e-06 0.999955 -0.00951702 -0.176148 -0.00037326 0.00951702 0.999955 -0.388852 0 0 0 1 
1 1.64419e-06 0.000359122 0.0066491 1.64419e-06 0.999958 -0.00915654 -0.169533 -0.000359122 0.00915654 0.999958 -0.374097 0 0 0 1 
1 1.51728e-06 0.000344984 0.00638964 1.51728e-06 0.999961 -0.00879607 -0.162917 -0.000344984 0.00879607 0.999961 -0.359343 0 0 0 1 
1 1.39547e-06 0.000330846 0.00613019 1.39547e-06 0.999964 -0.00843559 -0.156302 -0.000330846 0.00843559 0.999964 -0.344588 0 0 0 1 
1 1.27875e-06 0.000316708 0.00587073 1.27875e-06 0.999967 -0.00807511 -0.149686 -0.000316708 0.00807511 0.999967 -0.329834 0 0 0 1 
1 1.16713e-06 0.00030257 0.00561128 1.16713e-06 0.99997 -0.00771463 -0.143071 -0.00030257 0.00771463 0.99997 -0.315079 0 0 0 1 
1 1.05725e-06 0.000287975 0.00534236 1.05725e-06 0.999973 -0.00734251 -0.136214 -0.000287975 0.00734251 0.999973 -0.299861 0 0 0 1 
1 9.52796e-07 0.000273381 0.00507344 9.52796e-07 0.999976 -0.00697039 -0.129358 -0.000273381 0.00697039 0.999976 -0.284642 0 0 0 1 
1 8.53779e-07 0.000258786 0.00480451 8.53779e-07 0.999978 -0.00659827 -0.122501 -0.000258786 0.00659827 0.999978 -0.269424 0 0 0 1 
1 7.60192e-07 0.000244191 0.00453559 7.60192e-07 0.999981 -0.00622615 -0.115645 -0.000244191 0.00622615 0.999981 -0.254205 0 0 0 1 
1 6.72037e-07 0.000229596 0.00426667 6.72037e-07 0.999983 -0.00585403 -0.108788 -0.000229596 0.00585403 0.999983 -0.238987 0 0 0 1 
1 5.86361e-07 0.000214462 0.00398664 5.86361e-07 0.999985 -0.00546816 -0.101648 -0.000214462 0.00546816 0.999985 -0.22322 0 0 0 1 
1 5.06524e-07 0.000199328 0.00370661 5.06524e-07 0.999987 -0.00508228 -0.0945079 -0.000199328 0.00508228 0.999987 -0.207453 0 0 0 1 
1 4.32528e-07 0.000184194 0.00342658 4.32528e-07 0.999989 -0.00469641 -0.0873679 -0.000184194 0.00469641 0.999989 -0.191685 0 0 0 1 
1 3.64371e-07 0.00016906 0.00314655 3.64371e-07 0.999991 -0.00431054 -0.0802278 -0.00016906 0.00431054 0.999991 -0.175918 0 0 0 1 
1 3.02055e-07 0.000153926 0.00286652 3.02055e-07 0.999992 -0.00392466 -0.0730878 -0.000153926 0.00392466 0.999992 -0.160151 0 0 0 1 
1 2.44121e-07 0.00013838 0.00257762 2.44121e-07 0.999994 -0.00352827 -0.0657217 -0.00013838 0.00352827 0.999994 -0.143969 0 0 0 1 
1 1.9235e-07 0.000122833 0.00228872 1.9235e-07 0.999995 -0.00313189 -0.0583556 -0.000122833 0.00313189 0.999995 -0.127786 0 0 0 1 
1 1.46742e-07 0.000107287 0.00199982 1.46742e-07 0.999996 -0.0027355 -0.0509894 -0.000107287 0.0027355 0.999996 -0.111604 0 0 0 1 
1 1.07296e-07 9.17404e-05 0.00171092 1.07296e-07 0.999997 -0.00233911 -0.0436233 -9.17404e-05 0.00233911 0.999997 -0.0954215 0 0 0 1 
1 7.40119e-08 7.6194e-05 0.00142202 7.40119e-08 0.999998 -0.00194272 -0.0362572 -7.6194e-05 0.00194272 0.999998 -0.0792391 0 0 0 1 
1 4.62714e-08 6.02457e-05 0.00112435 4.62714e-08 0.999999 -0.00153609 -0.0286674 -6.02457e-05 0.00153609 0.999999 -0.0626538 0 0 0 1 
1 2.5016e-08 4.42975e-05 0.000826671 2.5016e-08 0.999999 -0.00112945 -0.0210776 -4.42975e-05 0.00112945 0.999999 -0.0460685 0 0 0 1 
1 1.02457e-08 2.83492e-05 0.000528997 1.02457e-08 1 -0.00072282 -0.0134878 -2.83492e-05 0.00072282 1 -0.0294832 0 0 0 1 
1 1.9605e-09 1.24009e-05 0.000231323 1.9605e-09 1 -0.000316187 -0.00589802 -1.24009e-05 0.000316187 1 -0.0128979 0 0 0 1 
1 1.60424e-10 -3.54736e-06 -6.63517e-05 1.60424e-10 1 9.04471e-05 0.00169177 3.54736e-06 -9.04471e-05 1 0.00368741 0 0 0 1 
1 5.09362e-09 -1.99886e-05 -0.000374611 5.09362e-09 1 0.000509652 0.00955148 1.99886e-05 -0.000509652 1 0.0207692 0 0 0 1 
1 1.69191e-08 -3.64299e-05 -0.000682871 1.69191e-08 1 0.000928857 0.0174112 3.64299e-05 -0.000928857 1 0.037851 0 0 0 1 
1 3.56368e-08 -5.28712e-05 -0.000991131 3.56368e-08 0.999999 0.00134806 0.0252709 5.28712e-05 -0.00134806 0.999999 0.0549328 0 0 0 1 
1 6.12468e-08 -6.93124e-05 -0.00129939 6.12468e-08 0.999998 0.00176727 0.0331306 6.93124e-05 -0.00176727 0.999998 0.0720146 0 0 0 1 
1 9.3749e-08 -8.57537e-05 -0.00160765 9.3749e-08 0.999998 0.00218647 0.0409903 8.57537e-05 -0.00218647 0.999998 0.0890964 0 0 0 1 
1 1.34091e-07 -0.000102558 -0.00192416 1.34091e-07 0.999997 0.00261492 0.0490605 0.000102558 -0.00261492 0.999997 0.106538 0 0 0 1 
1 1.81632e-07 -0.000119362 -0.00224067 1.81632e-07 0.999995 0.00304338 0.0571306 0.000119362 -0.00304338 0.999995 0.12398 0 0 0 1 
1 2.36373e-07 -0.000136166 -0.00255719 2.36373e-07 0.999994 0.00347183 0.0652008 0.000136166 -0.00347183 0.999994 0.141422 0 0 0 1 
1 2.98315e-07 -0.00015297 -0.0028737 2.98315e-07 0.999992 0.00390029 0.0732709 0.00015297 -0.00390029 0.999992 0.158863 0 0 0 1 
1 3.67455e-07 -0.000169774 -0.00319021 3.67455e-07 0.999991 0.00432874 0.0813411 0.000169774 -0.00432874 0.999991 0.176305 0 0 0 1 
1 4.45478e-07 -0.000186931 -0.00351489 4.45478e-07 0.999989 0.0047662 0.0896195 0.000186931 -0.0047662 0.999989 0.194096 0 0 0 1 
1 5.31007e-07 -0.000204089 -0.00383957 5.31007e-07 0.999986 0.00520366 0.0978979 0.000204089 -0.00520366 0.999986 0.211886 0 0 0 1 
1 6.24041e-07 -0.000221246 -0.00416425 6.24041e-07 0.999984 0.00564112 0.106176 0.000221246 -0.00564112 0.999984 0.229677 0 0 0 1 
1 7.24581e-07 -0.000238403 -0.00448893 7.24581e-07 0.999982 0.00607857 0.114455 0.000238403 -0.00607857 0.999981 0.247467 0 0 0 1 
1 8.32627e-07 -0.00025556 -0.00481361 8.32627e-07 0.999979 0.00651603 0.122733 0.00025556 -0.00651603 0.999979 0.265258 0 0 0 1 
1 9.50487e-07 -0.000273049 -0.00514614 9.50487e-07 0.999976 0.00696195 0.131211 0.000273049 -0.00696195 0.999976 0.283374 0 0 0 1 
1 1.07615e-06 -0.000290538 -0.00547867 1.07615e-06 0.999973 0.00740786 0.13969 0.000290538 -0.00740786 0.999973 0.30149 0 0 0 1 
1 1.2096e-06 -0.000308027 -0.0058112 1.2096e-06 0.999969 0.00785378 0.148168 0.000308027 -0.00785378 0.999969 0.319605 0 0 0 1 
1 1.35086e-06 -0.000325515 -0.00614373 1.35086e-06 0.999966 0.00829969 0.156647 0.000325515 -0.00829969 0.999966 0.337721 0 0 0 1 
1 1.49992e-06 -0.000343004 -0.00647626 1.49992e-06 0.999962 0.0087456 0.165125 0.000343004 -0.0087456 0.999962 0.355837 0 0 0 1 
1 1.6597e-06 -0.000360812 -0.00681648 1.6597e-06 0.999958 0.00919964 0.1738 0.000360812 -0.00919964 0.999958 0.374264 0 0 0 1 
1 1.82758e-06 -0.000378619 -0.0071567 1.82758e-06 0.999953 0.00965369 0.182474 0.000378619 -0.00965369 0.999953 0.392691 0 0 0 1 
1 2.00354e-06 -0.000396426 -0.00749691 2.00354e-06 0.999949 0.0101077 0.191149 0.000396426 -0.0101077 0.999949 0.411117 0 0 0 1 
1 2.18758e-06 -0.000414234 -0.00783713 2.18758e-06 0.999944 0.0105618 0.199823 0.000414234 -0.0105618 0.999944 0.429544 0 0 0 1 
1 2.37971e-06 -0.000432041 -0.00817735 2.37971e-06 0.999939 0.0110158 0.208498 0.000432041 -0.0110158 0.999939 0.447971 0 0 0 1 
1 2.58353e-06 -0.000450163 -0.00852526 2.58353e-06 0.999934 0.0114778 0.217369 0.000450163 -0.0114778 0.999934 0.466703 0 0 0 1 
1 2.79573e-06 -0.000468284 -0.00887317 2.79573e-06 0.999929 0.0119399 0.22624 0.000468284 -0.0119399 0.999929 0.485435 0 0 0 1 
1 3.0163e-06 -0.000486406 -0.00922109 3.0163e-06 0.999923 0.0124019 0.23511 0.000486406 -0.0124019 0.999923 0.504167 0 0 0 1 
1 3.24524e-06 -0.000504527 -0.009569 3.24524e-06 0.999917 0.012864 0.243981 0.000504527 -0.012864 0.999917 0.522899 0 0 0 1 
1 3.48256e-06 -0.000522648 -0.00991691 3.48256e-06 0.999911 0.013326 0.252852 0.000522648 -0.013326 0.999911 0.541631 0 0 0 1 
1 3.73212e-06 -0.000541049 -0.0102719 3.73212e-06 0.999905 0.0137952 0.261904 0.000541049 -0.0137952 0.999905 0.560631 0 0 0 1 
1 3.99031e-06 -0.000559451 -0.010627 3.99031e-06 0.999898 0.0142644 0.270956 0.000559451 -0.0142644 0.999898 0.579632 0 0 0 1 
1 4.25714e-06 -0.000577852 -0.010982 4.25714e-06 0.999891 0.0147335 0.280009 0.000577852 -0.0147335 0.999891 0.598632 0 0 0 1 
1 4.5326e-06 -0.000596253 -0.0113371 4.5326e-06 0.999884 0.0152027 0.289061 0.000596253 -0.0152027 0.999884 0.617633 0 0 0 1 
1 4.81669e-06 -0.000614654 -0.0116921 4.81669e-06 0.999877 0.0156719 0.298113 0.000614654 -0.0156719 0.999877 0.636633 0 0 0 1 
1 5.11382e-06 -0.000633327 -0.0120542 5.11382e-06 0.99987 0.016148 0.307345 0.000633327 -0.016148 0.999869 0.655893 0 0 0 1 
1 5.41984e-06 -0.000652 -0.0124162 5.41984e-06 0.999862 0.0166241 0.316577 0.000652 -0.0166241 0.999862 0.675153 0 0 0 1 
1 5.73475e-06 -0.000670673 -0.0127783 5.73475e-06 0.999854 0.0171002 0.325808 0.000670673 -0.0171002 0.999854 0.694414 0 0 0 1 
1 6.05855e-06 -0.000689346 -0.0131403 6.05855e-06 0.999846 0.0175763 0.33504 0.000689346 -0.0175763 0.999845 0.713674 0 0 0 1 
1 6.39124e-06 -0.000708019 -0.0135024 6.39124e-06 0.999837 0.0180524 0.344272 0.000708019 -0.0180524 0.999837 0.732934 0 0 0 1 
1 6.73755e-06 -0.000726946 -0.0138712 6.73755e-06 0.999828 0.018535 0.353676 0.000726946 -0.018535 0.999828 0.752434 0 0 0 1 
1 7.09299e-06 -0.000745873 -0.0142401 7.09299e-06 0.999819 0.0190176 0.363081 0.000745873 -0.0190176 0.999819 0.771934 0 0 0 1 
1 7.45756e-06 -0.000764799 -0.0146089 7.45756e-06 0.99981 0.0195002 0.372485 0.000764799 -0.0195002 0.99981 0.791435 0 0 0 1 
1 7.83127e-06 -0.000783726 -0.0149778 7.83127e-06 0.9998 0.0199827 0.38189 0.000783726 -0.0199827 0.9998 0.810935 0 0 0 1 
1 8.21412e-06 -0.000802652 -0.0153466 8.21412e-06 0.999791 0.0204653 0.391294 0.000802652 -0.0204653 0.99979 0.830435 0 0 0 1 
1 8.61117e-06 -0.000821821 -0.0157221 8.61117e-06 0.99978 0.020954 0.400867 0.000821821 -0.020954 0.99978 0.850162 0 0 0 1 
1 9.0176e-06 -0.000840989 -0.0160975 9.0176e-06 0.99977 0.0214428 0.41044 0.000840989 -0.0214428 0.99977 0.869889 0 0 0 1 
1 9.43339e-06 -0.000860157 -0.016473 9.43339e-06 0.999759 0.0219315 0.420013 0.000860157 -0.0219315 0.999759 0.889616 0 0 0 1 
1 9.85856e-06 -0.000879325 -0.0168484 9.85856e-06 0.999749 0.0224202 0.429586 0.000879325 -0.0224202 0.999748 0.909343 0 0 0 1 
1 1.02931e-05 -0.000898493 -0.0172239 1.02931e-05 0.999738 0.0229089 0.439159 0.000898493 -0.0229089 0.999737 0.92907 0 0 0 1 
1 1.07403e-05 -0.0009178 -0.017604 1.07403e-05 0.999726 0.0234012 0.44885 0.0009178 -0.0234012 0.999726 0.948916 0 0 0 1 
1 1.1197e-05 -0.000937107 -0.0179841 1.1197e-05 0.999715 0.0238935 0.458541 0.000937107 -0.0238935 0.999714 0.968762 0 0 0 1 
1 1.16632e-05 -0.000956414 -0.0183642 1.16632e-05 0.999703 0.0243858 0.468233 0.000956414 -0.0243858 0.999702 0.988608 0 0 0 1 
1 1.21389e-05 -0.000975721 -0.0187443 1.21389e-05 0.99969 0.024878 0.477924 0.000975721 -0.024878 0.99969 1.00845 0 0 0 1 
1 1.26241e-05 -0.000995027 -0.0191244 1.26241e-05 0.999678 0.0253703 0.487615 0.000995027 -0.0253703 0.999678 1.0283 0 0 0 1 
0.999999 1.31243e-05 -0.00101454 -0.0195106 1.31243e-05 0.999665 0.0258679 0.497462 0.00101454 -0.0258679 0.999665 1.04834 0 0 0 1 
0.999999 1.36342e-05 -0.00103406 -0.0198968 1.36342e-05 0.999652 0.0263656 0.507309 0.00103406 -0.0263656 0.999652 1.06838 0 0 0 1 
0.999999 1.41538e-05 -0.00105358 -0.020283 1.41538e-05 0.999639 0.0268632 0.517156 0.00105358 -0.0268632 0.999639 1.08842 0 0 0 1 
0.999999 1.46831e-05 -0.00107309 -0.0206692 1.46831e-05 0.999626 0.0273608 0.527003 0.00107309 -0.0273608 0.999625 1.10846 0 0 0 1 
0.999999 1.52221e-05 -0.00109261 -0.0210554 1.52221e-05 0.999612 0.0278584 0.53685 0.00109261 -0.0278584 0.999611 1.1285 0 0 0 1 
0.999999 1.57739e-05 -0.00111223 -0.0214457 1.57739e-05 0.999598 0.0283587 0.546801 0.00111223 -0.0283587 0.999597 1.14862 0 0 0 1 
0.999999 1.63355e-05 -0.00113185 -0.0218359 1.63355e-05 0.999583 0.0288589 0.556751 0.00113185 -0.0288589 0.999583 1.16875 0 0 0 1 
0.999999 1.69069e-05 -0.00115148 -0.0222262 1.69069e-05 0.999569 0.0293592 0.566702 0.00115148 -0.0293592 0.999568 1.18887 0 0 0 1 
0.999999 1.74881e-05 -0.0011711 -0.0226164 1.74881e-05 0.999554 0.0298595 0.576652 0.0011711 -0.0298595 0.999553 1.209 0 0 0 1 
0.999999 1.80791e-05 -0.00119072 -0.0230067 1.80791e-05 0.999539 0.0303597 0.586603 0.00119072 -0.0303597 0.999538 1.22912 0 0 0 1 
0.999999 1.86861e-05 -0.00121054 -0.0234029 1.86861e-05 0.999524 0.030865 0.596705 0.00121054 -0.030865 0.999523 1.24942 0 0 0 1 
0.999999 1.9303e-05 -0.00123035 -0.0237991 1.9303e-05 0.999508 0.0313703 0.606806 0.00123035 -0.0313703 0.999507 1.26972 0 0 0 1 
0.999999 1.993e-05 -0.00125017 -0.0241953 1.993e-05 0.999492 0.0318756 0.616908 0.00125017 -0.0318756 0.999491 1.29002 0 0 0 1 
0.999999 2.0567e-05 -0.00126998 -0.0245915 2.0567e-05 0.999476 0.0323808 0.627009 0.00126998 -0.0323808 0.999475 1.31032 0 0 0 1 
0.999999 2.1214e-05 -0.0012898 -0.0249877 2.1214e-05 0.999459 0.0328861 0.637111 0.0012898 -0.0328861 0.999458 1.33062 0 0 0 1 
0.999999 2.18764e-05 -0.00130978 -0.0253891 2.18764e-05 0.999442 0.0333955 0.647347 0.00130978 -0.0333955 0.999441 1.35106 0 0 0 1 
0.999999 2.2549e-05 -0.00132975 -0.0257906 2.2549e-05 0.999425 0.0339048 0.657583 0.00132975 -0.0339048 0.999424 1.3715 0 0 0 1 
0.999999 2.32318e-05 -0.00134973 -0.026192 2.32318e-05 0.999408 0.0344141 0.667818 0.00134973 -0.0344141 0.999407 1.39194 0 0 0 1 
0.999999 2.39247e-05 -0.0013697 -0.0265935 2.39247e-05 0.99939 0.0349235 0.678054 0.0013697 -0.0349235 0.999389 1.41238 0 0 0 1 
0.999999 2.46279e-05 -0.00138968 -0.0269949 2.46279e-05 0.999372 0.0354328 0.68829 0.00138968 -0.0354328 0.999371 1.43282 0 0 0 1 
0.999999 2.53428e-05 -0.0014097 -0.0273993 2.53428e-05 0.999354 0.0359432 0.698601 0.0014097 -0.0359432 0.999353 1.45328 0 0 0 1 
0.999999 2.6068e-05 -0.00142972 -0.0278037 2.6068e-05 0.999335 0.0364537 0.708912 0.00142972 -0.0364537 0.999334 1.47374 0 0 0 1 
0.999999 2.68034e-05 -0.00144974 -0.028208 2.68034e-05 0.999317 0.0369641 0.719222 0.00144974 -0.0369641 0.999316 1.49419 0 0 0 1 
0.999999 2.7549e-05 -0.00146976 -0.0286124 2.7549e-05 0.999298 0.0374745 0.729533 0.00146976 -0.0374745 0.999297 1.51465 0 0 0 1 
0.999999 2.83048e-05 -0.00148978 -0.0290168 2.83048e-05 0.999278 0.0379849 0.739844 0.00148978 -0.0379849 0.999277 1.53511 0 0 0 1 
0.999999 2.90767e-05 -0.00150995 -0.0294263 2.90767e-05 0.999259 0.0384992 0.750286 0.00150995 -0.0384992 0.999257 1.5557 0 0 0 1 
0.999999 2.9859e-05 -0.00153012 -0.0298359 2.9859e-05 0.999239 0.0390135 0.760728 0.00153012 -0.0390135 0.999238 1.57628 0 0 0 1 
0.999999 3.06516e-05 -0.00155029 -0.0302454 3.06516e-05 0.999218 0.0395277 0.771169 0.00155029 -0.0395277 0.999217 1.59687 0 0 0 1 
0.999999 3.14546e-05 -0.00157045 -0.030655 3.14546e-05 0.999198 0.040042 0.781611 0.00157045 -0.040042 0.999197 1.61745 0 0 0 1 
0.999999 3.2268e-05 -0.00159062 -0.0310645 3.2268e-05 0.999177 0.0405562 0.792053 0.00159062 -0.0405562 0.999176 1.63804 0 0 0 1 
0.999999 3.30938e-05 -0.00161083 -0.031477 3.30938e-05 0.999156 0.0410716 0.802572 0.00161083 -0.0410716 0.999155 1.65865 0 0 0 1 
0.999999 3.39299e-05 -0.00163105 -0.0318896 3.39299e-05 0.999135 0.041587 0.81309 0.00163105 -0.041587 0.999134 1.67926 0 0 0 1 
0.999999 3.47764e-05 -0.00165126 -0.0323021 3.47764e-05 0.999113 0.0421023 0.823609 0.00165126 -0.0421023 0.999112 1.69986 0 0 0 1 
0.999999 3.56334e-05 -0.00167148 -0.0327147 3.56334e-05 0.999091 0.0426177 0.834127 0.00167148 -0.0426177 0.99909 1.72047 0 0 0 1 
0.999999 3.65008e-05 -0.00169169 -0.0331272 3.65008e-05 0.999069 0.043133 0.844646 0.00169169 -0.043133 0.999068 1.74108 0 0 0 1 
0.999999 3.73838e-05 -0.00171202 -0.0335443 3.73838e-05 0.999047 0.0436514 0.85528 0.00171202 -0.0436514 0.999045 1.76178 0 0 0 1 
0.999998 3.82774e-05 -0.00173235 -0.0339614 3.82774e-05 0.999024 0.0441697 0.865914 0.00173235 -0.0441697 0.999023 1.78248 0 0 0 1 
0.999998 3.91814e-05 -0.00175268 -0.0343784 3.91814e-05 0.999001 0.0446881 0.876548 0.00175268 -0.0446881 0.998999 1.80318 0 0 0 1 
0.999998 4.00961e-05 -0.001773 -0.0347955 4.00961e-05 0.998978 0.0452064 0.887182 0.001773 -0.0452064 0.998976 1.82388 0 0 0 1 
0.999998 4.10212e-05 -0.00179333 -0.0352126 4.10212e-05 0.998954 0.0457247 0.897816 0.00179333 -0.0457247 0.998952 1.84458 0 0 0 1 
0.999998 4.19578e-05 -0.00181368 -0.0356321 4.19578e-05 0.99893 0.0462434 0.908513 0.00181368 -0.0462434 0.998929 1.86527 0 0 0 1 
0.999998 4.29049e-05 -0.00183402 -0.0360516 4.29049e-05 0.998906 0.0467621 0.91921 0.00183402 -0.0467621 0.998904 1.88596 0 0 0 1 
0.999998 4.38625e-05 -0.00185436 -0.0364712 4.38625e-05 0.998882 0.0472808 0.929906 0.00185436 -0.0472808 0.99888 1.90665 0 0 0 1 
0.999998 4.48307e-05 -0.00187471 -0.0368907 4.48307e-05 0.998857 0.0477995 0.940603 0.00187471 -0.0477995 0.998855 1.92734 0 0 0 1 
0.999998 4.58095e-05 -0.00189505 -0.0373102 4.58095e-05 0.998832 0.0483182 0.9513 0.00189505 -0.0483182 0.99883 1.94803 0 0 0 1 
0.999998 4.67992e-05 -0.0019154 -0.037732 4.67992e-05 0.998807 0.048837 0.962054 0.0019154 -0.048837 0.998805 1.9687 0 0 0 1 
0.999998 4.77994e-05 -0.00193575 -0.0381537 4.77994e-05 0.998781 0.0493558 0.972808 0.00193575 -0.0493558 0.998779 1.98937 0 0 0 1 
0.999998 4.88102e-05 -0.0019561 -0.0385755 4.88102e-05 0.998755 0.0498746 0.983562 0.0019561 -0.0498746 0.998754 2.01003 0 0 0 1 
0.999998 4.98316e-05 -0.00197644 -0.0389972 4.98316e-05 0.998729 0.0503934 0.994316 0.00197644 -0.0503934 0.998727 2.0307 0 0 0 1 
0.999998 5.08635e-05 -0.00199679 -0.039419 5.08635e-05 0.998703 0.0509122 1.00507 0.00199679 -0.0509122 0.998701 2.05137 0 0 0 1 
0.999998 5.19084e-05 -0.00201718 -0.0398438 5.19084e-05 0.998676 0.0514321 1.0159 0.00201718 -0.0514321 0.998674 2.07206 0 0 0 1 
0.999998 5.29638e-05 -0.00203757 -0.0402686 5.29638e-05 0.99865 0.051952 1.02673 0.00203757 -0.051952 0.998648 2.09275 0 0 0 1 
0.999998 5.40299e-05 -0.00205796 -0.0406935 5.40299e-05 0.998622 0.0524719 1.03757 0.00205796 -0.0524719 0.99862 2.11343 0 0 0 1 
0.999998 5.51066e-05 -0.00207835 -0.0411183 5.51066e-05 0.998595 0.0529918 1.0484 0.00207835 -0.0529918 0.998593 2.13412 0 0 0 1 
0.999998 5.61939e-05 -0.00209874 -0.0415431 5.61939e-05 0.998567 0.0535117 1.05923 0.00209874 -0.0535117 0.998565 2.15481 0 0 0 1 
0.999998 5.72906e-05 -0.00211911 -0.0419696 5.72906e-05 0.998539 0.054031 1.0701 0.00211911 -0.054031 0.998537 2.17545 0 0 0 1 
0.999998 5.83979e-05 -0.00213947 -0.042396 5.83979e-05 0.998511 0.0545502 1.08097 0.00213947 -0.0545502 0.998509 2.19608 0 0 0 1 
0.999998 5.95158e-05 -0.00215984 -0.0428225 5.95158e-05 0.998483 0.0550695 1.09185 0.00215984 -0.0550695 0.99848 2.21672 0 0 0 1 
