0.99999 0.000590663 0.00449852 -0.0142589 -0.00057707 0.999995 -0.00302245 0.105661 -0.00450029 0.00301982 0.999985 -0.507057 0 0 0 1 
0.999985 0.000716158 0.00538422 -0.0180668 -0.000696728 0.999993 -0.00360982 0.126122 -0.00538677 0.00360602 0.999979 -0.606084 0 0 0 1 
0.99998 0.000842173 0.00626985 -0.0218747 -0.000815865 0.999991 -0.0041973 0.146583 -0.00627332 0.0041921 0.999972 -0.70511 0 0 0 1 
0.999974 0.000968706 0.00715539 -0.0256825 -0.000934481 0.999988 -0.00478488 0.167045 -0.00715994 0.00477807 0.999963 -0.804137 0 0 0 1 
0.999967 0.00109576 0.00804085 -0.0294904 -0.00105258 0.999985 -0.00537256 0.187506 -0.00804662 0.00536392 0.999953 -0.903163 0 0 0 1 
0.999959 0.00122333 0.00892623 -0.0332983 -0.00117015 0.999982 -0.00596035 0.207967 -0.00893336 0.00594966 0.999942 -1.00219 0 0 0 1 
0.999951 0.00135685 0.00979724 -0.0380231 -0.0012929 0.999978 -0.00653073 0.227749 -0.00980588 0.00651774 0.999931 -1.09879 0 0 0 1 
0.999942 0.00149087 0.0106682 -0.042748 -0.00141516 0.999974 -0.00710121 0.247532 -0.0106785 0.0070857 0.999918 -1.19539 0 0 0 1 
0.999932 0.00162538 0.011539 -0.0474728 -0.00153691 0.999969 -0.0076718 0.267314 -0.0115511 0.00765355 0.999904 -1.292 0 0 0 1 
0.999921 0.00176039 0.0124097 -0.0521977 -0.00165817 0.999965 -0.00824249 0.287097 -0.0124238 0.00822127 0.999889 -1.3886 0 0 0 1 
0.99991 0.00189589 0.0132804 -0.0569225 -0.00177893 0.99996 -0.00881329 0.306879 -0.0132966 0.00878887 0.999873 -1.4852 0 0 0 1 
0.999898 0.00203708 0.0141359 -0.062534 -0.00190478 0.999954 -0.00936619 0.325957 -0.0141543 0.0093383 0.999856 -1.57928 0 0 0 1 
0.999885 0.00217874 0.0149912 -0.0681455 -0.00203017 0.999949 -0.00991919 0.345036 -0.0150121 0.00988761 0.999838 -1.67336 0 0 0 1 
0.999872 0.00232088 0.0158465 -0.0737571 -0.00215507 0.999943 -0.0104723 0.364114 -0.0158699 0.0104368 0.99982 -1.76744 0 0 0 1 
0.999857 0.00246348 0.0167016 -0.0793686 -0.0022795 0.999937 -0.0110255 0.383193 -0.0167277 0.0109859 0.9998 -1.86152 0 0 0 1 
0.999842 0.00260655 0.0175567 -0.0849801 -0.00240346 0.99993 -0.0115788 0.402271 -0.0175857 0.0115348 0.999779 -1.9556 0 0 0 1 
0.999827 0.00275506 0.0183965 -0.0914425 -0.00253243 0.999923 -0.0121143 0.420646 -0.0184285 0.0120656 0.999757 -2.04716 0 0 0 1 
0.999811 0.00290402 0.0192362 -0.0979049 -0.00266094 0.999916 -0.0126499 0.43902 -0.0192713 0.0125964 0.999735 -2.13872 0 0 0 1 
0.999794 0.00305342 0.0200757 -0.104367 -0.00278901 0.999909 -0.0131857 0.457395 -0.0201142 0.013127 0.999712 -2.23027 0 0 0 1 
0.999776 0.00320327 0.0209152 -0.11083 -0.00291662 0.999902 -0.0137215 0.475769 -0.0209571 0.0136574 0.999687 -2.32183 0 0 0 1 
0.999758 0.00335357 0.0217546 -0.117292 -0.00304378 0.999894 -0.0142574 0.494144 -0.0218001 0.0141878 0.999662 -2.41339 0 0 0 1 
0.999739 0.00350899 0.0225779 -0.12457 -0.00317583 0.999886 -0.0147752 0.511795 -0.0226271 0.0146996 0.999636 -2.50234 0 0 0 1 
0.999719 0.00366484 0.023401 -0.131848 -0.00330744 0.999878 -0.015293 0.529446 -0.0234542 0.0152113 0.999609 -2.5913 0 0 0 1 
0.999699 0.0038211 0.0242241 -0.139125 -0.00343863 0.999869 -0.015811 0.547096 -0.0242814 0.0157229 0.999582 -2.68025 0 0 0 1 
0.999678 0.00397779 0.0250471 -0.146403 -0.00356939 0.99986 -0.016329 0.564747 -0.0251086 0.0162344 0.999553 -2.76921 0 0 0 1 
0.999657 0.0041349 0.02587 -0.153681 -0.00369972 0.999851 -0.0168472 0.582398 -0.0259358 0.0167457 0.999523 -2.85816 0 0 0 1 
0.999635 0.00429671 0.026676 -0.161728 -0.00383469 0.999842 -0.017347 0.599313 -0.0267463 0.0172383 0.999494 -2.94445 0 0 0 1 
0.999612 0.00445892 0.0274819 -0.169776 -0.00396925 0.999833 -0.0178468 0.616227 -0.0275568 0.0177308 0.999463 -3.03073 0 0 0 1 
0.999589 0.00462152 0.0282877 -0.177823 -0.0041034 0.999823 -0.0183468 0.633142 -0.0283674 0.0182232 0.999431 -3.11702 0 0 0 1 
0.999565 0.00478452 0.0290933 -0.185871 -0.00423715 0.999813 -0.0188469 0.650056 -0.0291781 0.0187154 0.999399 -3.2033 0 0 0 1 
0.999541 0.00494792 0.0298989 -0.193918 -0.0043705 0.999803 -0.0193471 0.666971 -0.0299888 0.0192075 0.999366 -3.28959 0 0 0 1 
0.999516 0.00511569 0.0306875 -0.202693 -0.00450831 0.999793 -0.019829 0.683152 -0.0307825 0.0196811 0.999332 -3.37321 0 0 0 1 
0.999491 0.00528383 0.0314759 -0.211468 -0.00464574 0.999783 -0.0203111 0.699333 -0.0315764 0.0201545 0.999298 -3.45683 0 0 0 1 
0.999465 0.00545234 0.0322642 -0.220244 -0.00478278 0.999772 -0.0207933 0.715514 -0.0323702 0.0206278 0.999263 -3.54045 0 0 0 1 
0.999438 0.00562122 0.0330524 -0.229019 -0.00491944 0.999762 -0.0212755 0.731695 -0.0331641 0.021101 0.999227 -3.62407 0 0 0 1 
0.99941 0.00579048 0.0338405 -0.237794 -0.00505572 0.99975 -0.0217579 0.747876 -0.0339581 0.021574 0.99919 -3.70769 0 0 0 1 
0.999383 0.00596392 0.034611 -0.247271 -0.00519647 0.99974 -0.0222215 0.763301 -0.0347345 0.0220279 0.999154 -3.78856 0 0 0 1 
0.999355 0.00613772 0.0353814 -0.256748 -0.00533686 0.999728 -0.0226852 0.778725 -0.035511 0.0224817 0.999116 -3.86943 0 0 0 1 
0.999326 0.00631186 0.0361517 -0.266224 -0.00547689 0.999717 -0.0231489 0.79415 -0.0362875 0.0229353 0.999078 -3.95029 0 0 0 1 
0.999297 0.00648635 0.0369218 -0.275701 -0.00561656 0.999705 -0.0236128 0.809574 -0.0370641 0.0233888 0.999039 -4.03116 0 0 0 1 
0.999267 0.00666119 0.0376919 -0.285178 -0.00575586 0.999694 -0.0240768 0.824999 -0.0378407 0.0238422 0.998999 -4.11203 0 0 0 1 
0.999237 0.00683962 0.0384435 -0.295298 -0.00589923 0.999682 -0.0245221 0.839664 -0.038599 0.0242766 0.99896 -4.19011 0 0 0 1 
0.999207 0.00701837 0.039195 -0.305417 -0.00604225 0.99967 -0.0249675 0.854329 -0.0393573 0.0247109 0.99892 -4.26819 0 0 0 1 
0.999176 0.00719746 0.0399464 -0.315537 -0.00618493 0.999658 -0.025413 0.868994 -0.0401156 0.025145 0.998879 -4.34626 0 0 0 1 
0.999144 0.00737687 0.0406977 -0.325656 -0.00632728 0.999646 -0.0258586 0.883659 -0.040874 0.025579 0.998837 -4.42434 0 0 0 1 
0.999112 0.0075566 0.0414489 -0.335776 -0.00646929 0.999633 -0.0263043 0.898324 -0.0416324 0.0260128 0.998794 -4.50242 0 0 0 1 
0.99908 0.0077397 0.0421811 -0.346509 -0.00661532 0.999621 -0.0267307 0.912208 -0.042372 0.0264271 0.998752 -4.57763 0 0 0 1 
0.999047 0.00792311 0.0429131 -0.357242 -0.00676104 0.999608 -0.0271573 0.926092 -0.0431115 0.0268413 0.99871 -4.65284 0 0 0 1 
0.999014 0.00810682 0.0436451 -0.367976 -0.00690645 0.999596 -0.0275839 0.939977 -0.0438511 0.0272553 0.998666 -4.72804 0 0 0 1 
0.99898 0.00829083 0.044377 -0.378709 -0.00705153 0.999583 -0.0280107 0.953861 -0.0445907 0.0276692 0.998622 -4.80325 0 0 0 1 
0.998946 0.00847515 0.0451088 -0.389442 -0.0071963 0.99957 -0.0284375 0.967745 -0.0453304 0.028083 0.998577 -4.87846 0 0 0 1 
0.998912 0.00866225 0.0458209 -0.40073 -0.00734469 0.999557 -0.0288452 0.980848 -0.0460504 0.0284773 0.998533 -4.95076 0 0 0 1 
0.998878 0.00884963 0.0465328 -0.412018 -0.00749278 0.999544 -0.029253 0.993951 -0.0467705 0.0288715 0.998488 -5.02307 0 0 0 1 
0.998842 0.00903729 0.0472447 -0.423305 -0.00764058 0.999531 -0.0296609 1.00705 -0.0474906 0.0292656 0.998443 -5.09537 0 0 0 1 
0.998807 0.00922524 0.0479564 -0.434593 -0.00778808 0.999517 -0.0300689 1.02016 -0.0482107 0.0296595 0.998397 -5.16768 0 0 0 1 
0.998771 0.00941346 0.0486681 -0.445881 -0.00793529 0.999504 -0.030477 1.03326 -0.0489308 0.0300533 0.99835 -5.23998 0 0 0 1 
0.998735 0.00960415 0.0493598 -0.457685 -0.00808596 0.999491 -0.0308658 1.04558 -0.0496311 0.0304277 0.998304 -5.30936 0 0 0 1 
0.998699 0.0097951 0.0500513 -0.469489 -0.00823636 0.999478 -0.0312548 1.0579 -0.0503313 0.0308019 0.998257 -5.37874 0 0 0 1 
0.998662 0.00998631 0.0507428 -0.481293 -0.00838648 0.999464 -0.0316439 1.07021 -0.0510316 0.031176 0.99821 -5.44812 0 0 0 1 
0.998625 0.0101778 0.0514342 -0.493097 -0.00853633 0.99945 -0.032033 1.08253 -0.051732 0.0315499 0.998163 -5.5175 0 0 0 1 
0.998587 0.0103695 0.0521255 -0.504901 -0.00868591 0.999437 -0.0324223 1.09485 -0.0524323 0.0319237 0.998114 -5.58688 0 0 0 1 
0.998549 0.0105632 0.052796 -0.517168 -0.00883861 0.999423 -0.0327921 1.10637 -0.0531119 0.0322779 0.998067 -5.65328 0 0 0 1 
0.998512 0.0107571 0.0534663 -0.529435 -0.00899105 0.99941 -0.0331621 1.1179 -0.0537915 0.032632 0.998019 -5.71968 0 0 0 1 
0.998473 0.0109512 0.0541366 -0.541702 -0.00914325 0.999396 -0.0335321 1.12942 -0.0544711 0.0329859 0.99797 -5.78607 0 0 0 1 
0.998435 0.0111456 0.0548068 -0.553969 -0.00929519 0.999382 -0.0339022 1.14095 -0.0551508 0.0333397 0.997921 -5.85247 0 0 0 1 
0.998396 0.0113402 0.0554769 -0.566236 -0.00944687 0.999368 -0.0342725 1.15247 -0.0558305 0.0336934 0.997872 -5.91887 0 0 0 1 
0.998357 0.0115363 0.0561252 -0.578919 -0.00960142 0.999354 -0.0346228 1.16318 -0.0564884 0.0340271 0.997823 -5.98218 0 0 0 1 
0.998318 0.0117326 0.0567735 -0.591602 -0.00975573 0.999341 -0.0349732 1.17389 -0.0571464 0.0343606 0.997774 -6.0455 0 0 0 1 
0.998279 0.0119291 0.0574216 -0.604286 -0.00990981 0.999327 -0.0353238 1.18461 -0.0578043 0.0346939 0.997725 -6.10881 0 0 0 1 
0.998239 0.0121259 0.0580697 -0.616969 -0.0100637 0.999313 -0.0356744 1.19532 -0.0584623 0.0350272 0.997675 -6.17213 0 0 0 1 
0.998199 0.0123228 0.0587176 -0.629652 -0.0102173 0.999299 -0.0360251 1.20603 -0.0591204 0.0353603 0.997624 -6.23544 0 0 0 1 
0.998159 0.0125208 0.0593435 -0.642704 -0.0103735 0.999285 -0.036356 1.21593 -0.0597563 0.0356735 0.997575 -6.29567 0 0 0 1 
0.998119 0.012719 0.0599693 -0.655755 -0.0105294 0.999271 -0.036687 1.22583 -0.0603922 0.0359865 0.997526 -6.35589 0 0 0 1 
0.998079 0.0129173 0.060595 -0.668807 -0.0106852 0.999257 -0.037018 1.23572 -0.0610282 0.0362995 0.997476 -6.41612 0 0 0 1 
0.998038 0.0131159 0.0612206 -0.681858 -0.0108407 0.999243 -0.0373492 1.24562 -0.0616642 0.0366123 0.997425 -6.47634 0 0 0 1 
0.997997 0.0133147 0.0618462 -0.69491 -0.010996 0.999229 -0.0376805 1.25552 -0.0623002 0.0369249 0.997374 -6.53657 0 0 0 1 
0.997957 0.013514 0.062449 -0.708286 -0.0111537 0.999216 -0.0379916 1.26459 -0.0629134 0.0372174 0.997325 -6.59364 0 0 0 1 
0.997916 0.0137136 0.0630517 -0.721662 -0.0113111 0.999202 -0.0383028 1.27367 -0.0635266 0.0375098 0.997275 -6.65071 0 0 0 1 
0.997875 0.0139133 0.0636543 -0.735037 -0.0114684 0.999188 -0.0386141 1.28274 -0.0641399 0.037802 0.997225 -6.70778 0 0 0 1 
0.997834 0.0141132 0.0642568 -0.748413 -0.0116255 0.999174 -0.0389254 1.29182 -0.0647531 0.0380941 0.997174 -6.76485 0 0 0 1 
0.997792 0.0143132 0.0648593 -0.761789 -0.0117824 0.99916 -0.0392369 1.30089 -0.0653664 0.0383861 0.997123 -6.82192 0 0 0 1 
0.997751 0.0145132 0.065438 -0.775421 -0.011941 0.999147 -0.0395282 1.30914 -0.0659559 0.0386579 0.997073 -6.87578 0 0 0 1 
0.99771 0.0147133 0.0660166 -0.789054 -0.0120995 0.999134 -0.0398196 1.31738 -0.0665453 0.0389297 0.997024 -6.92964 0 0 0 1 
0.997669 0.0149135 0.0665952 -0.802686 -0.0122578 0.99912 -0.0401111 1.32563 -0.0671348 0.0392013 0.996974 -6.98351 0 0 0 1 
0.997627 0.015114 0.0671737 -0.816319 -0.0124159 0.999106 -0.0404027 1.33387 -0.0677243 0.0394728 0.996923 -7.03737 0 0 0 1 
0.997585 0.0153145 0.0677521 -0.829951 -0.0125739 0.999093 -0.0406944 1.34212 -0.0683138 0.0397442 0.996872 -7.09123 0 0 0 1 
0.997544 0.0155145 0.0683061 -0.843794 -0.0127333 0.999079 -0.0409656 1.34953 -0.0688788 0.0399952 0.996823 -7.14182 0 0 0 1 
0.997503 0.0157147 0.0688601 -0.857637 -0.0128926 0.999066 -0.0412369 1.35694 -0.0694438 0.0402461 0.996774 -7.19242 0 0 0 1 
0.997461 0.0159149 0.069414 -0.87148 -0.0130518 0.999053 -0.0415082 1.36434 -0.0700088 0.0404969 0.996724 -7.24301 0 0 0 1 
0.997419 0.0161154 0.0699678 -0.885323 -0.0132107 0.99904 -0.0417797 1.37175 -0.0705738 0.0407475 0.996674 -7.29361 0 0 0 1 
0.997377 0.0163159 0.0705215 -0.899166 -0.0133696 0.999026 -0.0420512 1.37916 -0.0711389 0.0409981 0.996624 -7.3442 0 0 0 1 
0.997336 0.0165155 0.0710505 -0.913177 -0.0135296 0.999013 -0.0423023 1.38573 -0.0716791 0.0412283 0.996575 -7.39151 0 0 0 1 
0.997295 0.0167152 0.0715795 -0.927188 -0.0136896 0.999 -0.0425534 1.3923 -0.0722192 0.0414584 0.996527 -7.43882 0 0 0 1 
0.997253 0.016915 0.0721084 -0.941198 -0.0138493 0.998987 -0.0428046 1.39887 -0.0727594 0.0416884 0.996478 -7.48612 0 0 0 1 
0.997212 0.0171149 0.0726372 -0.955209 -0.014009 0.998974 -0.0430559 1.40544 -0.0732996 0.0419183 0.996429 -7.53343 0 0 0 1 
0.997169 0.017315 0.0731659 -0.96922 -0.0141685 0.998961 -0.0433073 1.41201 -0.0738398 0.042148 0.996379 -7.58074 0 0 0 1 
0.997129 0.0175133 0.0736685 -0.983326 -0.0143286 0.998949 -0.0435377 1.41772 -0.0743536 0.0423572 0.996332 -7.62465 0 0 0 1 
0.997088 0.0177116 0.0741711 -0.997432 -0.0144887 0.998937 -0.0437683 1.42344 -0.0748674 0.0425662 0.996285 -7.66856 0 0 0 1 
0.997047 0.0179101 0.0746735 -1.01154 -0.0146486 0.998924 -0.0439989 1.42915 -0.0753812 0.0427751 0.996237 -7.71248 0 0 0 1 
0.997006 0.0181087 0.0751759 -1.02564 -0.0148083 0.998912 -0.0442296 1.43487 -0.0758951 0.042984 0.996189 -7.75639 0 0 0 1 
0.996964 0.0183074 0.0756783 -1.03975 -0.014968 0.998899 -0.0444604 1.44058 -0.0764089 0.0431927 0.996141 -7.8003 0 0 0 1 
0.996924 0.0185039 0.0761541 -1.05391 -0.015128 0.998887 -0.0446702 1.44544 -0.0768959 0.0433808 0.996095 -7.84079 0 0 0 1 
0.996884 0.0187004 0.0766299 -1.06807 -0.0152879 0.998875 -0.0448801 1.45029 -0.077383 0.0435688 0.996049 -7.88127 0 0 0 1 
0.996844 0.0188971 0.0771056 -1.08223 -0.0154477 0.998863 -0.0450901 1.45515 -0.07787 0.0437566 0.996003 -7.92176 0 0 0 1 
0.996803 0.0190938 0.0775812 -1.09639 -0.0156074 0.998851 -0.0453001 1.46 -0.0783571 0.0439444 0.995956 -7.96224 0 0 0 1 
0.996762 0.0192907 0.0780568 -1.11055 -0.0157669 0.998839 -0.0455102 1.46486 -0.0788442 0.0441321 0.99591 -8.00273 0 0 0 1 
0.996723 0.0194843 0.0785036 -1.12469 -0.0159262 0.998828 -0.0456981 1.46881 -0.079302 0.0442981 0.995866 -8.03956 0 0 0 1 
0.996684 0.0196781 0.0789503 -1.13883 -0.0160854 0.998817 -0.0458861 1.47276 -0.0797599 0.044464 0.995822 -8.0764 0 0 0 1 
0.996645 0.0198719 0.079397 -1.15297 -0.0162445 0.998806 -0.0460742 1.47671 -0.0802177 0.0446299 0.995778 -8.11323 0 0 0 1 
0.996605 0.0200658 0.0798436 -1.16711 -0.0164036 0.998795 -0.0462624 1.48066 -0.0806756 0.0447956 0.995733 -8.15007 0 0 0 1 
0.996566 0.0202598 0.0802901 -1.18125 -0.0165625 0.998783 -0.0464506 1.48461 -0.0811335 0.0449612 0.995689 -8.1869 0 0 0 1 
0.996528 0.0204503 0.0807085 -1.19532 -0.0167208 0.998773 -0.0466175 1.48769 -0.0815628 0.0451062 0.995647 -8.2202 0 0 0 1 
0.99649 0.0206408 0.0811268 -1.2094 -0.016879 0.998762 -0.0467845 1.49078 -0.081992 0.045251 0.995605 -8.2535 0 0 0 1 
0.996452 0.0208314 0.081545 -1.22347 -0.0170372 0.998752 -0.0469516 1.49386 -0.0824213 0.0453957 0.995563 -8.28681 0 0 0 1 
0.996414 0.0210221 0.0819632 -1.23755 -0.0171953 0.998741 -0.0471188 1.49695 -0.0828506 0.0455404 0.995521 -8.32011 0 0 0 1 
0.996375 0.0212128 0.0823814 -1.25162 -0.0173533 0.998731 -0.047286 1.50003 -0.0832799 0.045685 0.995478 -8.35341 0 0 0 1 
0.996339 0.0213993 0.0827705 -1.26556 -0.01751 0.998721 -0.0474321 1.50225 -0.0836796 0.0458091 0.995439 -8.38315 0 0 0 1 
0.996302 0.0215858 0.0831596 -1.2795 -0.0176667 0.998711 -0.0475782 1.50447 -0.0840794 0.0459331 0.9954 -8.4129 0 0 0 1 
0.996266 0.0217723 0.0835486 -1.29345 -0.0178233 0.998702 -0.0477244 1.50668 -0.0844792 0.0460571 0.99536 -8.44264 0 0 0 1 
0.996229 0.0219589 0.0839376 -1.30739 -0.0179798 0.998692 -0.0478707 1.5089 -0.0848789 0.046181 0.99532 -8.47239 0 0 0 1 
0.996192 0.0221456 0.0843265 -1.32133 -0.0181363 0.998682 -0.048017 1.51112 -0.0852787 0.0463048 0.995281 -8.50213 0 0 0 1 
0.996158 0.0223275 0.0846856 -1.3351 -0.0182913 0.998673 -0.0481417 1.51246 -0.0856481 0.0464077 0.995244 -8.52822 0 0 0 1 
0.996123 0.0225095 0.0850447 -1.34887 -0.0184462 0.998664 -0.0482664 1.51379 -0.0860176 0.0465105 0.995207 -8.55432 0 0 0 1 
0.996088 0.0226916 0.0854038 -1.36264 -0.018601 0.998655 -0.0483912 1.51513 -0.086387 0.0466133 0.995171 -8.58041 0 0 0 1 
0.996053 0.0228737 0.0857628 -1.37641 -0.0187559 0.998646 -0.048516 1.51646 -0.0867564 0.046716 0.995134 -8.60651 0 0 0 1 
0.996018 0.0230558 0.0861218 -1.39018 -0.0189106 0.998637 -0.0486409 1.5178 -0.0871259 0.0468186 0.995097 -8.6326 0 0 0 1 
0.995985 0.0232324 0.0864502 -1.40371 -0.0190631 0.998629 -0.0487446 1.51827 -0.0874641 0.0469009 0.995063 -8.65505 0 0 0 1 
0.995953 0.023409 0.0867785 -1.41723 -0.0192155 0.998621 -0.0488483 1.51873 -0.0878023 0.0469831 0.995029 -8.6775 0 0 0 1 
0.99592 0.0235856 0.0871068 -1.43076 -0.0193679 0.998613 -0.048952 1.5192 -0.0881406 0.0470652 0.994996 -8.69996 0 0 0 1 
0.995887 0.0237623 0.087435 -1.44428 -0.0195203 0.998605 -0.0490558 1.51966 -0.0884788 0.0471473 0.994962 -8.72241 0 0 0 1 
0.995854 0.023939 0.0877633 -1.45781 -0.0196726 0.998597 -0.0491597 1.52013 -0.088817 0.0472293 0.994928 -8.74486 0 0 0 1 
0.995823 0.0241099 0.0880605 -1.47107 -0.0198225 0.99859 -0.0492418 1.51971 -0.0891235 0.0472906 0.994897 -8.7636 0 0 0 1 
0.995793 0.0242809 0.0883576 -1.48433 -0.0199723 0.998583 -0.049324 1.51929 -0.0894301 0.0473518 0.994867 -8.78234 0 0 0 1 
0.995762 0.0244518 0.0886548 -1.49758 -0.0201222 0.998576 -0.0494062 1.51887 -0.0897366 0.0474129 0.994836 -8.80107 0 0 0 1 
0.995732 0.0246228 0.0889519 -1.51084 -0.020272 0.998569 -0.0494885 1.51845 -0.0900432 0.047474 0.994806 -8.81981 0 0 0 1 
0.995701 0.0247938 0.089249 -1.5241 -0.0204218 0.998562 -0.0495708 1.51803 -0.0903497 0.0475351 0.994775 -8.83855 0 0 0 1 
0.995673 0.024958 0.0895137 -1.537 -0.0205682 0.998556 -0.0496317 1.51673 -0.0906231 0.0475758 0.994748 -8.85354 0 0 0 1 
0.995645 0.0251221 0.0897783 -1.5499 -0.0207146 0.99855 -0.0496926 1.51543 -0.0908965 0.0476164 0.994721 -8.86852 0 0 0 1 
0.995617 0.0252863 0.090043 -1.56279 -0.020861 0.998544 -0.0497535 1.51414 -0.0911699 0.047657 0.994694 -8.88351 0 0 0 1 
0.995589 0.0254505 0.0903076 -1.57569 -0.0210073 0.998538 -0.0498144 1.51284 -0.0914434 0.0476976 0.994667 -8.89849 0 0 0 1 
0.99556 0.0256147 0.0905722 -1.58859 -0.0211537 0.998531 -0.0498754 1.51154 -0.0917168 0.0477381 0.99464 -8.91348 0 0 0 1 
0.995535 0.0257717 0.0908042 -1.6011 -0.0212963 0.998526 -0.0499151 1.50937 -0.0919568 0.0477584 0.994617 -8.92471 0 0 0 1 
0.99551 0.0259287 0.0910361 -1.61361 -0.0214389 0.998521 -0.0499547 1.50719 -0.0921968 0.0477787 0.994594 -8.93594 0 0 0 1 
0.995485 0.0260857 0.0912681 -1.62611 -0.0215815 0.998516 -0.0499944 1.50502 -0.0924368 0.047799 0.994571 -8.94717 0 0 0 1 
0.995459 0.0262427 0.0915 -1.63862 -0.0217241 0.998511 -0.0500342 1.50284 -0.0926768 0.0478192 0.994547 -8.9584 0 0 0 1 
0.995434 0.0263997 0.0917319 -1.65113 -0.0218667 0.998506 -0.0500739 1.50067 -0.0929168 0.0478394 0.994524 -8.96963 0 0 0 1 
0.995412 0.026548 0.0919271 -1.66314 -0.0220046 0.998502 -0.0500901 1.49754 -0.0931192 0.0478375 0.994505 -8.9767 0 0 0 1 
0.99539 0.0266963 0.0921222 -1.67515 -0.0221424 0.998498 -0.0501064 1.4944 -0.0933215 0.0478356 0.994486 -8.98377 0 0 0 1 
0.995368 0.0268446 0.0923173 -1.68717 -0.0222802 0.998495 -0.0501227 1.49127 -0.0935239 0.0478336 0.994467 -8.99083 0 0 0 1 
0.995346 0.026993 0.0925125 -1.69918 -0.0224181 0.998491 -0.050139 1.48813 -0.0937262 0.0478316 0.994448 -8.9979 0 0 0 1 
0.995323 0.0271413 0.0927076 -1.71119 -0.0225559 0.998487 -0.0501553 1.485 -0.0939286 0.0478296 0.994429 -9.00497 0 0 0 1 
0.995305 0.0272811 0.092868 -1.7227 -0.0226889 0.998484 -0.0501499 1.48097 -0.0940954 0.0478073 0.994415 -9.00815 0 0 0 1 
0.995286 0.0274208 0.0930284 -1.73421 -0.0228219 0.998481 -0.0501445 1.47695 -0.0942621 0.047785 0.9944 -9.01133 0 0 0 1 
0.995267 0.0275606 0.0931888 -1.74573 -0.0229549 0.998478 -0.0501392 1.47292 -0.0944289 0.0477627 0.994385 -9.01451 0 0 0 1 
0.995248 0.0277004 0.0933492 -1.75724 -0.0230879 0.998476 -0.0501338 1.4689 -0.0945956 0.0477404 0.99437 -9.01769 0 0 0 1 
0.995229 0.0278401 0.0935096 -1.76875 -0.0232209 0.998473 -0.0501285 1.46487 -0.0947623 0.047718 0.994356 -9.02087 0 0 0 1 
0.995214 0.0279707 0.0936345 -1.77971 -0.0233484 0.998471 -0.0501016 1.45996 -0.0948927 0.0476756 0.994345 -9.02015 0 0 0 1 
0.995198 0.0281013 0.0937594 -1.79068 -0.023476 0.99847 -0.0500747 1.45505 -0.0950231 0.0476332 0.994335 -9.01942 0 0 0 1 
0.995183 0.0282318 0.0938844 -1.80164 -0.0236036 0.998468 -0.0500479 1.45013 -0.0951535 0.0475908 0.994324 -9.0187 0 0 0 1 
0.995167 0.0283624 0.0940093 -1.81261 -0.0237312 0.998466 -0.050021 1.44522 -0.0952839 0.0475483 0.994314 -9.01797 0 0 0 1 
0.995152 0.028493 0.0941343 -1.82357 -0.0238587 0.998464 -0.0499942 1.44031 -0.0954142 0.0475059 0.994303 -9.01725 0 0 0 1 
0.99514 0.0286139 0.0942237 -1.83394 -0.0239804 0.998464 -0.0499465 1.43453 -0.0955081 0.0474443 0.994297 -9.01268 0 0 0 1 
0.995128 0.0287348 0.094313 -1.84432 -0.024102 0.998463 -0.0498989 1.42875 -0.095602 0.0473826 0.994291 -9.00811 0 0 0 1 
0.995116 0.0288558 0.0944024 -1.85469 -0.0242236 0.998463 -0.0498512 1.42297 -0.0956958 0.0473209 0.994285 -9.00353 0 0 0 1 
0.995104 0.0289767 0.0944918 -1.86507 -0.0243453 0.998462 -0.0498035 1.41719 -0.0957897 0.0472593 0.994279 -8.99896 0 0 0 1 
0.995092 0.0290976 0.0945812 -1.87544 -0.0244669 0.998462 -0.0497559 1.41141 -0.0958835 0.0471976 0.994273 -8.99439 0 0 0 1 
0.995084 0.0292084 0.0946342 -1.88519 -0.0245823 0.998462 -0.0496871 1.40475 -0.09594 0.0471165 0.994271 -8.98591 0 0 0 1 
0.995075 0.0293192 0.0946872 -1.89494 -0.0246976 0.998463 -0.0496182 1.39809 -0.0959964 0.0470353 0.99427 -8.97742 0 0 0 1 
0.995067 0.0294301 0.0947402 -1.9047 -0.0248129 0.998463 -0.0495494 1.39144 -0.0960528 0.0469542 0.994268 -8.96894 0 0 0 1 
0.995059 0.0295409 0.0947932 -1.91445 -0.0249283 0.998464 -0.0494806 1.38478 -0.0961093 0.0468731 0.994267 -8.96045 0 0 0 1 
0.99505 0.0296517 0.0948462 -1.9242 -0.0250436 0.998464 -0.0494118 1.37812 -0.0961657 0.0467919 0.994265 -8.95197 0 0 0 1 
0.995046 0.0297518 0.0948622 -1.93328 -0.0251519 0.998466 -0.0493224 1.3706 -0.0961841 0.0466921 0.994268 -8.9396 0 0 0 1 
0.995041 0.0298518 0.0948782 -1.94236 -0.0252602 0.998468 -0.049233 1.36308 -0.0962025 0.0465922 0.994271 -8.92723 0 0 0 1 
0.995037 0.0299519 0.0948942 -1.95145 -0.0253685 0.998469 -0.0491436 1.35556 -0.0962209 0.0464924 0.994274 -8.91487 0 0 0 1 
0.995032 0.0300519 0.0949102 -1.96053 -0.0254768 0.998471 -0.0490543 1.34804 -0.0962392 0.0463926 0.994276 -8.9025 0 0 0 1 
0.995028 0.030152 0.0949262 -1.96961 -0.0255851 0.998473 -0.0489649 1.34052 -0.0962576 0.0462927 0.994279 -8.89013 0 0 0 1 
0.995027 0.03024 0.0949012 -1.97794 -0.0256855 0.998476 -0.0488527 1.33205 -0.0962339 0.0461722 0.994287 -8.87347 0 0 0 1 
0.995027 0.0303281 0.0948763 -1.98627 -0.0257859 0.998479 -0.0487405 1.32358 -0.0962101 0.0460517 0.994295 -8.85681 0 0 0 1 
0.995027 0.0304162 0.0948513 -1.99459 -0.0258863 0.998481 -0.0486283 1.31511 -0.0961864 0.0459311 0.994303 -8.84014 0 0 0 1 
0.995026 0.0305042 0.0948264 -2.00292 -0.0259866 0.998484 -0.0485161 1.30664 -0.0961626 0.0458106 0.994311 -8.82348 0 0 0 1 
0.995026 0.0305923 0.0948015 -2.01125 -0.026087 0.998487 -0.0484039 1.29817 -0.0961388 0.0456901 0.994319 -8.80682 0 0 0 1 
0.99503 0.0306687 0.0947379 -2.01885 -0.0261795 0.998491 -0.0482711 1.28883 -0.0960754 0.045551 0.994331 -8.78619 0 0 0 1 
0.995033 0.0307452 0.0946744 -2.02644 -0.0262719 0.998495 -0.0481382 1.27949 -0.0960119 0.0454119 0.994344 -8.76556 0 0 0 1 
0.995037 0.0308217 0.0946109 -2.03404 -0.0263644 0.998499 -0.0480054 1.27014 -0.0959485 0.0452728 0.994356 -8.74492 0 0 0 1 
0.995041 0.0308981 0.0945473 -2.04163 -0.0264569 0.998503 -0.0478725 1.2608 -0.095885 0.0451337 0.994369 -8.72429 0 0 0 1 
0.995044 0.0309746 0.0944838 -2.04923 -0.0265493 0.998507 -0.0477396 1.25146 -0.0958215 0.0449946 0.994381 -8.70366 0 0 0 1 
0.995052 0.0310394 0.0943826 -2.05609 -0.0266336 0.998512 -0.0475873 1.24128 -0.0957192 0.0448381 0.994398 -8.67922 0 0 0 1 
0.99506 0.0311042 0.0942813 -2.06295 -0.0267179 0.998517 -0.0474351 1.2311 -0.0956169 0.0446817 0.994415 -8.65478 0 0 0 1 
0.995067 0.0311691 0.0941801 -2.06981 -0.0268021 0.998522 -0.0472828 1.22093 -0.0955146 0.0445253 0.994432 -8.63035 0 0 0 1 
0.995075 0.0312339 0.0940788 -2.07667 -0.0268864 0.998527 -0.0471305 1.21075 -0.0954123 0.0443689 0.994449 -8.60591 0 0 0 1 
0.995082 0.0312988 0.0939776 -2.08353 -0.0269706 0.998532 -0.0469781 1.20057 -0.09531 0.0442125 0.994465 -8.58147 0 0 0 1 
0.995094 0.0313519 0.0938384 -2.08965 -0.0270465 0.998538 -0.0468065 1.18956 -0.0951687 0.0440389 0.994487 -8.55323 0 0 0 1 
0.995105 0.031405 0.0936992 -2.09577 -0.0271223 0.998544 -0.0466349 1.17855 -0.0950274 0.0438653 0.994508 -8.52498 0 0 0 1 
0.995117 0.0314581 0.0935601 -2.1019 -0.0271982 0.99855 -0.0464633 1.16754 -0.094886 0.0436917 0.994529 -8.49674 0 0 0 1 
0.995128 0.0315112 0.0934209 -2.10802 -0.027274 0.998556 -0.0462917 1.15653 -0.0947447 0.0435182 0.99455 -8.46849 0 0 0 1 
0.995139 0.0315644 0.0932817 -2.11414 -0.0273498 0.998561 -0.04612 1.14552 -0.0946033 0.0433446 0.994571 -8.44025 0 0 0 1 
0.995155 0.0316052 0.0931041 -2.11948 -0.0274165 0.998568 -0.04593 1.1337 -0.0944224 0.0431549 0.994596 -8.40827 0 0 0 1 
0.99517 0.031646 0.0929264 -2.12482 -0.0274832 0.998575 -0.0457401 1.12188 -0.0942415 0.0429652 0.994622 -8.37629 0 0 0 1 
0.995185 0.0316869 0.0927488 -2.13016 -0.0275499 0.998582 -0.0455501 1.11007 -0.0940606 0.0427756 0.994647 -8.34431 0 0 0 1 
0.9952 0.0317278 0.0925711 -2.1355 -0.0276165 0.998589 -0.0453601 1.09825 -0.0938797 0.0425859 0.994672 -8.31233 0 0 0 1 
0.995216 0.0317687 0.0923935 -2.14084 -0.0276831 0.998596 -0.0451701 1.08643 -0.0936987 0.0423962 0.994697 -8.28035 0 0 0 1 
0.995235 0.0317966 0.0921742 -2.14537 -0.0277402 0.998604 -0.0449594 1.07371 -0.093475 0.0421883 0.994727 -8.24425 0 0 0 1 
0.995254 0.0318245 0.0919549 -2.14991 -0.0277973 0.998611 -0.0447488 1.061 -0.0932513 0.0419803 0.994757 -8.20816 0 0 0 1 
0.995274 0.0318524 0.0917355 -2.15444 -0.0278544 0.998619 -0.0445381 1.04828 -0.0930275 0.0417724 0.994787 -8.17206 0 0 0 1 
0.995293 0.0318804 0.0915162 -2.15898 -0.0279114 0.998627 -0.0443275 1.03557 -0.0928038 0.0415645 0.994816 -8.13597 0 0 0 1 
0.995312 0.0319085 0.0912969 -2.16351 -0.0279683 0.998635 -0.0441168 1.02285 -0.09258 0.0413565 0.994846 -8.09987 0 0 0 1 
0.995336 0.0319241 0.0910389 -2.16727 -0.0280159 0.998644 -0.0438882 1.00933 -0.0923165 0.041133 0.99488 -8.06007 0 0 0 1 
0.995359 0.0319397 0.0907808 -2.17104 -0.0280634 0.998652 -0.0436597 0.995815 -0.0920529 0.0409094 0.994913 -8.02027 0 0 0 1 
0.995382 0.0319554 0.0905227 -2.1748 -0.0281109 0.998661 -0.0434311 0.982298 -0.0917893 0.0406858 0.994947 -7.98046 0 0 0 1 
0.995405 0.0319711 0.0902646 -2.17857 -0.0281583 0.998669 -0.0432025 0.96878 -0.0915258 0.0404623 0.99498 -7.94066 0 0 0 1 
0.995427 0.0319869 0.0900065 -2.18233 -0.0282057 0.998678 -0.0429739 0.955263 -0.0912622 0.0402387 0.995014 -7.90086 0 0 0 1 
0.995454 0.0319905 0.0897109 -2.18535 -0.0282437 0.998687 -0.0427288 0.940982 -0.0909601 0.0400008 0.995051 -7.85754 0 0 0 1 
0.99548 0.0319942 0.0894152 -2.18837 -0.0282816 0.998697 -0.0424838 0.926701 -0.0906579 0.0397629 0.995088 -7.81422 0 0 0 1 
0.995507 0.0319979 0.0891196 -2.1914 -0.0283195 0.998706 -0.0422387 0.912421 -0.0903558 0.0395251 0.995125 -7.77091 0 0 0 1 
0.995533 0.0320017 0.0888239 -2.19442 -0.0283573 0.998715 -0.0419935 0.89814 -0.0900537 0.0392872 0.995162 -7.72759 0 0 0 1 
0.995559 0.0320056 0.0885282 -2.19744 -0.028395 0.998725 -0.0417484 0.883859 -0.0897515 0.0390493 0.995198 -7.68427 0 0 0 1 
0.995589 0.0319977 0.0881956 -2.19976 -0.0284236 0.998735 -0.0414872 0.868822 -0.0894115 0.0387974 0.995239 -7.6375 0 0 0 1 
0.995619 0.0319899 0.087863 -2.20208 -0.0284521 0.998745 -0.0412259 0.853784 -0.0890715 0.0385454 0.995279 -7.59073 0 0 0 1 
0.995648 0.0319821 0.0875303 -2.20439 -0.0284806 0.998755 -0.0409647 0.838747 -0.0887315 0.0382935 0.995319 -7.54395 0 0 0 1 
0.995678 0.0319744 0.0871977 -2.20671 -0.0285089 0.998764 -0.0407034 0.823709 -0.0883914 0.0380415 0.995359 -7.49718 0 0 0 1 
0.995707 0.0319668 0.086865 -2.20903 -0.0285372 0.998774 -0.0404421 0.808672 -0.0880514 0.0377896 0.995399 -7.45041 0 0 0 1 
0.99574 0.0319476 0.0864963 -2.21066 -0.0285562 0.998785 -0.040166 0.792917 -0.0876744 0.0375249 0.995442 -7.40035 0 0 0 1 
0.995772 0.0319284 0.0861275 -2.21229 -0.0285751 0.998795 -0.0398899 0.777162 -0.0872974 0.0372601 0.995485 -7.35029 0 0 0 1 
0.995805 0.0319093 0.0857587 -2.21393 -0.028594 0.998806 -0.0396137 0.761407 -0.0869203 0.0369954 0.995528 -7.30024 0 0 0 1 
0.995837 0.0318904 0.0853899 -2.21556 -0.0286127 0.998816 -0.0393376 0.745652 -0.0865433 0.0367306 0.995571 -7.25018 0 0 0 1 
0.995869 0.0318715 0.0850211 -2.21719 -0.0286313 0.998827 -0.0390615 0.729897 -0.0861662 0.0364658 0.995613 -7.20012 0 0 0 1 
0.995905 0.0318399 0.0846121 -2.21809 -0.02864 0.998838 -0.0387682 0.713334 -0.0857481 0.0361862 0.995659 -7.14636 0 0 0 1 
0.995941 0.0318085 0.084203 -2.21898 -0.0286485 0.998849 -0.038475 0.696771 -0.0853299 0.0359066 0.995706 -7.09261 0 0 0 1 
0.995976 0.0317772 0.083794 -2.21988 -0.0286569 0.99886 -0.0381818 0.680207 -0.0849117 0.0356269 0.995751 -7.03885 0 0 0 1 
0.996012 0.031746 0.0833849 -2.22077 -0.0286651 0.998871 -0.0378885 0.663644 -0.0844935 0.0353472 0.995797 -6.9851 0 0 0 1 
0.996047 0.0317149 0.0829758 -2.22167 -0.0286733 0.998882 -0.0375953 0.647081 -0.0840753 0.0350675 0.995842 -6.93134 0 0 0 1 
0.996085 0.0316729 0.082532 -2.22196 -0.0286726 0.998893 -0.0372886 0.629833 -0.0836217 0.0347762 0.995891 -6.8745 0 0 0 1 
0.996123 0.031631 0.0820883 -2.22225 -0.0286717 0.998905 -0.0369818 0.612584 -0.0831681 0.0344848 0.995939 -6.81766 0 0 0 1 
0.996161 0.0315892 0.0816445 -2.22254 -0.0286707 0.998916 -0.0366751 0.595336 -0.0827145 0.0341935 0.995987 -6.76081 0 0 0 1 
0.996198 0.0315476 0.0812006 -2.22283 -0.0286696 0.998927 -0.0363683 0.578087 -0.0822609 0.0339021 0.996034 -6.70397 0 0 0 1 
0.996236 0.0315061 0.0807568 -2.22312 -0.0286683 0.998938 -0.0360616 0.560839 -0.0818072 0.0336107 0.996081 -6.64713 0 0 0 1 
0.996276 0.031454 0.0802785 -2.22284 -0.0286584 0.99895 -0.0357418 0.542905 -0.0813184 0.033308 0.996131 -6.58724 0 0 0 1 
0.996316 0.031402 0.0798002 -2.22256 -0.0286482 0.998962 -0.0354219 0.524971 -0.0808297 0.0330053 0.996181 -6.52735 0 0 0 1 
0.996356 0.0313501 0.0793218 -2.22228 -0.0286379 0.998973 -0.0351021 0.507038 -0.0803408 0.0327025 0.996231 -6.46746 0 0 0 1 
0.996396 0.0312984 0.0788434 -2.222 -0.0286275 0.998985 -0.0347822 0.489104 -0.079852 0.0323997 0.99628 -6.40757 0 0 0 1 
0.996435 0.0312469 0.078365 -2.22172 -0.0286169 0.998996 -0.0344624 0.47117 -0.0793632 0.0320969 0.996329 -6.34768 0 0 0 1 
0.996477 0.0311861 0.0778562 -2.22097 -0.0285985 0.999008 -0.0341316 0.45264 -0.0788434 0.0317848 0.99638 -6.28517 0 0 0 1 
0.996518 0.0311254 0.0773473 -2.22022 -0.02858 0.99902 -0.0338009 0.434109 -0.0783236 0.0314726 0.996431 -6.22266 0 0 0 1 
0.996559 0.0310649 0.0768384 -2.21947 -0.0285613 0.999032 -0.0334701 0.415579 -0.0778037 0.0311604 0.996482 -6.16014 0 0 0 1 
0.9966 0.0310046 0.0763295 -2.21872 -0.0285424 0.999043 -0.0331394 0.397048 -0.0772839 0.0308481 0.996532 -6.09763 0 0 0 1 
0.996641 0.0309444 0.0758205 -2.21797 -0.0285234 0.999055 -0.0328087 0.378518 -0.076764 0.0305358 0.996582 -6.03512 0 0 0 1 
0.996684 0.0308749 0.0752801 -2.21676 -0.0284964 0.999066 -0.032467 0.359368 -0.0762122 0.0302141 0.996634 -5.96992 0 0 0 1 
0.996727 0.0308056 0.0747397 -2.21556 -0.0284693 0.999078 -0.0321252 0.340218 -0.0756605 0.0298923 0.996685 -5.90472 0 0 0 1 
0.99677 0.0307364 0.0741993 -2.21435 -0.028442 0.99909 -0.0317835 0.321067 -0.0751086 0.0295705 0.996737 -5.83952 0 0 0 1 
0.996812 0.0306674 0.0736588 -2.21315 -0.0284145 0.999102 -0.0314418 0.301917 -0.0745568 0.0292486 0.996788 -5.77432 0 0 0 1 
0.996854 0.0305986 0.0731182 -2.21194 -0.0283868 0.999113 -0.0311002 0.282767 -0.074005 0.0289267 0.996838 -5.70912 0 0 0 1 
0.996898 0.0305196 0.0725429 -2.21024 -0.0283504 0.999125 -0.0307462 0.262932 -0.0734178 0.0285942 0.996891 -5.64094 0 0 0 1 
0.996942 0.0304408 0.0719675 -2.20854 -0.0283139 0.999137 -0.0303922 0.243097 -0.0728306 0.0282616 0.996944 -5.57276 0 0 0 1 
0.996986 0.0303622 0.0713921 -2.20684 -0.0282771 0.999149 -0.0300382 0.223261 -0.0722434 0.0279289 0.996996 -5.50457 0 0 0 1 
0.99703 0.0302838 0.0708166 -2.20514 -0.0282401 0.99916 -0.0296842 0.203426 -0.0716561 0.0275962 0.997048 -5.43639 0 0 0 1 
0.997073 0.0302056 0.0702411 -2.20344 -0.0282029 0.999172 -0.0293303 0.183591 -0.0710689 0.0272634 0.997099 -5.36821 0 0 0 1 
0.997118 0.0301192 0.0696364 -2.2014 -0.0281587 0.999184 -0.0289666 0.163168 -0.070452 0.0269222 0.997152 -5.29757 0 0 0 1 
0.997162 0.0300331 0.0690316 -2.19936 -0.0281142 0.999195 -0.0286029 0.142744 -0.0698351 0.026581 0.997204 -5.22693 0 0 0 1 
0.997207 0.0299472 0.0684268 -2.19732 -0.0280695 0.999207 -0.0282393 0.122321 -0.0692182 0.0262397 0.997256 -5.15629 0 0 0 1 
0.99725 0.0298615 0.0678219 -2.19528 -0.0280246 0.999218 -0.0278756 0.101898 -0.0686013 0.0258983 0.997308 -5.08565 0 0 0 1 
0.997294 0.029776 0.067217 -2.19324 -0.0279795 0.99923 -0.027512 0.0814742 -0.0679844 0.0255569 0.997359 -5.01501 0 0 0 1 
0.997339 0.029684 0.0665876 -2.19098 -0.0279286 0.999241 -0.0271409 0.0605557 -0.0673427 0.0252089 0.997411 -4.94237 0 0 0 1 
0.997383 0.0295923 0.0659581 -2.18872 -0.0278774 0.999253 -0.0267697 0.0396372 -0.066701 0.0248609 0.997463 -4.86972 0 0 0 1 
0.997428 0.0295008 0.0653285 -2.18645 -0.027826 0.999264 -0.0263986 0.0187186 -0.0660592 0.0245129 0.997515 -4.79708 0 0 0 1 
0.997471 0.0294094 0.0646989 -2.18419 -0.0277744 0.999275 -0.0260275 -0.00219988 -0.0654175 0.0241647 0.997565 -4.72443 0 0 0 1 
0.997515 0.0293184 0.0640692 -2.18193 -0.0277225 0.999286 -0.0256565 -0.0231184 -0.0647757 0.0238165 0.997616 -4.65179 0 0 0 1 
0.99756 0.0292197 0.0634108 -2.1794 -0.0276638 0.999298 -0.0252769 -0.0446157 -0.0641048 0.023461 0.997667 -4.57681 0 0 0 1 
0.997604 0.0291212 0.0627523 -2.17686 -0.0276049 0.999309 -0.0248973 -0.066113 -0.0634339 0.0231054 0.997719 -4.50184 0 0 0 1 
0.997648 0.029023 0.0620937 -2.17433 -0.0275457 0.99932 -0.0245178 -0.0876104 -0.062763 0.0227497 0.997769 -4.42686 0 0 0 1 
0.997692 0.0289251 0.0614351 -2.17179 -0.0274862 0.999331 -0.0241383 -0.109108 -0.0620921 0.0223939 0.997819 -4.35189 0 0 0 1 
0.997735 0.0288273 0.0607764 -2.16926 -0.0274265 0.999341 -0.0237588 -0.130605 -0.0614212 0.0220381 0.997869 -4.27691 0 0 0 1 
0.997779 0.0287246 0.0600959 -2.16663 -0.0273621 0.999352 -0.0233729 -0.152567 -0.0607284 0.0216766 0.997919 -4.20018 0 0 0 1 
0.997823 0.0286221 0.0594154 -2.164 -0.0272975 0.999363 -0.022987 -0.174529 -0.0600355 0.0213151 0.997969 -4.12344 0 0 0 1 
0.997866 0.0285199 0.0587348 -2.16138 -0.0272327 0.999374 -0.0226011 -0.196491 -0.0593426 0.0209534 0.998018 -4.04671 0 0 0 1 
0.997909 0.0284179 0.0580541 -2.15875 -0.0271675 0.999384 -0.0222153 -0.218453 -0.0586497 0.0205917 0.998066 -3.96997 0 0 0 1 
0.997951 0.0283162 0.0573734 -2.15612 -0.0271021 0.999394 -0.0218296 -0.240415 -0.0579568 0.0202299 0.998114 -3.89324 0 0 0 1 
0.997995 0.0282082 0.0566666 -2.15334 -0.0270309 0.999405 -0.0214366 -0.262921 -0.0572375 0.0198619 0.998163 -3.81444 0 0 0 1 
0.998038 0.0281006 0.0559597 -2.15057 -0.0269594 0.999415 -0.0210436 -0.285427 -0.0565183 0.0194937 0.998211 -3.73563 0 0 0 1 
0.99808 0.0279932 0.0552527 -2.14779 -0.0268877 0.999425 -0.0206508 -0.307933 -0.055799 0.0191255 0.998259 -3.65683 0 0 0 1 
0.998122 0.027886 0.0545456 -2.14502 -0.0268156 0.999435 -0.0202579 -0.330439 -0.0550797 0.0187572 0.998306 -3.57802 0 0 0 1 
0.998163 0.0277791 0.0538385 -2.14224 -0.0267433 0.999445 -0.0198651 -0.352945 -0.0543604 0.0183888 0.998352 -3.49922 0 0 0 1 
0.998205 0.0276684 0.0531119 -2.13948 -0.0266673 0.999455 -0.019467 -0.37588 -0.0536216 0.0180157 0.998399 -3.41889 0 0 0 1 
0.998247 0.027558 0.0523853 -2.13671 -0.0265909 0.999465 -0.0190689 -0.398815 -0.0528828 0.0176425 0.998445 -3.33856 0 0 0 1 
0.998288 0.0274478 0.0516586 -2.13395 -0.0265143 0.999474 -0.0186709 -0.42175 -0.0521439 0.0172693 0.99849 -3.25824 0 0 0 1 
0.998328 0.027338 0.0509319 -2.13118 -0.0264374 0.999483 -0.018273 -0.444685 -0.0514051 0.0168959 0.998535 -3.17791 0 0 0 1 
0.998368 0.0272284 0.050205 -2.12842 -0.0263601 0.999493 -0.0178751 -0.46762 -0.0506663 0.0165225 0.998579 -3.09758 0 0 0 1 
0.998408 0.0271144 0.0494562 -2.12565 -0.0262786 0.999502 -0.0174712 -0.491034 -0.0499053 0.0161437 0.998623 -3.01553 0 0 0 1 
0.998448 0.0270006 0.0487073 -2.12288 -0.0261968 0.999511 -0.0170674 -0.514448 -0.0491443 0.0157649 0.998667 -2.93348 0 0 0 1 
0.998487 0.0268872 0.0479583 -2.1201 -0.0261146 0.99952 -0.0166636 -0.537863 -0.0483833 0.015386 0.99871 -2.85144 0 0 0 1 
0.998526 0.026774 0.0472092 -2.11733 -0.0260322 0.999529 -0.0162599 -0.561277 -0.0476223 0.0150069 0.998753 -2.76939 0 0 0 1 
0.998564 0.0266612 0.0464601 -2.11456 -0.0259494 0.999537 -0.0158562 -0.584691 -0.0468613 0.0146278 0.998794 -2.68734 0 0 0 1 
0.998603 0.0265448 0.0456902 -2.11186 -0.0258631 0.999546 -0.0154471 -0.608587 -0.0460795 0.0142438 0.998836 -2.60367 0 0 0 1 
0.998641 0.0264287 0.0449203 -2.10916 -0.0257764 0.999555 -0.015038 -0.632483 -0.0452977 0.0138597 0.998877 -2.52 0 0 0 1 
0.998678 0.0263129 0.0441503 -2.10645 -0.0256894 0.999563 -0.014629 -0.656378 -0.044516 0.0134755 0.998918 -2.43634 0 0 0 1 
0.998715 0.0261973 0.0433802 -2.10375 -0.0256021 0.999571 -0.0142201 -0.680274 -0.0437342 0.0130912 0.998957 -2.35267 0 0 0 1 
0.998751 0.0260821 0.0426101 -2.10105 -0.0255145 0.999579 -0.0138112 -0.70417 -0.0429524 0.0127068 0.998996 -2.269 0 0 0 1 
0.998787 0.0259653 0.041826 -2.09854 -0.025425 0.999587 -0.0133994 -0.728407 -0.0421566 0.0123197 0.999035 -2.18432 0 0 0 1 
0.998823 0.0258488 0.0410417 -2.09603 -0.0253351 0.999595 -0.0129876 -0.752644 -0.0413608 0.0119326 0.999073 -2.09964 0 0 0 1 
0.998858 0.0257326 0.0402574 -2.09351 -0.0252449 0.999602 -0.012576 -0.77688 -0.040565 0.0115453 0.99911 -2.01496 0 0 0 1 
0.998892 0.0256167 0.0394731 -2.091 -0.0251544 0.99961 -0.0121643 -0.801117 -0.0397693 0.0111579 0.999147 -1.93028 0 0 0 1 
0.998926 0.0255011 0.0386886 -2.08849 -0.0250636 0.999617 -0.0117528 -0.825354 -0.0389735 0.0107705 0.999182 -1.8456 0 0 0 1 
0.99896 0.0253831 0.0378861 -2.08614 -0.02497 0.999624 -0.0113372 -0.850028 -0.0381597 0.0103793 0.999218 -1.75958 0 0 0 1 
0.998993 0.0252654 0.0370836 -2.08379 -0.0248761 0.999631 -0.0109216 -0.874702 -0.0373458 0.0099881 0.999252 -1.67355 0 0 0 1 
0.999025 0.025148 0.0362809 -2.08144 -0.0247819 0.999638 -0.0105061 -0.899375 -0.036532 0.00959675 0.999286 -1.58753 0 0 0 1 
0.999057 0.025031 0.0354782 -2.07909 -0.0246874 0.999644 -0.0100907 -0.924049 -0.0357182 0.0092053 0.99932 -1.5015 0 0 0 1 
0.999088 0.0249142 0.0346755 -2.07674 -0.0245925 0.999651 -0.00967534 -0.948723 -0.0349044 0.00881376 0.999352 -1.41548 0 0 0 1 
0.999119 0.0247961 0.0338571 -2.07463 -0.0244958 0.999657 -0.00925635 -0.973802 -0.0340751 0.00841884 0.999384 -1.32829 0 0 0 1 
0.999149 0.0246783 0.0330387 -2.07252 -0.0243988 0.999663 -0.00883744 -0.998882 -0.0332457 0.00802381 0.999415 -1.2411 0 0 0 1 
0.999179 0.0245609 0.0322202 -2.07041 -0.0243014 0.999669 -0.0084186 -1.02396 -0.0324164 0.00762869 0.999445 -1.15391 0 0 0 1 
0.999208 0.0244437 0.0314017 -2.0683 -0.0242037 0.999675 -0.00799985 -1.04904 -0.031587 0.00723347 0.999475 -1.06671 0 0 0 1 
0.999236 0.0243269 0.0305831 -2.06619 -0.0241057 0.999681 -0.00758117 -1.07412 -0.0307577 0.00683815 0.999503 -0.979522 0 0 0 1 
0.999264 0.0242095 0.0297514 -2.06438 -0.0240065 0.999686 -0.00715996 -1.09955 -0.0299154 0.00644046 0.999532 -0.891407 0 0 0 1 
0.999291 0.0240924 0.0289196 -2.06256 -0.023907 0.999691 -0.00673883 -1.12499 -0.0290731 0.00604267 0.999559 -0.803293 0 0 0 1 
0.999318 0.0239757 0.0280878 -2.06075 -0.0238072 0.999697 -0.00631778 -1.15042 -0.0282307 0.00564478 0.999585 -0.715178 0 0 0 1 
0.999344 0.0238593 0.0272559 -2.05893 -0.023707 0.999702 -0.00589681 -1.17586 -0.0273884 0.00524679 0.999611 -0.627064 0 0 0 1 
0.999369 0.0237432 0.0264239 -2.05712 -0.0236064 0.999706 -0.00547593 -1.20129 -0.0265462 0.0048487 0.999636 -0.538949 0 0 0 1 
0.999394 0.0236269 0.0255791 -2.05564 -0.0235051 0.999711 -0.00505216 -1.2271 -0.0256911 0.00444786 0.99966 -0.449893 0 0 0 1 
0.999418 0.023511 0.0247342 -2.05416 -0.0234035 0.999715 -0.00462847 -1.2529 -0.024836 0.00404691 0.999683 -0.360837 0 0 0 1 
