0.999985 -0.00147433 0.00524111 0.164822 0.00145371 0.999991 0.00393599 -0.329448 -0.00524686 -0.00392831 0.999979 0.304419 0 0 0 1 
0.999979 -0.00178638 0.00626841 0.198252 0.00175668 0.999987 0.00474082 -0.394596 -0.0062768 -0.00472971 0.999969 0.365733 0 0 0 1 
0.999971 -0.00209926 0.00729545 0.231682 0.00205882 0.999983 0.00554597 -0.459744 -0.00730697 -0.00553079 0.999958 0.427047 0 0 0 1 
0.999962 -0.00241296 0.00832224 0.265113 0.00236014 0.999977 0.00635141 -0.524892 -0.00833737 -0.00633153 0.999945 0.488362 0 0 0 1 
0.999953 -0.00272748 0.00934876 0.298543 0.00266062 0.999971 0.00715717 -0.59004 -0.00936801 -0.00713195 0.999931 0.549676 0 0 0 1 
0.999942 -0.00304282 0.010375 0.331973 0.00296027 0.999964 0.00796322 -0.655188 -0.0103989 -0.00793205 0.999914 0.61099 0 0 0 1 
0.999929 -0.00338226 0.0113849 0.366294 0.00328224 0.999956 0.00879277 -0.719895 -0.0114141 -0.00875478 0.999897 0.673099 0 0 0 1 
0.999916 -0.00372253 0.0123944 0.400615 0.00360336 0.999947 0.00962263 -0.784602 -0.0124296 -0.00957716 0.999877 0.735208 0 0 0 1 
0.999902 -0.00406362 0.0134037 0.434936 0.00392365 0.999938 0.0104528 -0.849309 -0.0134453 -0.0103992 0.999856 0.797317 0 0 0 1 
0.999886 -0.00440555 0.0144126 0.469257 0.00424309 0.999927 0.0112833 -0.914016 -0.0144613 -0.0112209 0.999832 0.859426 0 0 0 1 
0.99987 -0.0047483 0.0154213 0.503578 0.00456168 0.999916 0.0121141 -0.978723 -0.0154775 -0.0120422 0.999808 0.921535 0 0 0 1 
0.999852 -0.00510622 0.0164062 0.538276 0.00489387 0.999904 0.0129577 -1.04234 -0.0164708 -0.0128755 0.999781 0.98379 0 0 0 1 
0.999834 -0.00546497 0.0173908 0.572975 0.00522522 0.999891 0.0138016 -1.10596 -0.0174643 -0.0137084 0.999754 1.04604 0 0 0 1 
0.999814 -0.00582453 0.018375 0.607673 0.00555573 0.999877 0.0146458 -1.16958 -0.0184581 -0.014541 0.999724 1.1083 0 0 0 1 
0.999793 -0.00618491 0.019359 0.642372 0.0058854 0.999863 0.0154903 -1.2332 -0.0194521 -0.0153732 0.999693 1.17056 0 0 0 1 
0.999772 -0.00654611 0.0203426 0.67707 0.00621423 0.999847 0.0163351 -1.29682 -0.0204464 -0.016205 0.99966 1.23281 0 0 0 1 
0.999749 -0.00692878 0.0213034 0.712416 0.00656292 0.999831 0.017196 -1.35944 -0.021419 -0.0170519 0.999625 1.29535 0 0 0 1 
0.999725 -0.00731226 0.0222639 0.747761 0.00691077 0.999813 0.0180573 -1.42207 -0.0223918 -0.0178985 0.999589 1.35789 0 0 0 1 
0.999701 -0.00769656 0.023224 0.783107 0.00725777 0.999795 0.0189189 -1.48469 -0.0233649 -0.0187447 0.999551 1.42044 0 0 0 1 
0.999675 -0.00808166 0.0241838 0.818452 0.00760394 0.999775 0.0197808 -1.54732 -0.0243382 -0.0195904 0.999512 1.48298 0 0 0 1 
0.999648 -0.00846758 0.0251432 0.853798 0.00794927 0.999755 0.020643 -1.60994 -0.0253119 -0.0204358 0.999471 1.54552 0 0 0 1 
0.999621 -0.00886789 0.0260756 0.88941 0.00830771 0.999734 0.0215132 -1.67114 -0.0262595 -0.0212884 0.999428 1.60789 0 0 0 1 
0.999592 -0.009269 0.0270077 0.925023 0.00866533 0.999712 0.0223837 -1.73234 -0.0272074 -0.0221406 0.999385 1.67026 0 0 0 1 
0.999563 -0.0096709 0.0279393 0.960635 0.00902212 0.999689 0.0232546 -1.79355 -0.0281555 -0.0229924 0.999339 1.73263 0 0 0 1 
0.999532 -0.0100736 0.0288706 0.996248 0.00937807 0.999665 0.0241258 -1.85475 -0.029104 -0.0238437 0.999292 1.795 0 0 0 1 
0.999501 -0.0104771 0.0298015 1.03186 0.00973321 0.99964 0.0249973 -1.91595 -0.0300527 -0.0246947 0.999243 1.85737 0 0 0 1 
0.999469 -0.0108997 0.0307074 1.06796 0.0101062 0.999614 0.025879 -1.97584 -0.0309776 -0.0255549 0.999193 1.91969 0 0 0 1 
0.999436 -0.0113231 0.0316129 1.10406 0.0104783 0.999587 0.026761 -2.03573 -0.0319028 -0.0264147 0.999142 1.982 0 0 0 1 
0.999402 -0.0117472 0.032518 1.14017 0.0108496 0.999559 0.0276434 -2.09562 -0.0328284 -0.027274 0.999089 2.04432 0 0 0 1 
0.999367 -0.0121722 0.0334227 1.17627 0.0112201 0.99953 0.028526 -2.15551 -0.0337542 -0.028133 0.999034 2.10663 0 0 0 1 
0.999331 -0.0125979 0.0343269 1.21237 0.0115898 0.9995 0.029409 -2.2154 -0.0346803 -0.0289915 0.998978 2.16895 0 0 0 1 
0.999295 -0.0130368 0.035201 1.2486 0.0119719 0.999469 0.030295 -2.27356 -0.0355772 -0.0298522 0.998921 2.23075 0 0 0 1 
0.999258 -0.0134764 0.0360746 1.28484 0.0123532 0.999437 0.0311813 -2.33172 -0.0364745 -0.0307126 0.998863 2.29255 0 0 0 1 
0.99922 -0.0139168 0.0369478 1.32107 0.0127336 0.999405 0.0320679 -2.38988 -0.0373721 -0.0315725 0.998803 2.35434 0 0 0 1 
0.999181 -0.014358 0.0378206 1.35731 0.0131133 0.999371 0.0329549 -2.44804 -0.03827 -0.0324319 0.998741 2.41614 0 0 0 1 
0.999142 -0.0147999 0.038693 1.39354 0.0134922 0.999336 0.0338421 -2.5062 -0.0391681 -0.033291 0.998678 2.47794 0 0 0 1 
0.999102 -0.0152572 0.0395386 1.43006 0.0138857 0.9993 0.0347334 -2.56278 -0.0400408 -0.0341532 0.998614 2.53934 0 0 0 1 
0.999061 -0.0157153 0.0403837 1.46657 0.0142785 0.999263 0.0356251 -2.61936 -0.0409138 -0.035015 0.998549 2.60073 0 0 0 1 
0.999019 -0.0161741 0.0412285 1.50309 0.0146704 0.999225 0.036517 -2.67593 -0.0417872 -0.0358764 0.998482 2.66213 0 0 0 1 
0.998976 -0.0166336 0.0420728 1.5396 0.0150616 0.999187 0.0374093 -2.73251 -0.0426608 -0.0367373 0.998414 2.72352 0 0 0 1 
0.998932 -0.0170939 0.0429166 1.57612 0.015452 0.999147 0.0383018 -2.78909 -0.0435347 -0.0375978 0.998344 2.78492 0 0 0 1 
0.998889 -0.0175681 0.0437302 1.61278 0.015856 0.999106 0.0391946 -2.84384 -0.0443797 -0.0384577 0.998274 2.84563 0 0 0 1 
0.998844 -0.018043 0.0445434 1.64944 0.0162593 0.999064 0.0400877 -2.89858 -0.045225 -0.0393171 0.998203 2.90634 0 0 0 1 
0.998799 -0.0185187 0.0453562 1.68609 0.0166618 0.999021 0.0409811 -2.95333 -0.0460707 -0.0401761 0.99813 2.96705 0 0 0 1 
0.998753 -0.018995 0.0461685 1.72275 0.0170635 0.998977 0.0418747 -3.00807 -0.0469166 -0.0410347 0.998056 3.02776 0 0 0 1 
0.998706 -0.019472 0.0469803 1.75941 0.0174645 0.998932 0.0427687 -3.06282 -0.0477629 -0.0418929 0.99798 3.08847 0 0 0 1 
0.998659 -0.0199597 0.0477638 1.7961 0.017876 0.998886 0.0436609 -3.11576 -0.0485821 -0.0427486 0.997904 3.14845 0 0 0 1 
0.998612 -0.0204481 0.0485469 1.83279 0.0182868 0.99884 0.0445534 -3.16871 -0.0494016 -0.0436038 0.997827 3.20843 0 0 0 1 
0.998563 -0.0209372 0.0493296 1.86948 0.0186969 0.998792 0.0454462 -3.22165 -0.0502215 -0.0444586 0.997748 3.2684 0 0 0 1 
0.998514 -0.0214269 0.0501117 1.90617 0.0191062 0.998743 0.0463393 -3.2746 -0.0510416 -0.045313 0.997668 3.32838 0 0 0 1 
0.998464 -0.0219173 0.0508934 1.94286 0.0195148 0.998693 0.0472326 -3.32754 -0.0518621 -0.0461669 0.997587 3.38836 0 0 0 1 
0.998414 -0.0224215 0.0516452 1.97967 0.0199374 0.998642 0.0481233 -3.37858 -0.0526541 -0.0470173 0.997505 3.44748 0 0 0 1 
0.998363 -0.0229264 0.0523966 2.01648 0.0203592 0.998591 0.0490142 -3.42963 -0.0534465 -0.0478672 0.997423 3.5066 0 0 0 1 
0.998312 -0.0234319 0.0531475 2.05328 0.0207804 0.998538 0.0499054 -3.48067 -0.0542392 -0.0487167 0.997339 3.56573 0 0 0 1 
0.998259 -0.023938 0.0538979 2.09009 0.0212008 0.998484 0.0507969 -3.53172 -0.0550322 -0.0495658 0.997254 3.62485 0 0 0 1 
0.998206 -0.0244448 0.0546478 2.1269 0.0216205 0.998429 0.0516886 -3.58276 -0.0558255 -0.0504144 0.997167 3.68397 0 0 0 1 
0.998154 -0.0249618 0.0553701 2.16371 0.0220508 0.998373 0.0525755 -3.63195 -0.0565924 -0.0512575 0.997081 3.74219 0 0 0 1 
0.9981 -0.0254794 0.0560918 2.20052 0.0224804 0.998317 0.0534626 -3.68113 -0.0573596 -0.0521001 0.996993 3.80042 0 0 0 1 
0.998046 -0.0259976 0.0568131 2.23733 0.0229093 0.998259 0.05435 -3.73032 -0.0581272 -0.0529423 0.996904 3.85864 0 0 0 1 
0.997991 -0.0265165 0.0575339 2.27414 0.0233376 0.9982 0.0552377 -3.7795 -0.0588951 -0.053784 0.996814 3.91687 0 0 0 1 
0.997936 -0.0270359 0.0582542 2.31095 0.0237651 0.998141 0.0561256 -3.82869 -0.0596633 -0.0546254 0.996723 3.97509 0 0 0 1 
0.997881 -0.0275626 0.0589437 2.34756 0.0242009 0.998081 0.0570054 -3.87584 -0.0604018 -0.0554581 0.996632 4.03216 0 0 0 1 
0.997825 -0.0280899 0.0596328 2.38417 0.024636 0.998019 0.0578855 -3.92299 -0.0611406 -0.0562905 0.996541 4.08924 0 0 0 1 
0.997769 -0.0286178 0.0603213 2.42078 0.0250704 0.997957 0.0587658 -3.97013 -0.0618798 -0.0571224 0.996448 4.14631 0 0 0 1 
0.997712 -0.0291462 0.0610093 2.45739 0.0255042 0.997894 0.0596464 -4.01728 -0.0626193 -0.0579539 0.996353 4.20339 0 0 0 1 
0.997654 -0.0296752 0.0616969 2.494 0.0259373 0.99783 0.0605272 -4.06443 -0.0633591 -0.0587849 0.996258 4.26046 0 0 0 1 
0.997597 -0.0302138 0.0623526 2.53047 0.0263813 0.997765 0.0613981 -4.10946 -0.0640683 -0.0596056 0.996164 4.31625 0 0 0 1 
0.997539 -0.0307529 0.0630079 2.56694 0.0268247 0.997699 0.0622693 -4.15448 -0.0647778 -0.0604259 0.996069 4.37204 0 0 0 1 
0.997481 -0.0312925 0.0636626 2.6034 0.0272674 0.997632 0.0631408 -4.19951 -0.0654877 -0.0612458 0.995972 4.42782 0 0 0 1 
0.997422 -0.0318327 0.0643168 2.63987 0.0277095 0.997564 0.0640125 -4.24453 -0.0661979 -0.0620653 0.995874 4.48361 0 0 0 1 
0.997362 -0.0323734 0.0649706 2.67634 0.028151 0.997496 0.0648844 -4.28956 -0.0669084 -0.0628843 0.995775 4.5394 0 0 0 1 
0.997303 -0.0329223 0.0655978 2.71271 0.0286018 0.997426 0.0657477 -4.33272 -0.0675935 -0.0636942 0.995678 4.59409 0 0 0 1 
0.997243 -0.0334716 0.0662245 2.74907 0.0290519 0.997356 0.0666112 -4.37588 -0.068279 -0.0645036 0.995579 4.64878 0 0 0 1 
0.997183 -0.0340215 0.0668507 2.78544 0.0295015 0.997285 0.067475 -4.41905 -0.0689647 -0.0653127 0.995479 4.70346 0 0 0 1 
0.997122 -0.0345719 0.0674763 2.8218 0.0299504 0.997212 0.068339 -4.46221 -0.0696509 -0.0661213 0.995378 4.75815 0 0 0 1 
0.99706 -0.0351227 0.0681015 2.85817 0.0303988 0.997139 0.0692032 -4.50537 -0.0703373 -0.0669295 0.995275 4.81284 0 0 0 1 
0.996999 -0.0356804 0.0687007 2.89438 0.0308552 0.997066 0.070058 -4.54669 -0.0709988 -0.067728 0.995174 4.8664 0 0 0 1 
0.996938 -0.0362385 0.0692993 2.93059 0.0313111 0.996991 0.070913 -4.58802 -0.0716605 -0.068526 0.995072 4.91996 0 0 0 1 
0.996875 -0.0367971 0.0698974 2.96679 0.0317664 0.996915 0.0717683 -4.62934 -0.0723227 -0.0693237 0.994969 4.97351 0 0 0 1 
0.996812 -0.0373562 0.070495 3.003 0.0322212 0.996839 0.0726238 -4.67067 -0.0729851 -0.0701209 0.994865 5.02707 0 0 0 1 
0.996749 -0.0379157 0.0710922 3.03921 0.0326753 0.996761 0.0734795 -4.71199 -0.0736479 -0.0709177 0.99476 5.08063 0 0 0 1 
0.996686 -0.0384821 0.0716634 3.07525 0.0331379 0.996683 0.0743243 -4.75145 -0.0742859 -0.0717032 0.994656 5.13297 0 0 0 1 
0.996623 -0.0390489 0.0722341 3.11129 0.0336 0.996605 0.0751692 -4.79092 -0.0749241 -0.0724883 0.994551 5.18531 0 0 0 1 
0.996559 -0.0396162 0.0728043 3.14734 0.0340616 0.996525 0.0760144 -4.83038 -0.0755627 -0.073273 0.994445 5.23764 0 0 0 1 
0.996495 -0.0401839 0.073374 3.18338 0.0345226 0.996444 0.0768597 -4.86985 -0.0762016 -0.0740572 0.994338 5.28998 0 0 0 1 
0.996429 -0.0407521 0.0739432 3.21942 0.034983 0.996362 0.0777053 -4.90931 -0.0768409 -0.0748411 0.99423 5.34232 0 0 0 1 
0.996366 -0.0413262 0.0744824 3.25515 0.0354518 0.996281 0.0785362 -4.9467 -0.0774509 -0.0756103 0.994125 5.39314 0 0 0 1 
0.996301 -0.0419008 0.075021 3.29089 0.0359201 0.996198 0.0793674 -4.98408 -0.0780613 -0.076379 0.994018 5.44396 0 0 0 1 
0.996236 -0.0424757 0.0755591 3.32662 0.0363879 0.996114 0.0801987 -5.02147 -0.0786721 -0.0771474 0.993911 5.49477 0 0 0 1 
0.996171 -0.043051 0.0760968 3.36236 0.0368551 0.99603 0.0810302 -5.05885 -0.0792831 -0.0779154 0.993802 5.54559 0 0 0 1 
0.996104 -0.0436268 0.0766339 3.39809 0.0373218 0.995945 0.081862 -5.09624 -0.0798945 -0.0786829 0.993693 5.59641 0 0 0 1 
0.996039 -0.0442072 0.077146 3.43356 0.0377953 0.995859 0.082681 -5.13181 -0.0804816 -0.0794378 0.993586 5.64593 0 0 0 1 
0.995974 -0.044788 0.0776575 3.46903 0.0382683 0.995773 0.0835003 -5.16739 -0.0810691 -0.0801923 0.993477 5.69545 0 0 0 1 
0.995907 -0.0453692 0.0781686 3.50451 0.0387409 0.995685 0.0843198 -5.20296 -0.0816568 -0.0809464 0.993368 5.74497 0 0 0 1 
0.99584 -0.0459508 0.0786791 3.53998 0.0392129 0.995597 0.0851395 -5.23854 -0.082245 -0.0817001 0.993258 5.79449 0 0 0 1 
0.995773 -0.0465327 0.0791892 3.57545 0.0396844 0.995508 0.0859593 -5.27411 -0.0828334 -0.0824534 0.993147 5.84401 0 0 0 1 
0.995707 -0.047119 0.0796743 3.61063 0.0401625 0.995419 0.0867656 -5.30788 -0.0833976 -0.0831932 0.993038 5.89218 0 0 0 1 
0.99564 -0.0477055 0.0801589 3.64582 0.0406402 0.995329 0.0875721 -5.34165 -0.0839622 -0.0839326 0.992928 5.94035 0 0 0 1 
0.995572 -0.0482925 0.0806431 3.681 0.0411174 0.995238 0.0883787 -5.37543 -0.0845271 -0.0846716 0.992817 5.98853 0 0 0 1 
0.995505 -0.0488798 0.0811267 3.71619 0.0415942 0.995146 0.0891856 -5.4092 -0.0850923 -0.0854103 0.992706 6.0367 0 0 0 1 
0.995436 -0.0494674 0.0816098 3.75137 0.0420704 0.995053 0.0899926 -5.44297 -0.0856578 -0.0861485 0.992593 6.08487 0 0 0 1 
0.995369 -0.0500587 0.0820682 3.78624 0.042553 0.994961 0.0907851 -5.47496 -0.0861992 -0.0868725 0.992483 6.13165 0 0 0 1 
0.995301 -0.0506504 0.082526 3.8211 0.0430351 0.994868 0.0915779 -5.50694 -0.0867409 -0.087596 0.992372 6.17842 0 0 0 1 
0.995233 -0.0512424 0.0829834 3.85597 0.0435168 0.994773 0.0923708 -5.53893 -0.087283 -0.0883192 0.992261 6.2252 0 0 0 1 
0.995164 -0.0518347 0.0834403 3.89083 0.043998 0.994678 0.0931638 -5.57091 -0.0878254 -0.089042 0.992148 6.27197 0 0 0 1 
0.995094 -0.0524273 0.0838967 3.9257 0.0444788 0.994582 0.093957 -5.6029 -0.0883681 -0.0897645 0.992035 6.31875 0 0 0 1 
0.995026 -0.053023 0.0843285 3.96021 0.0449655 0.994486 0.0947351 -5.63312 -0.0888867 -0.090472 0.991924 6.36409 0 0 0 1 
0.994958 -0.053619 0.0847599 3.99473 0.0454517 0.99439 0.0955133 -5.66334 -0.0894057 -0.0911793 0.991813 6.40943 0 0 0 1 
0.994889 -0.0542154 0.0851908 4.02924 0.0459376 0.994293 0.0962917 -5.69355 -0.089925 -0.0918861 0.991701 6.45478 0 0 0 1 
0.994819 -0.0548119 0.0856211 4.06376 0.046423 0.994194 0.0970703 -5.72377 -0.0904446 -0.0925926 0.991588 6.50012 0 0 0 1 
0.994749 -0.0554088 0.086051 4.09827 0.046908 0.994095 0.097849 -5.75399 -0.0909646 -0.0932987 0.991474 6.54546 0 0 0 1 
0.99468 -0.0560092 0.0864561 4.13243 0.0473995 0.993997 0.0986115 -5.78243 -0.0914602 -0.0939889 0.991363 6.5893 0 0 0 1 
0.994611 -0.0566098 0.0868607 4.16659 0.0478907 0.993897 0.0993741 -5.81087 -0.0919561 -0.0946787 0.991252 6.63314 0 0 0 1 
0.994541 -0.0572107 0.0872648 4.20076 0.0483815 0.993797 0.100137 -5.8393 -0.0924524 -0.0953682 0.991139 6.67697 0 0 0 1 
0.994471 -0.0578119 0.0876684 4.23492 0.0488719 0.993696 0.1009 -5.86774 -0.0929489 -0.0960574 0.991026 6.72081 0 0 0 1 
0.9944 -0.0584133 0.0880716 4.26908 0.0493619 0.993594 0.101663 -5.89618 -0.0934458 -0.0967462 0.990913 6.76465 0 0 0 1 
0.994331 -0.0590168 0.0884505 4.30283 0.0498573 0.993492 0.102409 -5.92288 -0.0939187 -0.0974187 0.990802 6.80697 0 0 0 1 
0.994261 -0.0596206 0.0888289 4.33659 0.0503523 0.99339 0.103156 -5.94959 -0.0943919 -0.0980909 0.990691 6.8493 0 0 0 1 
0.994191 -0.0602246 0.0892069 4.37034 0.0508469 0.993287 0.103902 -5.97629 -0.0948655 -0.0987627 0.990579 6.89162 0 0 0 1 
0.99412 -0.0608288 0.0895844 4.4041 0.0513411 0.993183 0.104649 -6.003 -0.0953393 -0.0994342 0.990466 6.93395 0 0 0 1 
0.994049 -0.0614333 0.0899614 4.43785 0.051835 0.993078 0.105396 -6.0297 -0.0958135 -0.100105 0.990353 6.97627 0 0 0 1 
0.993979 -0.0620407 0.0903181 4.47131 0.0523347 0.992974 0.106128 -6.05489 -0.0962678 -0.100762 0.990242 7.01728 0 0 0 1 
0.993908 -0.0626484 0.0906743 4.50478 0.0528341 0.992869 0.10686 -6.08007 -0.0967224 -0.101419 0.990131 7.05829 0 0 0 1 
0.993837 -0.0632563 0.0910301 4.53824 0.0533331 0.992764 0.107593 -6.10526 -0.0971773 -0.102075 0.990019 7.0993 0 0 0 1 
0.993766 -0.0638644 0.0913855 4.57171 0.0538317 0.992657 0.108325 -6.13044 -0.0976325 -0.102731 0.989906 7.14031 0 0 0 1 
0.993694 -0.0644728 0.0917403 4.60517 0.05433 0.99255 0.109058 -6.15563 -0.0980881 -0.103386 0.989793 7.18132 0 0 0 1 
0.993623 -0.0650818 0.0920713 4.63816 0.0548327 0.992443 0.109773 -6.17914 -0.0985198 -0.104025 0.989683 7.22077 0 0 0 1 
0.993553 -0.065691 0.0924019 4.67115 0.055335 0.992336 0.110488 -6.20264 -0.0989518 -0.104663 0.989573 7.26022 0 0 0 1 
0.993481 -0.0663004 0.0927321 4.70413 0.055837 0.992228 0.111203 -6.22615 -0.0993842 -0.105301 0.989462 7.29966 0 0 0 1 
0.99341 -0.06691 0.0930617 4.73712 0.0563386 0.992119 0.111919 -6.24965 -0.0998168 -0.105938 0.98935 7.33911 0 0 0 1 
0.993337 -0.0675198 0.0933909 4.77011 0.05684 0.992009 0.112634 -6.27316 -0.10025 -0.106576 0.989238 7.37856 0 0 0 1 
0.993267 -0.0681318 0.0936999 4.80276 0.0573467 0.991901 0.113334 -6.29518 -0.100663 -0.107198 0.989129 7.41664 0 0 0 1 
0.993195 -0.0687439 0.0940084 4.83541 0.0578531 0.991791 0.114034 -6.31721 -0.101076 -0.107819 0.989019 7.45471 0 0 0 1 
0.993123 -0.0693562 0.0943165 4.86806 0.0583592 0.991681 0.114734 -6.33923 -0.101489 -0.108441 0.988909 7.49279 0 0 0 1 
0.993051 -0.0699687 0.0946241 4.90071 0.058865 0.991569 0.115434 -6.36126 -0.101903 -0.109062 0.988798 7.53086 0 0 0 1 
0.992979 -0.0705813 0.0949312 4.93336 0.0593705 0.991457 0.116134 -6.38328 -0.102317 -0.109683 0.988686 7.56894 0 0 0 1 
0.992908 -0.0711936 0.0952149 4.96548 0.0598797 0.991347 0.116816 -6.40367 -0.102708 -0.110286 0.988579 7.60541 0 0 0 1 
0.992836 -0.0718061 0.0954981 4.9976 0.0603886 0.991235 0.117497 -6.42407 -0.103098 -0.110888 0.988471 7.64188 0 0 0 1 
0.992765 -0.0724187 0.0957809 5.02971 0.0608972 0.991123 0.118179 -6.44446 -0.103489 -0.111491 0.988362 7.67834 0 0 0 1 
0.992692 -0.0730314 0.0960633 5.06183 0.0614055 0.99101 0.11886 -6.46486 -0.10388 -0.112093 0.988253 7.71481 0 0 0 1 
0.99262 -0.0736443 0.0963452 5.09395 0.0619135 0.990897 0.119542 -6.48525 -0.104272 -0.112695 0.988143 7.75128 0 0 0 1 
0.992548 -0.0742603 0.0966108 5.12584 0.0624275 0.990784 0.12021 -6.50438 -0.104647 -0.113283 0.988036 7.78655 0 0 0 1 
0.992476 -0.0748764 0.096876 5.15773 0.0629412 0.99067 0.120878 -6.52351 -0.105023 -0.113871 0.987929 7.82183 0 0 0 1 
0.992403 -0.0754926 0.0971407 5.18962 0.0634546 0.990555 0.121546 -6.54264 -0.105399 -0.114459 0.987821 7.8571 0 0 0 1 
0.99233 -0.076109 0.097405 5.22151 0.0639677 0.99044 0.122214 -6.56177 -0.105775 -0.115046 0.987713 7.89238 0 0 0 1 
0.992257 -0.0767255 0.0976689 5.2534 0.0644806 0.990324 0.122882 -6.5809 -0.106152 -0.115633 0.987604 7.92765 0 0 0 1 
0.992186 -0.077341 0.0979093 5.28472 0.0649969 0.99021 0.123531 -6.59844 -0.106505 -0.116201 0.987499 7.96126 0 0 0 1 
0.992114 -0.0779566 0.0981492 5.31604 0.065513 0.990095 0.124179 -6.61597 -0.106858 -0.11677 0.987394 7.99488 0 0 0 1 
0.992041 -0.0785723 0.0983887 5.34735 0.0660288 0.989979 0.124828 -6.63351 -0.107211 -0.117338 0.987288 8.02849 0 0 0 1 
0.991969 -0.0791881 0.0986278 5.37867 0.0665443 0.989862 0.125476 -6.65104 -0.107564 -0.117905 0.987182 8.06211 0 0 0 1 
0.991896 -0.0798041 0.0988665 5.40999 0.0670596 0.989745 0.126125 -6.66858 -0.107918 -0.118473 0.987075 8.09572 0 0 0 1 
0.991824 -0.08042 0.0990857 5.44086 0.0675788 0.989629 0.126756 -6.68473 -0.108252 -0.119024 0.986973 8.12789 0 0 0 1 
0.991752 -0.081036 0.0993044 5.47173 0.0680977 0.989513 0.127388 -6.70089 -0.108586 -0.119575 0.986869 8.16007 0 0 0 1 
0.991679 -0.0816521 0.0995228 5.50261 0.0686163 0.989395 0.128019 -6.71704 -0.10892 -0.120125 0.986766 8.19224 0 0 0 1 
0.991607 -0.0822683 0.0997407 5.53348 0.0691347 0.989277 0.12865 -6.7332 -0.109255 -0.120675 0.986661 8.22442 0 0 0 1 
0.991533 -0.0828846 0.0999583 5.56435 0.0696529 0.989159 0.129282 -6.74935 -0.10959 -0.121225 0.986557 8.25659 0 0 0 1 
0.991461 -0.0835029 0.10016 5.59493 0.0701764 0.989041 0.129898 -6.7643 -0.109909 -0.12176 0.986455 8.28752 0 0 0 1 
0.991389 -0.0841213 0.100361 5.62552 0.0706997 0.988922 0.130515 -6.77925 -0.110228 -0.122295 0.986354 8.31844 0 0 0 1 
0.991316 -0.0847398 0.100561 5.6561 0.0712227 0.988803 0.131131 -6.7942 -0.110548 -0.12283 0.986251 8.34937 0 0 0 1 
0.991242 -0.0853584 0.100762 5.68669 0.0717456 0.988683 0.131748 -6.80915 -0.110867 -0.123365 0.986149 8.38029 0 0 0 1 
0.991168 -0.085977 0.100962 5.71727 0.0722682 0.988563 0.132365 -6.8241 -0.111187 -0.123899 0.986046 8.41122 0 0 0 1 
0.991097 -0.0865932 0.101138 5.74721 0.0727933 0.988445 0.13296 -6.83753 -0.111483 -0.124414 0.985948 8.44044 0 0 0 1 
0.991025 -0.0872095 0.101315 5.77715 0.0733182 0.988325 0.133556 -6.85096 -0.111779 -0.124929 0.985849 8.46967 0 0 0 1 
0.990952 -0.0878258 0.10149 5.80708 0.073843 0.988206 0.134152 -6.8644 -0.112075 -0.125444 0.98575 8.49889 0 0 0 1 
0.990879 -0.0884422 0.101666 5.83702 0.0743675 0.988085 0.134748 -6.87783 -0.112372 -0.125958 0.985651 8.52812 0 0 0 1 
0.990806 -0.0890587 0.101841 5.86696 0.0748918 0.987964 0.135344 -6.89126 -0.112669 -0.126472 0.985551 8.55734 0 0 0 1 
0.990734 -0.0896762 0.102 5.89656 0.0754207 0.987844 0.135924 -6.90354 -0.11295 -0.126971 0.985455 8.5853 0 0 0 1 
0.990662 -0.0902937 0.102159 5.92617 0.0759493 0.987724 0.136504 -6.91581 -0.11323 -0.12747 0.985358 8.61327 0 0 0 1 
0.990589 -0.0909113 0.102318 5.95577 0.0764778 0.987603 0.137084 -6.92809 -0.113512 -0.127969 0.985261 8.64123 0 0 0 1 
0.990516 -0.0915289 0.102476 5.98538 0.0770061 0.987481 0.137665 -6.94036 -0.113793 -0.128468 0.985164 8.6692 0 0 0 1 
0.990442 -0.0921466 0.102633 6.01498 0.0775342 0.987358 0.138245 -6.95264 -0.114075 -0.128966 0.985066 8.69716 0 0 0 1 
0.99037 -0.092763 0.102772 6.04407 0.0780655 0.987238 0.138806 -6.96361 -0.114336 -0.129447 0.984972 8.72362 0 0 0 1 
0.990298 -0.0933794 0.10291 6.07315 0.0785966 0.987117 0.139368 -6.97459 -0.114598 -0.129927 0.984879 8.75008 0 0 0 1 
0.990225 -0.0939959 0.103048 6.10224 0.0791275 0.986995 0.13993 -6.98556 -0.11486 -0.130408 0.984785 8.77655 0 0 0 1 
0.990152 -0.0946124 0.103185 6.13132 0.0796582 0.986872 0.140491 -6.99654 -0.115123 -0.130888 0.98469 8.80301 0 0 0 1 
0.990079 -0.0952289 0.103322 6.16041 0.0801888 0.986749 0.141053 -7.00751 -0.115385 -0.131368 0.984596 8.82947 0 0 0 1 
0.990007 -0.0958458 0.103443 6.18913 0.0807235 0.986627 0.141598 -7.01737 -0.115631 -0.131833 0.984505 8.85465 0 0 0 1 
0.989934 -0.0964628 0.103564 6.21784 0.081258 0.986505 0.142144 -7.02723 -0.115878 -0.132298 0.984413 8.87983 0 0 0 1 
0.989861 -0.0970798 0.103684 6.24656 0.0817924 0.986382 0.142689 -7.03708 -0.116125 -0.132762 0.984322 8.90501 0 0 0 1 
0.989788 -0.0976968 0.103804 6.27527 0.0823266 0.986259 0.143235 -7.04694 -0.116372 -0.133226 0.98423 8.93019 0 0 0 1 
0.989714 -0.0983138 0.103924 6.30399 0.0828606 0.986135 0.143781 -7.0568 -0.116619 -0.13369 0.984138 8.95537 0 0 0 1 
0.989642 -0.0989288 0.104025 6.33215 0.0833974 0.986012 0.144307 -7.0654 -0.116846 -0.134137 0.98405 8.97904 0 0 0 1 
0.98957 -0.0995439 0.104125 6.36031 0.083934 0.98589 0.144833 -7.074 -0.117073 -0.134583 0.983962 9.00271 0 0 0 1 
0.989498 -0.100159 0.104225 6.38848 0.0844705 0.985766 0.145359 -7.08259 -0.117301 -0.135029 0.983874 9.02637 0 0 0 1 
0.989425 -0.100774 0.104325 6.41664 0.0850068 0.985643 0.145886 -7.09119 -0.117528 -0.135475 0.983785 9.05004 0 0 0 1 
0.989351 -0.101389 0.104424 6.4448 0.085543 0.985518 0.146412 -7.09979 -0.117756 -0.13592 0.983697 9.07371 0 0 0 1 
0.989279 -0.102004 0.104507 6.47256 0.086083 0.985395 0.146921 -7.10731 -0.117968 -0.13635 0.983612 9.09607 0 0 0 1 
0.989207 -0.102619 0.104591 6.50033 0.0866229 0.985272 0.147431 -7.11483 -0.118179 -0.136779 0.983527 9.11844 0 0 0 1 
0.989134 -0.103234 0.104673 6.52809 0.0871626 0.985148 0.14794 -7.12235 -0.118391 -0.137209 0.983442 9.1408 0 0 0 1 
0.989061 -0.103849 0.104756 6.55586 0.0877022 0.985023 0.148449 -7.12987 -0.118603 -0.137638 0.983356 9.16317 0 0 0 1 
0.988987 -0.104464 0.104838 6.58362 0.0882417 0.984898 0.148959 -7.13739 -0.118816 -0.138067 0.98327 9.18553 0 0 0 1 
0.988915 -0.105079 0.104905 6.61097 0.0887849 0.984775 0.149451 -7.14385 -0.119012 -0.138481 0.983188 9.20659 0 0 0 1 
0.988843 -0.105693 0.104971 6.63833 0.0893279 0.984651 0.149944 -7.1503 -0.119208 -0.138894 0.983106 9.22765 0 0 0 1 
0.98877 -0.106308 0.105037 6.66568 0.0898708 0.984526 0.150436 -7.15676 -0.119404 -0.139307 0.983024 9.24871 0 0 0 1 
0.988697 -0.106922 0.105103 6.69304 0.0904135 0.984401 0.150928 -7.16321 -0.119601 -0.13972 0.982942 9.26977 0 0 0 1 
0.988623 -0.107537 0.105168 6.72039 0.0909562 0.984276 0.151421 -7.16967 -0.119798 -0.140132 0.982859 9.29083 0 0 0 1 
0.988551 -0.108148 0.105215 6.74713 0.0915007 0.984152 0.151893 -7.17493 -0.119974 -0.140527 0.982781 9.31037 0 0 0 1 
0.988479 -0.10876 0.105261 6.77388 0.0920452 0.984029 0.152366 -7.18019 -0.120151 -0.140921 0.982703 9.32991 0 0 0 1 
0.988407 -0.109371 0.105306 6.80062 0.0925895 0.983904 0.152838 -7.18546 -0.120328 -0.141316 0.982625 9.34945 0 0 0 1 
0.988334 -0.109983 0.105352 6.82737 0.0931337 0.983779 0.15331 -7.19072 -0.120505 -0.14171 0.982546 9.36899 0 0 0 1 
0.988261 -0.110594 0.105397 6.85411 0.0936778 0.983654 0.153783 -7.19598 -0.120682 -0.142104 0.982467 9.38853 0 0 0 1 
0.98819 -0.111205 0.105427 6.88042 0.0942252 0.983531 0.154238 -7.20022 -0.120842 -0.142482 0.982393 9.40676 0 0 0 1 
0.988118 -0.111815 0.105456 6.90672 0.0947725 0.983406 0.154693 -7.20446 -0.121003 -0.142861 0.982318 9.42498 0 0 0 1 
0.988045 -0.112426 0.105485 6.93303 0.0953197 0.983282 0.155148 -7.2087 -0.121164 -0.143238 0.982243 9.44321 0 0 0 1 
0.987973 -0.113036 0.105513 6.95933 0.0958668 0.983157 0.155603 -7.21294 -0.121325 -0.143616 0.982168 9.46143 0 0 0 1 
0.9879 -0.113646 0.105542 6.98564 0.0964138 0.983031 0.156058 -7.21718 -0.121486 -0.143994 0.982093 9.47966 0 0 0 1 
0.987828 -0.114255 0.105555 7.01149 0.0969637 0.982908 0.156495 -7.22042 -0.121631 -0.144356 0.982022 9.49658 0 0 0 1 
0.987756 -0.114864 0.105567 7.03734 0.0975136 0.982783 0.156933 -7.22366 -0.121776 -0.144717 0.981951 9.51351 0 0 0 1 
0.987684 -0.115473 0.10558 7.06318 0.0980633 0.982659 0.15737 -7.2269 -0.121921 -0.145079 0.98188 9.53043 0 0 0 1 
0.987611 -0.116082 0.105592 7.08903 0.0986129 0.982534 0.157808 -7.23014 -0.122066 -0.14544 0.981808 9.54736 0 0 0 1 
0.987538 -0.116691 0.105604 7.11488 0.0991625 0.982408 0.158245 -7.23338 -0.122212 -0.145801 0.981736 9.56428 0 0 0 1 
0.987466 -0.117298 0.105601 7.14026 0.0997147 0.982284 0.158665 -7.23563 -0.122341 -0.146146 0.981669 9.57989 0 0 0 1 
0.987394 -0.117905 0.105597 7.16564 0.100267 0.98216 0.159084 -7.23789 -0.12247 -0.146491 0.981602 9.59551 0 0 0 1 
0.987322 -0.118512 0.105593 7.19101 0.100819 0.982036 0.159503 -7.24014 -0.1226 -0.146836 0.981534 9.61112 0 0 0 1 
0.987249 -0.119119 0.105589 7.21639 0.101371 0.981911 0.159923 -7.2424 -0.122729 -0.14718 0.981466 9.62674 0 0 0 1 
0.987176 -0.119726 0.105585 7.24177 0.101923 0.981785 0.160342 -7.24465 -0.122859 -0.147525 0.981398 9.64235 0 0 0 1 
0.987105 -0.120332 0.105565 7.26667 0.102477 0.981662 0.160744 -7.24594 -0.122972 -0.147853 0.981335 9.65665 0 0 0 1 
0.987033 -0.120937 0.105545 7.29157 0.103032 0.981538 0.161145 -7.24723 -0.123085 -0.148181 0.981271 9.67096 0 0 0 1 
0.986961 -0.121542 0.105525 7.31647 0.103586 0.981414 0.161546 -7.24851 -0.123198 -0.148509 0.981207 9.68526 0 0 0 1 
0.986889 -0.122147 0.105504 7.34137 0.104141 0.981289 0.161948 -7.2498 -0.123312 -0.148837 0.981143 9.69957 0 0 0 1 
0.986816 -0.122752 0.105484 7.36627 0.104695 0.981163 0.162349 -7.25109 -0.123425 -0.149165 0.981079 9.71387 0 0 0 1 
0.986744 -0.123355 0.105447 7.39068 0.105252 0.98104 0.162733 -7.25143 -0.123522 -0.149477 0.981019 9.72687 0 0 0 1 
0.986673 -0.123958 0.105411 7.41508 0.105808 0.980917 0.163116 -7.25177 -0.123619 -0.149789 0.98096 9.73987 0 0 0 1 
0.986601 -0.12456 0.105374 7.43949 0.106365 0.980793 0.1635 -7.2521 -0.123716 -0.150101 0.9809 9.75288 0 0 0 1 
0.986528 -0.125163 0.105337 7.46389 0.106921 0.980668 0.163883 -7.25244 -0.123813 -0.150413 0.98084 9.76588 0 0 0 1 
0.986456 -0.125766 0.1053 7.4883 0.107477 0.980543 0.164267 -7.25278 -0.123911 -0.150724 0.980779 9.77888 0 0 0 1 
0.986384 -0.126367 0.105248 7.51222 0.108036 0.980421 0.164631 -7.25217 -0.123991 -0.151019 0.980724 9.79055 0 0 0 1 
0.986313 -0.126967 0.105196 7.53614 0.108595 0.980298 0.164996 -7.25156 -0.124072 -0.151314 0.980668 9.80223 0 0 0 1 
0.986241 -0.127568 0.105143 7.56006 0.109154 0.980174 0.165361 -7.25095 -0.124153 -0.151609 0.980612 9.8139 0 0 0 1 
0.986169 -0.128169 0.10509 7.58398 0.109713 0.98005 0.165725 -7.25034 -0.124234 -0.151903 0.980557 9.82558 0 0 0 1 
0.986096 -0.128769 0.105037 7.6079 0.110272 0.979926 0.16609 -7.24973 -0.124315 -0.152198 0.980501 9.83725 0 0 0 1 
0.986025 -0.129368 0.104968 7.63133 0.110833 0.979804 0.166436 -7.24818 -0.12438 -0.152476 0.980449 9.84759 0 0 0 1 
0.985954 -0.129966 0.104899 7.65476 0.111395 0.979681 0.166781 -7.24664 -0.124444 -0.152753 0.980398 9.85793 0 0 0 1 
0.985882 -0.130565 0.104831 7.67818 0.111956 0.979558 0.167127 -7.24509 -0.124508 -0.153031 0.980346 9.86827 0 0 0 1 
0.98581 -0.131163 0.104761 7.70161 0.112518 0.979435 0.167472 -7.24355 -0.124573 -0.153309 0.980295 9.87861 0 0 0 1 
0.985738 -0.131761 0.104692 7.72504 0.113079 0.979311 0.167818 -7.242 -0.124638 -0.153586 0.980243 9.88895 0 0 0 1 
0.985667 -0.132357 0.104607 7.74795 0.113642 0.97919 0.168145 -7.23955 -0.124686 -0.153847 0.980196 9.89798 0 0 0 1 
0.985596 -0.132952 0.104523 7.77086 0.114206 0.979068 0.168472 -7.2371 -0.124734 -0.154108 0.980149 9.90701 0 0 0 1 
0.985524 -0.133548 0.104438 7.79378 0.114769 0.978946 0.168798 -7.23464 -0.124782 -0.154369 0.980102 9.91604 0 0 0 1 
0.985452 -0.134143 0.104352 7.81669 0.115332 0.978823 0.169125 -7.23219 -0.12483 -0.15463 0.980055 9.92507 0 0 0 1 
0.98538 -0.134739 0.104267 7.8396 0.115895 0.9787 0.169452 -7.22974 -0.124878 -0.15489 0.980007 9.9341 0 0 0 1 
0.985309 -0.135331 0.104167 7.86198 0.11646 0.97858 0.16976 -7.2264 -0.124909 -0.155135 0.979965 9.94184 0 0 0 1 
0.985239 -0.135924 0.104066 7.88436 0.117025 0.978459 0.170068 -7.22307 -0.124941 -0.155379 0.979922 9.94958 0 0 0 1 
0.985167 -0.136516 0.103965 7.90675 0.11759 0.978338 0.170376 -7.21973 -0.124972 -0.155624 0.979879 9.95733 0 0 0 1 
0.985096 -0.137108 0.103864 7.92913 0.118154 0.978216 0.170684 -7.2164 -0.125004 -0.155868 0.979836 9.96507 0 0 0 1 
0.985024 -0.1377 0.103763 7.95151 0.118719 0.978094 0.170992 -7.21306 -0.125036 -0.156112 0.979793 9.97281 0 0 0 1 
0.984953 -0.138291 0.103651 7.97353 0.119287 0.977974 0.171284 -7.209 -0.125055 -0.156342 0.979754 9.97949 0 0 0 1 
0.984881 -0.138883 0.103538 7.99555 0.119854 0.977853 0.171576 -7.20493 -0.125074 -0.156573 0.979715 9.98617 0 0 0 1 
0.98481 -0.139474 0.103425 8.01758 0.120422 0.977732 0.171868 -7.20087 -0.125093 -0.156803 0.979676 9.99284 0 0 0 1 
0.984738 -0.140065 0.103311 8.0396 0.120989 0.977611 0.17216 -7.1968 -0.125112 -0.157033 0.979637 9.99952 0 0 0 1 
0.984665 -0.140656 0.103198 8.06162 0.121557 0.977489 0.172452 -7.19274 -0.125131 -0.157263 0.979597 10.0062 0 0 0 1 
0.984595 -0.141244 0.103069 8.0831 0.122126 0.97737 0.172725 -7.18781 -0.125133 -0.157477 0.979563 10.0116 0 0 0 1 
0.984524 -0.141831 0.102941 8.10459 0.122695 0.97725 0.172998 -7.18289 -0.125135 -0.15769 0.979528 10.0169 0 0 0 1 
0.984452 -0.142419 0.102812 8.12607 0.123264 0.97713 0.173271 -7.17796 -0.125138 -0.157904 0.979493 10.0223 0 0 0 1 
0.984381 -0.143007 0.102683 8.14756 0.123833 0.97701 0.173543 -7.17304 -0.12514 -0.158117 0.979458 10.0276 0 0 0 1 
0.984309 -0.143594 0.102554 8.16904 0.124402 0.976889 0.173816 -7.16811 -0.125143 -0.158331 0.979424 10.033 0 0 0 1 
0.984238 -0.14418 0.102414 8.19014 0.124973 0.97677 0.174073 -7.16249 -0.125133 -0.15853 0.979393 10.0373 0 0 0 1 
0.984166 -0.144766 0.102273 8.21125 0.125544 0.976651 0.17433 -7.15687 -0.125122 -0.15873 0.979362 10.0417 0 0 0 1 
0.984094 -0.145352 0.102133 8.23235 0.126116 0.976532 0.174587 -7.15124 -0.125112 -0.158929 0.979331 10.046 0 0 0 1 
0.984022 -0.145938 0.101992 8.25346 0.126687 0.976412 0.174843 -7.14562 -0.125102 -0.159129 0.9793 10.0504 0 0 0 1 
0.98395 -0.146523 0.101851 8.27456 0.127258 0.976292 0.1751 -7.14 -0.125092 -0.159328 0.979268 10.0547 0 0 0 1 
0.983879 -0.147106 0.101695 8.29511 0.12783 0.976174 0.175337 -7.13354 -0.125065 -0.159511 0.979242 10.0577 0 0 0 1 
0.983808 -0.147688 0.101538 8.31567 0.128403 0.976056 0.175575 -7.12707 -0.125037 -0.159694 0.979216 10.0608 0 0 0 1 
0.983737 -0.14827 0.101382 8.33622 0.128976 0.975938 0.175812 -7.12061 -0.12501 -0.159877 0.979189 10.0638 0 0 0 1 
0.983665 -0.148852 0.101225 8.35678 0.129548 0.97582 0.17605 -7.11414 -0.124983 -0.16006 0.979163 10.0669 0 0 0 1 
0.983593 -0.149434 0.101069 8.37733 0.130121 0.975701 0.176287 -7.10768 -0.124956 -0.160243 0.979136 10.0699 0 0 0 1 
0.983522 -0.150013 0.100897 8.39734 0.130695 0.975584 0.176504 -7.10038 -0.124912 -0.160409 0.979115 10.0716 0 0 0 1 
0.983451 -0.150591 0.100726 8.41735 0.131269 0.975468 0.176722 -7.09308 -0.124867 -0.160575 0.979093 10.0734 0 0 0 1 
0.98338 -0.15117 0.100554 8.43736 0.131843 0.975351 0.176939 -7.08578 -0.124823 -0.160741 0.979072 10.0751 0 0 0 1 
0.983309 -0.151748 0.100382 8.45737 0.132417 0.975234 0.177157 -7.07848 -0.124779 -0.160907 0.97905 10.0769 0 0 0 1 
0.983237 -0.152327 0.10021 8.47738 0.132991 0.975116 0.177374 -7.07118 -0.124735 -0.161073 0.979028 10.0786 0 0 0 1 
0.983166 -0.152904 0.100027 8.49702 0.133568 0.975001 0.177574 -7.0632 -0.124678 -0.161224 0.979011 10.0793 0 0 0 1 
0.983095 -0.153481 0.0998433 8.51666 0.134144 0.974885 0.177774 -7.05522 -0.124621 -0.161375 0.978993 10.0799 0 0 0 1 
0.983023 -0.154058 0.0996599 8.53631 0.134721 0.974769 0.177974 -7.04723 -0.124564 -0.161527 0.978976 10.0806 0 0 0 1 
0.982951 -0.154634 0.0994763 8.55595 0.135297 0.974653 0.178174 -7.03925 -0.124507 -0.161678 0.978958 10.0812 0 0 0 1 
0.982879 -0.155211 0.0992926 8.57559 0.135874 0.974536 0.178374 -7.03127 -0.12445 -0.161829 0.97894 10.0819 0 0 0 1 
0.982808 -0.155784 0.0990941 8.59466 0.136451 0.974422 0.178555 -7.02249 -0.124376 -0.161964 0.978927 10.0813 0 0 0 1 
0.982737 -0.156357 0.0988956 8.61373 0.137029 0.974308 0.178735 -7.0137 -0.124301 -0.162098 0.978914 10.0807 0 0 0 1 
0.982666 -0.156929 0.0986969 8.63281 0.137606 0.974194 0.178916 -7.00492 -0.124227 -0.162233 0.978901 10.0802 0 0 0 1 
0.982594 -0.157502 0.0984981 8.65188 0.138184 0.974079 0.179096 -6.99613 -0.124153 -0.162368 0.978889 10.0796 0 0 0 1 
0.982522 -0.158074 0.0982992 8.67095 0.138761 0.973964 0.179276 -6.98735 -0.124079 -0.162503 0.978876 10.079 0 0 0 1 
0.982451 -0.158645 0.0980889 8.68962 0.13934 0.973851 0.17944 -6.97792 -0.123991 -0.162624 0.978867 10.0774 0 0 0 1 
0.98238 -0.159215 0.0978786 8.70829 0.13992 0.973737 0.179605 -6.96849 -0.123904 -0.162745 0.978857 10.0757 0 0 0 1 
0.982308 -0.159786 0.0976682 8.72697 0.140499 0.973624 0.179768 -6.95906 -0.123816 -0.162866 0.978848 10.0741 0 0 0 1 
0.982236 -0.160356 0.0974576 8.74564 0.141078 0.97351 0.179932 -6.94963 -0.123729 -0.162987 0.978839 10.0724 0 0 0 1 
0.982164 -0.160926 0.097247 8.76431 0.141658 0.973395 0.180096 -6.9402 -0.123642 -0.163108 0.97883 10.0708 0 0 0 1 
0.982093 -0.161492 0.0970218 8.78241 0.142238 0.973284 0.18024 -6.92999 -0.123537 -0.163212 0.978826 10.0679 0 0 0 1 
0.982022 -0.162058 0.0967964 8.80051 0.142817 0.973173 0.180384 -6.91978 -0.123432 -0.163317 0.978822 10.0651 0 0 0 1 
0.981951 -0.162624 0.096571 8.81861 0.143397 0.973061 0.180527 -6.90956 -0.123327 -0.163421 0.978818 10.0622 0 0 0 1 
0.981879 -0.163189 0.0963454 8.83671 0.143977 0.972948 0.180671 -6.89935 -0.123223 -0.163525 0.978813 10.0594 0 0 0 1 
0.981807 -0.163755 0.0961198 8.85481 0.144557 0.972836 0.180814 -6.88914 -0.123118 -0.16363 0.978809 10.0565 0 0 0 1 
0.981736 -0.164319 0.0958832 8.8725 0.145138 0.972726 0.180942 -6.87831 -0.123 -0.163721 0.978809 10.0526 0 0 0 1 
0.981665 -0.164882 0.0956466 8.89019 0.14572 0.972615 0.181069 -6.86747 -0.122882 -0.163811 0.978808 10.0487 0 0 0 1 
0.981593 -0.165445 0.0954098 8.90788 0.146301 0.972504 0.181196 -6.85664 -0.122764 -0.163902 0.978808 10.0449 0 0 0 1 
0.981521 -0.166009 0.095173 8.92557 0.146883 0.972393 0.181323 -6.8458 -0.122647 -0.163993 0.978807 10.041 0 0 0 1 
0.981448 -0.166572 0.094936 8.94326 0.147464 0.972281 0.18145 -6.83497 -0.122529 -0.164084 0.978807 10.0371 0 0 0 1 
0.981377 -0.167133 0.0946879 8.96055 0.148047 0.972172 0.18156 -6.82351 -0.122398 -0.164161 0.978811 10.0322 0 0 0 1 
0.981305 -0.167693 0.0944397 8.97784 0.14863 0.972062 0.18167 -6.81204 -0.122266 -0.164237 0.978814 10.0273 0 0 0 1 
0.981233 -0.168254 0.0941915 8.99512 0.149213 0.971952 0.18178 -6.80058 -0.122135 -0.164314 0.978818 10.0223 0 0 0 1 
0.981161 -0.168815 0.0939431 9.01241 0.149796 0.971842 0.181889 -6.78911 -0.122004 -0.16439 0.978821 10.0174 0 0 0 1 
0.981088 -0.169375 0.0936948 9.0297 0.150379 0.971732 0.181999 -6.77765 -0.121872 -0.164467 0.978825 10.0125 0 0 0 1 
0.981017 -0.169932 0.0934322 9.04643 0.150963 0.971625 0.182088 -6.76541 -0.121723 -0.164526 0.978833 10.0063 0 0 0 1 
0.980945 -0.170489 0.0931696 9.06317 0.151547 0.971517 0.182176 -6.75317 -0.121575 -0.164585 0.978842 10.0002 0 0 0 1 
0.980873 -0.171045 0.0929069 9.0799 0.152131 0.971409 0.182265 -6.74093 -0.121426 -0.164644 0.97885 9.99398 0 0 0 1 
0.980801 -0.171602 0.0926442 9.09664 0.152715 0.971301 0.182353 -6.72869 -0.121277 -0.164704 0.978859 9.98781 0 0 0 1 
0.980728 -0.172158 0.0923814 9.11337 0.153299 0.971192 0.182441 -6.71645 -0.121129 -0.164763 0.978867 9.98164 0 0 0 1 
0.980656 -0.172712 0.0921076 9.1297 0.153884 0.971086 0.182513 -6.7036 -0.120967 -0.164808 0.97888 9.97446 0 0 0 1 
0.980584 -0.173266 0.0918337 9.14602 0.15447 0.97098 0.182584 -6.69076 -0.120804 -0.164854 0.978892 9.96728 0 0 0 1 
0.980512 -0.17382 0.0915598 9.16235 0.155055 0.970873 0.182656 -6.67791 -0.120642 -0.164899 0.978904 9.9601 0 0 0 1 
0.980439 -0.174374 0.0912859 9.17867 0.155641 0.970766 0.182727 -6.66507 -0.12048 -0.164945 0.978917 9.95292 0 0 0 1 
0.980366 -0.174928 0.0910119 9.195 0.156226 0.970659 0.182798 -6.65222 -0.120318 -0.16499 0.978929 9.94574 0 0 0 1 
0.980294 -0.175479 0.090727 9.2109 0.156812 0.970554 0.182852 -6.63879 -0.120142 -0.165022 0.978945 9.93759 0 0 0 1 
0.980221 -0.176029 0.0904421 9.2268 0.157398 0.970449 0.182907 -6.62536 -0.119966 -0.165054 0.978961 9.92945 0 0 0 1 
0.980149 -0.17658 0.0901571 9.24271 0.157984 0.970343 0.182961 -6.61192 -0.119791 -0.165086 0.978977 9.9213 0 0 0 1 
0.980075 -0.17713 0.0898721 9.25861 0.15857 0.970238 0.183015 -6.59849 -0.119615 -0.165118 0.978994 9.91316 0 0 0 1 
0.980002 -0.177681 0.0895871 9.27451 0.159156 0.970131 0.183069 -6.58506 -0.119439 -0.16515 0.97901 9.90501 0 0 0 1 
0.97993 -0.178227 0.0892877 9.28982 0.159742 0.970029 0.183104 -6.57089 -0.119246 -0.165166 0.979031 9.89566 0 0 0 1 
0.979858 -0.178772 0.0889883 9.30514 0.160328 0.969926 0.183138 -6.55673 -0.119052 -0.165182 0.979051 9.88631 0 0 0 1 
0.979785 -0.179318 0.0886888 9.32045 0.160914 0.969822 0.183172 -6.54256 -0.118858 -0.165198 0.979072 9.87695 0 0 0 1 
0.979712 -0.179864 0.0883893 9.33577 0.1615 0.969718 0.183205 -6.5284 -0.118665 -0.165214 0.979093 9.8676 0 0 0 1 
0.979639 -0.180409 0.0880898 9.35108 0.162086 0.969614 0.183239 -6.51423 -0.118471 -0.16523 0.979114 9.85825 0 0 0 1 
0.979566 -0.180954 0.087783 9.36615 0.162674 0.969512 0.183259 -6.49962 -0.118268 -0.165235 0.979137 9.84816 0 0 0 1 
0.979493 -0.181498 0.0874762 9.38121 0.163262 0.969409 0.183279 -6.48502 -0.118065 -0.165239 0.979161 9.83807 0 0 0 1 
0.979419 -0.182043 0.0871694 9.39628 0.16385 0.969306 0.183299 -6.47041 -0.117862 -0.165244 0.979185 9.82797 0 0 0 1 
0.979345 -0.182588 0.0868626 9.41134 0.164437 0.969203 0.183319 -6.45581 -0.117659 -0.165249 0.979208 9.81788 0 0 0 1 
0.979271 -0.183132 0.0865557 9.42641 0.165025 0.9691 0.183338 -6.4412 -0.117456 -0.165254 0.979232 9.80779 0 0 0 1 
0.979198 -0.18367 0.0862313 9.44074 0.165612 0.969 0.183334 -6.42571 -0.117231 -0.165239 0.979261 9.79624 0 0 0 1 
0.979126 -0.184208 0.0859069 9.45508 0.1662 0.968901 0.183329 -6.41023 -0.117006 -0.165224 0.979291 9.7847 0 0 0 1 
0.979053 -0.184746 0.0855824 9.46941 0.166787 0.968801 0.183324 -6.39474 -0.116781 -0.16521 0.97932 9.77315 0 0 0 1 
0.978979 -0.185284 0.085258 9.48375 0.167374 0.9687 0.183319 -6.37926 -0.116555 -0.165195 0.979349 9.76161 0 0 0 1 
0.978906 -0.185822 0.0849335 9.49808 0.167961 0.9686 0.183313 -6.36377 -0.11633 -0.165181 0.979379 9.75006 0 0 0 1 
0.978832 -0.186359 0.0846023 9.51217 0.16855 0.968501 0.183294 -6.34785 -0.116096 -0.165154 0.979411 9.73777 0 0 0 1 
0.978759 -0.186896 0.084271 9.52627 0.169138 0.968402 0.183274 -6.33193 -0.115861 -0.165128 0.979443 9.72548 0 0 0 1 
