0.99999 0.000735538 0.00435336 -0.0293906 -0.000722114 0.999995 -0.00308434 0.108898 -0.00435561 0.00308117 0.999986 -0.516658 0 0 0 1 
0.999986 0.00087328 0.00522688 -0.0344804 -0.000854068 0.999993 -0.00367687 0.129642 -0.00523005 0.00367235 0.99998 -0.616468 0 0 0 1 
0.999981 0.00101154 0.00610031 -0.0395701 -0.000985503 0.99999 -0.00426951 0.150385 -0.00610457 0.00426341 0.999972 -0.716279 0 0 0 1 
0.999975 0.00115031 0.00697365 -0.0446599 -0.00111642 0.999988 -0.00486226 0.171129 -0.00697916 0.00485435 0.999964 -0.816089 0 0 0 1 
0.999968 0.0012896 0.0078469 -0.0497496 -0.00124682 0.999984 -0.00545512 0.191872 -0.00785382 0.00544517 0.999954 -0.9159 0 0 0 1 
0.999961 0.00142941 0.00872007 -0.0548394 -0.0013767 0.999981 -0.0060481 0.212616 -0.00872855 0.00603586 0.999944 -1.01571 0 0 0 1 
0.999953 0.00155871 0.00959535 -0.0591261 -0.00149526 0.999977 -0.00661664 0.232311 -0.00960545 0.00660198 0.999932 -1.11201 0 0 0 1 
0.999944 0.00168851 0.0104706 -0.0634128 -0.00161332 0.999973 -0.00718528 0.252006 -0.0104824 0.00716798 0.999919 -1.20831 0 0 0 1 
0.999934 0.0018188 0.0113457 -0.0676995 -0.00173088 0.999968 -0.00775401 0.271701 -0.0113594 0.00773387 0.999906 -1.30462 0 0 0 1 
0.999923 0.00194959 0.0122207 -0.0719862 -0.00184795 0.999964 -0.00832285 0.291396 -0.0122365 0.00829963 0.999891 -1.40092 0 0 0 1 
0.999912 0.00208087 0.0130957 -0.0762729 -0.00196451 0.999959 -0.00889179 0.311091 -0.0131136 0.00886529 0.999875 -1.49722 0 0 0 1 
0.9999 0.0022006 0.0139725 -0.0796419 -0.00206887 0.999953 -0.0094356 0.329684 -0.0139926 0.00940575 0.999858 -1.5899 0 0 0 1 
0.999887 0.00232081 0.0148493 -0.083011 -0.00217275 0.999948 -0.00997949 0.348277 -0.0148717 0.0099461 0.99984 -1.68257 0 0 0 1 
0.999873 0.00244149 0.015726 -0.08638 -0.00227615 0.999942 -0.0105235 0.366871 -0.0157508 0.0104863 0.999821 -1.77525 0 0 0 1 
0.999859 0.00256265 0.0166027 -0.0897491 -0.00237907 0.999936 -0.0110675 0.385464 -0.01663 0.0110265 0.999801 -1.86792 0 0 0 1 
0.999844 0.00268428 0.0174792 -0.0931181 -0.00248151 0.99993 -0.0116117 0.404057 -0.0175092 0.0115665 0.99978 -1.9606 0 0 0 1 
0.999828 0.00279454 0.018357 -0.0955755 -0.00257208 0.999923 -0.0121311 0.421549 -0.0183895 0.0120818 0.999758 -2.04971 0 0 0 1 
0.999811 0.00290525 0.0192348 -0.0980329 -0.00266218 0.999916 -0.0126506 0.439041 -0.0192699 0.012597 0.999735 -2.13882 0 0 0 1 
0.999793 0.00301642 0.0201125 -0.10049 -0.00275183 0.999909 -0.0131702 0.456533 -0.0201504 0.0131121 0.999711 -2.22794 0 0 0 1 
0.999775 0.00312804 0.0209901 -0.102948 -0.00284102 0.999902 -0.0136898 0.474025 -0.0210308 0.0136271 0.999686 -2.31705 0 0 0 1 
0.999756 0.00324011 0.0218676 -0.105405 -0.00292976 0.999895 -0.0142096 0.491517 -0.0219113 0.014142 0.99966 -2.40616 0 0 0 1 
0.999736 0.00333994 0.022746 -0.106854 -0.0030059 0.999887 -0.0147041 0.507866 -0.0227926 0.0146318 0.999633 -2.49162 0 0 0 1 
0.999715 0.0034402 0.0236244 -0.108303 -0.00308161 0.99988 -0.0151986 0.524216 -0.0236738 0.0151215 0.999605 -2.57708 0 0 0 1 
0.999693 0.0035409 0.0245027 -0.109751 -0.00315688 0.999872 -0.0156932 0.540565 -0.0245551 0.0156111 0.999577 -2.66254 0 0 0 1 
0.999671 0.00364202 0.0253809 -0.1112 -0.00323172 0.999864 -0.0161879 0.556915 -0.0254364 0.0161006 0.999547 -2.748 0 0 0 1 
0.999648 0.00374357 0.0262591 -0.112649 -0.00330612 0.999855 -0.0166826 0.573264 -0.0263177 0.01659 0.999516 -2.83346 0 0 0 1 
0.999624 0.00383235 0.0271373 -0.11303 -0.00336757 0.999847 -0.017152 0.588449 -0.0271989 0.0170542 0.999485 -2.91523 0 0 0 1 
0.9996 0.00392155 0.0280155 -0.113412 -0.00342861 0.999839 -0.0176214 0.603634 -0.0280801 0.0175183 0.999452 -2.997 0 0 0 1 
0.999574 0.00401115 0.0288937 -0.113793 -0.00348924 0.99983 -0.0180909 0.618818 -0.0289613 0.0179823 0.999419 -3.07876 0 0 0 1 
0.999548 0.00410116 0.0297717 -0.114175 -0.00354945 0.999821 -0.0185604 0.634003 -0.0298425 0.0184463 0.999384 -3.16053 0 0 0 1 
0.999521 0.00419157 0.0306497 -0.114556 -0.00360925 0.999812 -0.0190299 0.649188 -0.0307238 0.0189102 0.999349 -3.2423 0 0 0 1 
0.999494 0.00426883 0.0315276 -0.113819 -0.00365586 0.999804 -0.0194743 0.663203 -0.0316046 0.0193492 0.999313 -3.32041 0 0 0 1 
0.999465 0.00434647 0.0324055 -0.113081 -0.00370208 0.999795 -0.0199188 0.677218 -0.0324854 0.0197882 0.999276 -3.39852 0 0 0 1 
0.999436 0.0044245 0.0332832 -0.112344 -0.00374791 0.999786 -0.0203633 0.691232 -0.0333662 0.0202271 0.999238 -3.47662 0 0 0 1 
0.999406 0.00450292 0.034161 -0.111606 -0.00379335 0.999776 -0.0208079 0.705247 -0.034247 0.0206659 0.9992 -3.55473 0 0 0 1 
0.999375 0.00458172 0.0350386 -0.110869 -0.00383839 0.999767 -0.0212524 0.719262 -0.0351278 0.0211047 0.99916 -3.63284 0 0 0 1 
0.999344 0.00464721 0.0359154 -0.108987 -0.00387029 0.999758 -0.0216714 0.732079 -0.0360075 0.0215182 0.99912 -3.70723 0 0 0 1 
0.999312 0.00471307 0.0367922 -0.107106 -0.00390181 0.999748 -0.0220904 0.744896 -0.0368871 0.0219317 0.999079 -3.78162 0 0 0 1 
0.999279 0.00477929 0.037669 -0.105224 -0.00393297 0.999739 -0.0225095 0.757713 -0.0377667 0.0223451 0.999037 -3.85601 0 0 0 1 
0.999245 0.00484587 0.0385457 -0.103343 -0.00396376 0.999729 -0.0229285 0.77053 -0.0386463 0.0227584 0.998994 -3.9304 0 0 0 1 
0.999211 0.00491282 0.0394223 -0.101461 -0.00399418 0.999719 -0.0233476 0.783347 -0.0395259 0.0231717 0.99895 -4.00479 0 0 0 1 
0.999175 0.00496519 0.0402978 -0.0983013 -0.00401035 0.99971 -0.023741 0.794943 -0.040404 0.0235598 0.998906 -4.07541 0 0 0 1 
0.999139 0.0050179 0.0411733 -0.0951416 -0.00402617 0.999701 -0.0241344 0.806538 -0.0412821 0.0239479 0.99886 -4.14603 0 0 0 1 
0.999103 0.00507095 0.0420488 -0.0919818 -0.00404164 0.999691 -0.0245279 0.818134 -0.0421602 0.0243359 0.998814 -4.21666 0 0 0 1 
0.999065 0.00512434 0.0429242 -0.0888221 -0.00405677 0.999681 -0.0249213 0.829729 -0.0430382 0.0247239 0.998767 -4.28728 0 0 0 1 
0.999027 0.00517807 0.0437995 -0.0856624 -0.00407155 0.999671 -0.0253148 0.841325 -0.0439162 0.0251118 0.99872 -4.3579 0 0 0 1 
0.998988 0.00521705 0.0446731 -0.0811981 -0.00407211 0.999662 -0.0256821 0.851675 -0.044792 0.0254742 0.998671 -4.4247 0 0 0 1 
0.998948 0.00525636 0.0455467 -0.0767338 -0.00407235 0.999652 -0.0260494 0.862026 -0.0456677 0.0258366 0.998623 -4.4915 0 0 0 1 
0.998908 0.00529598 0.0464201 -0.0722694 -0.00407226 0.999643 -0.0264168 0.872376 -0.0465435 0.0261989 0.998573 -4.5583 0 0 0 1 
0.998867 0.00533592 0.0472936 -0.0678051 -0.00407186 0.999633 -0.0267841 0.882727 -0.0474192 0.0265612 0.998522 -4.6251 0 0 0 1 
0.998825 0.00537617 0.048167 -0.0633408 -0.00407113 0.999623 -0.0271514 0.893077 -0.0482948 0.0269234 0.99847 -4.6919 0 0 0 1 
0.998782 0.00540096 0.049038 -0.0574946 -0.00405563 0.999614 -0.0274927 0.902177 -0.0491675 0.0272604 0.998418 -4.75487 0 0 0 1 
0.998739 0.00542605 0.0499089 -0.0516484 -0.00403983 0.999604 -0.027834 0.911276 -0.0500402 0.0275973 0.998366 -4.81784 0 0 0 1 
0.998695 0.00545143 0.0507798 -0.0458022 -0.00402373 0.999595 -0.0281753 0.920376 -0.0509129 0.0279342 0.998312 -4.8808 0 0 0 1 
0.99865 0.0054771 0.0516507 -0.039956 -0.00400734 0.999585 -0.0285166 0.929475 -0.0517855 0.0282711 0.998258 -4.94377 0 0 0 1 
0.998605 0.00550307 0.0525215 -0.0341098 -0.00399065 0.999576 -0.0288578 0.938575 -0.052658 0.028608 0.998203 -5.00674 0 0 0 1 
0.998559 0.00551312 0.0533897 -0.0268241 -0.0039589 0.999567 -0.029173 0.946414 -0.0535274 0.0289196 0.998148 -5.06587 0 0 0 1 
0.998512 0.00552343 0.0542578 -0.0195383 -0.00392687 0.999557 -0.0294882 0.954254 -0.0543967 0.0292313 0.998091 -5.12499 0 0 0 1 
0.998464 0.00553402 0.0551259 -0.0122526 -0.00389457 0.999548 -0.0298034 0.962093 -0.055266 0.0295429 0.998035 -5.18412 0 0 0 1 
0.998416 0.00554488 0.055994 -0.0049668 -0.00386199 0.999539 -0.0301185 0.969933 -0.0561352 0.0298545 0.997977 -5.24324 0 0 0 1 
0.998367 0.00555601 0.056862 0.00231895 -0.00382914 0.999529 -0.0304336 0.977772 -0.0570044 0.0301661 0.997918 -5.30237 0 0 0 1 
0.998317 0.00555045 0.0577268 0.0111269 -0.00378064 0.999521 -0.0307224 0.984336 -0.0578697 0.0304524 0.99786 -5.35761 0 0 0 1 
0.998267 0.00554513 0.0585915 0.0199349 -0.0037319 0.999512 -0.0310112 0.990899 -0.0587349 0.0307388 0.9978 -5.41284 0 0 0 1 
0.998216 0.00554006 0.0594562 0.0287429 -0.00368291 0.999503 -0.0312999 0.997463 -0.0596001 0.0310251 0.99774 -5.46808 0 0 0 1 
0.998164 0.00553524 0.0603209 0.0375509 -0.00363366 0.999494 -0.0315886 1.00403 -0.0604652 0.0313114 0.997679 -5.52331 0 0 0 1 
0.998111 0.00553066 0.0611855 0.0463589 -0.00358417 0.999485 -0.0318772 1.01059 -0.0613303 0.0315977 0.997617 -5.57855 0 0 0 1 
0.998058 0.00550857 0.0620462 0.0567772 -0.00351842 0.999477 -0.032139 1.01585 -0.0621908 0.0318583 0.997556 -5.6298 0 0 0 1 
0.998004 0.0054867 0.0629069 0.0671955 -0.00345245 0.999469 -0.0324007 1.02111 -0.0630512 0.0321189 0.997493 -5.68105 0 0 0 1 
0.99795 0.00546506 0.0637675 0.0776138 -0.00338626 0.999461 -0.0326624 1.02637 -0.0639116 0.0323795 0.99743 -5.73229 0 0 0 1 
0.997895 0.00544364 0.0646281 0.0880321 -0.00331984 0.999452 -0.032924 1.03163 -0.0647719 0.0326402 0.997366 -5.78354 0 0 0 1 
0.997839 0.00542245 0.0654886 0.0984504 -0.00325319 0.999444 -0.0331856 1.03689 -0.0656322 0.0329008 0.997301 -5.83479 0 0 0 1 
0.997782 0.00538345 0.0663448 0.110516 -0.00317017 0.999436 -0.0334205 1.04086 -0.0664873 0.0331361 0.997237 -5.88207 0 0 0 1 
0.997725 0.00534465 0.0672009 0.122582 -0.00308695 0.999429 -0.0336553 1.04482 -0.0673423 0.0333713 0.997172 -5.92935 0 0 0 1 
0.997667 0.00530605 0.0680569 0.134648 -0.00300353 0.999421 -0.0338901 1.04879 -0.0681973 0.0336066 0.997106 -5.97664 0 0 0 1 
0.997609 0.00526766 0.0689129 0.146713 -0.00291991 0.999413 -0.0341248 1.05275 -0.0690523 0.033842 0.997039 -6.02392 0 0 0 1 
0.997549 0.00522946 0.0697689 0.158779 -0.00283609 0.999406 -0.0343594 1.05672 -0.0699071 0.0340773 0.996971 -6.0712 0 0 0 1 
0.99749 0.00517288 0.0706199 0.172556 -0.00273552 0.999399 -0.034567 1.05938 -0.0707562 0.034287 0.996904 -6.11446 0 0 0 1 
0.99743 0.00511649 0.0714708 0.186334 -0.00263479 0.999392 -0.0347745 1.06203 -0.0716052 0.0344968 0.996836 -6.15771 0 0 0 1 
0.997369 0.00506027 0.0723217 0.200111 -0.00253387 0.999385 -0.0349819 1.06469 -0.0724542 0.0347066 0.996768 -6.20097 0 0 0 1 
0.997307 0.00500423 0.0731725 0.213889 -0.00243278 0.999378 -0.0351893 1.06734 -0.0733031 0.0349165 0.996698 -6.24422 0 0 0 1 
0.997244 0.00494836 0.0740233 0.227666 -0.00233151 0.999371 -0.0353965 1.07 -0.0741519 0.0351264 0.996628 -6.28748 0 0 0 1 
0.997182 0.00487292 0.0748686 0.243278 -0.00221249 0.999365 -0.0355766 1.07134 -0.0749944 0.0353107 0.996559 -6.32665 0 0 0 1 
0.997118 0.00479763 0.0757138 0.258889 -0.00209332 0.999358 -0.0357566 1.07268 -0.0758368 0.035495 0.996488 -6.36582 0 0 0 1 
0.997054 0.0047225 0.076559 0.274501 -0.001974 0.999352 -0.0359365 1.07401 -0.0766791 0.0356795 0.996417 -6.405 0 0 0 1 
0.996989 0.00464753 0.0774042 0.290112 -0.00185452 0.999346 -0.0361162 1.07535 -0.0775214 0.0358639 0.996345 -6.44417 0 0 0 1 
0.996923 0.00457271 0.0782493 0.305724 -0.0017349 0.99934 -0.0362959 1.07669 -0.0783636 0.0360485 0.996273 -6.48334 0 0 0 1 
0.996858 0.00447773 0.0790883 0.323234 -0.00159715 0.999334 -0.0364481 1.0767 -0.0791989 0.0362073 0.996201 -6.51837 0 0 0 1 
0.996791 0.00438289 0.0799273 0.340743 -0.00145928 0.999329 -0.0366002 1.07671 -0.0800341 0.0363661 0.996129 -6.55341 0 0 0 1 
0.996724 0.00428818 0.0807662 0.358253 -0.00132128 0.999324 -0.0367521 1.07673 -0.0808692 0.036525 0.996055 -6.58844 0 0 0 1 
0.996656 0.0041936 0.0816051 0.375762 -0.00118315 0.999318 -0.036904 1.07674 -0.0817042 0.036684 0.995981 -6.62348 0 0 0 1 
0.996587 0.00409916 0.082444 0.393272 -0.00104489 0.999313 -0.0370557 1.07675 -0.0825392 0.0368431 0.995907 -6.65851 0 0 0 1 
0.996519 0.00398446 0.0832761 0.412697 -0.00088859 0.999308 -0.03718 1.07545 -0.0833666 0.0369766 0.995833 -6.68942 0 0 0 1 
0.996449 0.00386987 0.0841082 0.432122 -0.000732188 0.999304 -0.0373042 1.07415 -0.084194 0.0371101 0.995758 -6.72033 0 0 0 1 
0.996379 0.00375539 0.0849402 0.451546 -0.000575682 0.999299 -0.0374282 1.07285 -0.0850213 0.0372438 0.995683 -6.75123 0 0 0 1 
0.996308 0.00364103 0.0857723 0.470971 -0.000419074 0.999295 -0.0375521 1.07155 -0.0858485 0.0373775 0.995607 -6.78214 0 0 0 1 
0.996237 0.00352677 0.0866042 0.490396 -0.000262362 0.99929 -0.0376759 1.07025 -0.0866756 0.0375114 0.99553 -6.81305 0 0 0 1 
0.996165 0.00339073 0.0874286 0.511886 -8.63235e-05 0.999286 -0.0377716 1.06761 -0.0874943 0.0376192 0.995454 -6.83969 0 0 0 1 
0.996093 0.00325478 0.088253 0.533377 8.97938e-05 0.999283 -0.0378672 1.06498 -0.088313 0.0377271 0.995378 -6.86633 0 0 0 1 
0.99602 0.00311892 0.0890774 0.554867 0.00026599 0.999279 -0.0379626 1.06234 -0.0891316 0.0378352 0.995301 -6.89298 0 0 0 1 
0.995946 0.00298315 0.0899017 0.576358 0.000442264 0.999275 -0.0380578 1.05971 -0.0899501 0.0379433 0.995223 -6.91962 0 0 0 1 
0.995872 0.00284747 0.0907259 0.597848 0.000618617 0.999272 -0.0381529 1.05707 -0.0907685 0.0380516 0.995145 -6.94626 0 0 0 1 
0.995798 0.0026897 0.0915422 0.621442 0.000814419 0.999269 -0.0382199 1.05311 -0.0915781 0.0381338 0.995067 -6.96863 0 0 0 1 
0.995723 0.002532 0.0923584 0.645036 0.00101028 0.999266 -0.0382867 1.04914 -0.0923876 0.0382162 0.994989 -6.99099 0 0 0 1 
0.995647 0.00237437 0.0931745 0.668629 0.00120619 0.999264 -0.0383534 1.04518 -0.093197 0.0382988 0.994911 -7.01336 0 0 0 1 
0.995571 0.0022168 0.0939906 0.692223 0.00140215 0.999261 -0.0384198 1.04121 -0.0940063 0.0383814 0.994831 -7.03572 0 0 0 1 
0.995494 0.0020593 0.0948067 0.715817 0.00159817 0.999258 -0.0384862 1.03725 -0.0948156 0.0384642 0.994751 -7.05809 0 0 0 1 
0.995417 0.00187756 0.0956136 0.741723 0.00181544 0.999256 -0.0385226 1.0319 -0.0956148 0.0385196 0.994673 -7.07589 0 0 0 1 
0.995339 0.00169587 0.0964205 0.76763 0.00203274 0.999254 -0.0385589 1.02655 -0.096414 0.0385752 0.994594 -7.09368 0 0 0 1 
0.995261 0.00151422 0.0972273 0.793536 0.00225007 0.999252 -0.038595 1.0212 -0.0972131 0.0386309 0.994514 -7.11148 0 0 0 1 
0.995182 0.00133261 0.0980341 0.819443 0.00246742 0.999251 -0.0386309 1.01585 -0.0980121 0.0386867 0.994433 -7.12927 0 0 0 1 
0.995103 0.00115105 0.0988408 0.845349 0.0026848 0.999249 -0.0386667 1.0105 -0.098811 0.0387427 0.994352 -7.14707 0 0 0 1 
0.995023 0.000945829 0.0996381 0.87352 0.00292282 0.999248 -0.0386739 1.00383 -0.0995998 0.0387726 0.994272 -7.16048 0 0 0 1 
0.994943 0.000740627 0.100435 0.901692 0.00316084 0.999247 -0.0386808 0.997167 -0.100388 0.0388027 0.994191 -7.17388 0 0 0 1 
0.994863 0.000535449 0.101233 0.929863 0.00339887 0.999246 -0.0386876 0.990501 -0.101177 0.0388329 0.99411 -7.18729 0 0 0 1 
0.994781 0.000330296 0.10203 0.958035 0.0036369 0.999244 -0.0386942 0.983834 -0.101966 0.0388633 0.994029 -7.20069 0 0 0 1 
0.994699 0.000125167 0.102827 0.986206 0.00387493 0.999243 -0.0387006 0.977168 -0.102754 0.0388939 0.993946 -7.2141 0 0 0 1 
0.994618 -0.000104198 0.103614 1.01669 0.00413399 0.999243 -0.0386785 0.96921 -0.103531 0.0388987 0.993865 -7.2231 0 0 0 1 
0.994535 -0.00033356 0.1044 1.04718 0.00439304 0.999243 -0.0386563 0.961253 -0.104308 0.0389036 0.993784 -7.2321 0 0 0 1 
0.994452 -0.000562918 0.105187 1.07767 0.00465206 0.999243 -0.0386338 0.953295 -0.105085 0.0389088 0.993702 -7.2411 0 0 0 1 
0.994369 -0.000792271 0.105973 1.10816 0.00491107 0.999242 -0.0386111 0.945338 -0.105862 0.0389141 0.993619 -7.2501 0 0 0 1 
0.994284 -0.00102162 0.10676 1.13865 0.00517006 0.999242 -0.0385882 0.93738 -0.106639 0.0389196 0.993536 -7.2591 0 0 0 1 
0.9942 -0.00127598 0.107535 1.17154 0.00545062 0.999242 -0.0385361 0.928121 -0.107405 0.0388988 0.993454 -7.26359 0 0 0 1 
0.994116 -0.00153036 0.108311 1.20443 0.00573114 0.999243 -0.0384838 0.918862 -0.10817 0.0388781 0.993372 -7.26807 0 0 0 1 
0.994031 -0.00178475 0.109086 1.23733 0.00601162 0.999243 -0.0384313 0.909603 -0.108935 0.0388577 0.993289 -7.27256 0 0 0 1 
0.993945 -0.00203915 0.109862 1.27022 0.00629206 0.999243 -0.0383786 0.900344 -0.109701 0.0388374 0.993206 -7.27704 0 0 0 1 
0.993858 -0.00229358 0.110637 1.30311 0.00657245 0.999244 -0.0383256 0.891085 -0.110466 0.0388174 0.993122 -7.28153 0 0 0 1 
0.993772 -0.00257372 0.111401 1.33847 0.00687499 0.999245 -0.0382438 0.880562 -0.111218 0.0387715 0.993039 -7.28151 0 0 0 1 
0.993686 -0.0028539 0.112164 1.37383 0.00717746 0.999246 -0.0381618 0.870039 -0.111971 0.0387259 0.992957 -7.28149 0 0 0 1 
0.993598 -0.00313411 0.112928 1.40918 0.00747987 0.999247 -0.0380796 0.859517 -0.112723 0.0386805 0.992873 -7.28146 0 0 0 1 
0.99351 -0.00341436 0.113691 1.44454 0.00778222 0.999248 -0.0379971 0.848994 -0.113476 0.0386353 0.992789 -7.28144 0 0 0 1 
0.993422 -0.00369464 0.114454 1.4799 0.0080845 0.999248 -0.0379144 0.838471 -0.114228 0.0385903 0.992705 -7.28142 0 0 0 1 
0.993334 -0.00400071 0.115205 1.51774 0.0084088 0.99925 -0.0378024 0.826693 -0.114968 0.0385191 0.992622 -7.27683 0 0 0 1 
0.993245 -0.00430683 0.115956 1.55558 0.00873301 0.999251 -0.0376902 0.814915 -0.115707 0.0384482 0.992539 -7.27224 0 0 0 1 
0.993156 -0.00461301 0.116707 1.59341 0.00905713 0.999253 -0.0375777 0.803136 -0.116447 0.0383775 0.992455 -7.26764 0 0 0 1 
0.993066 -0.00491924 0.117458 1.63125 0.00938117 0.999254 -0.037465 0.791358 -0.117186 0.0383071 0.992371 -7.26305 0 0 0 1 
0.992975 -0.00522552 0.118209 1.66909 0.00970513 0.999255 -0.037352 0.77958 -0.117925 0.0382368 0.992286 -7.25846 0 0 0 1 
0.992885 -0.0055588 0.118946 1.70952 0.0100521 0.999257 -0.0372097 0.766575 -0.118651 0.0381407 0.992203 -7.24924 0 0 0 1 
0.992795 -0.00589215 0.119683 1.74994 0.010399 0.999259 -0.0370673 0.75357 -0.119376 0.0380448 0.99212 -7.24001 0 0 0 1 
0.992704 -0.00622557 0.12042 1.79037 0.0107458 0.99926 -0.0369245 0.740565 -0.120101 0.0379491 0.992036 -7.23079 0 0 0 1 
0.992612 -0.00655907 0.121157 1.83079 0.0110925 0.999262 -0.0367815 0.72756 -0.120826 0.0378537 0.991952 -7.22156 0 0 0 1 
0.992519 -0.00689263 0.121894 1.87122 0.0114391 0.999263 -0.0366382 0.714555 -0.121551 0.0377585 0.991867 -7.21234 0 0 0 1 
0.992428 -0.00725334 0.122617 1.91425 0.0118087 0.999265 -0.0364657 0.700355 -0.122262 0.0376376 0.991784 -7.19848 0 0 0 1 
0.992335 -0.00761414 0.123339 1.95729 0.0121783 0.999267 -0.036293 0.686155 -0.122973 0.0375169 0.991701 -7.18463 0 0 0 1 
0.992242 -0.00797503 0.124062 2.00032 0.0125477 0.999269 -0.03612 0.671955 -0.123683 0.0373965 0.991617 -7.17077 0 0 0 1 
0.992149 -0.008336 0.124785 2.04336 0.0129169 0.99927 -0.0359467 0.657755 -0.124394 0.0372763 0.991532 -7.15692 0 0 0 1 
0.992055 -0.00869707 0.125507 2.08639 0.0132861 0.999272 -0.0357732 0.643555 -0.125105 0.0371564 0.991448 -7.14306 0 0 0 1 
0.991961 -0.00908839 0.126214 2.13232 0.0136808 0.999274 -0.0355674 0.628075 -0.125799 0.0370082 0.991365 -7.12405 0 0 0 1 
0.991868 -0.00947981 0.12692 2.17825 0.0140754 0.999275 -0.0353613 0.612596 -0.126492 0.0368602 0.991283 -7.10504 0 0 0 1 
0.991773 -0.00987134 0.127626 2.22418 0.0144699 0.999277 -0.0351549 0.597116 -0.127186 0.0367124 0.991199 -7.08602 0 0 0 1 
0.991678 -0.010263 0.128331 2.27011 0.0148642 0.999279 -0.0349482 0.581637 -0.12788 0.036565 0.991115 -7.06701 0 0 0 1 
0.991583 -0.0106547 0.129037 2.31604 0.0152584 0.99928 -0.0347413 0.566157 -0.128574 0.0364178 0.991031 -7.048 0 0 0 1 
0.991488 -0.0110748 0.129727 2.36468 0.0156765 0.999282 -0.0345046 0.54953 -0.129251 0.0362445 0.990949 -7.02419 0 0 0 1 
0.991393 -0.011495 0.130416 2.41333 0.0160944 0.999283 -0.0342675 0.532903 -0.129929 0.0360715 0.990867 -7.00038 0 0 0 1 
0.991297 -0.0119154 0.131106 2.46197 0.0165121 0.999284 -0.0340302 0.516275 -0.130607 0.0358988 0.990784 -6.97658 0 0 0 1 
0.9912 -0.0123358 0.131795 2.51062 0.0169297 0.999285 -0.0337925 0.499648 -0.131284 0.0357264 0.990701 -6.95277 0 0 0 1 
0.991103 -0.0127564 0.132484 2.55926 0.0173471 0.999286 -0.0335546 0.483021 -0.131962 0.0355543 0.990617 -6.92896 0 0 0 1 
0.991007 -0.0132055 0.133157 2.61063 0.0177884 0.999288 -0.033287 0.465292 -0.132622 0.0353563 0.990536 -6.90034 0 0 0 1 
0.99091 -0.0136547 0.133829 2.662 0.0182296 0.999288 -0.0330191 0.447564 -0.133283 0.0351586 0.990454 -6.87172 0 0 0 1 
0.990813 -0.0141041 0.134501 2.71337 0.0186706 0.999289 -0.0327508 0.429835 -0.133943 0.0349612 0.990372 -6.84309 0 0 0 1 
0.990715 -0.0145536 0.135172 2.76474 0.0191114 0.99929 -0.0324823 0.412107 -0.134604 0.034764 0.99029 -6.81447 0 0 0 1 
0.990617 -0.0150032 0.135844 2.81611 0.019552 0.99929 -0.0322135 0.394378 -0.135264 0.0345672 0.990206 -6.78585 0 0 0 1 
0.990519 -0.0154815 0.136498 2.87022 0.0200167 0.99929 -0.0319156 0.375608 -0.135907 0.0343452 0.990126 -6.75247 0 0 0 1 
0.990421 -0.01596 0.137152 2.92433 0.0204812 0.99929 -0.0316174 0.356838 -0.13655 0.0341236 0.990045 -6.71909 0 0 0 1 
0.990323 -0.0164386 0.137806 2.97844 0.0209456 0.99929 -0.0313189 0.338069 -0.137194 0.0339022 0.989964 -6.6857 0 0 0 1 
0.990224 -0.0169174 0.13846 3.03255 0.0214097 0.999289 -0.03102 0.319299 -0.137837 0.0336811 0.989882 -6.65232 0 0 0 1 
0.990124 -0.0173963 0.139114 3.08666 0.0218736 0.999289 -0.0307209 0.300529 -0.13848 0.0334604 0.9898 -6.61894 0 0 0 1 
0.990025 -0.0179038 0.139749 3.1435 0.0223614 0.999288 -0.0303924 0.280751 -0.139105 0.0332142 0.98972 -6.58072 0 0 0 1 
0.989926 -0.0184115 0.140384 3.20033 0.022849 0.999287 -0.0300635 0.260973 -0.13973 0.0329683 0.989641 -6.5425 0 0 0 1 
0.989826 -0.0189194 0.141018 3.25717 0.0233364 0.999285 -0.0297344 0.241194 -0.140355 0.0327227 0.98956 -6.50429 0 0 0 1 
0.989726 -0.0194274 0.141653 3.314 0.0238236 0.999284 -0.0294049 0.221416 -0.14098 0.0324774 0.98948 -6.46607 0 0 0 1 
0.989625 -0.0199356 0.142287 3.37084 0.0243105 0.999282 -0.0290751 0.201638 -0.141605 0.0322325 0.989398 -6.42785 0 0 0 1 
0.989525 -0.0204728 0.142902 3.43043 0.0248217 0.999279 -0.0287164 0.180911 -0.142211 0.0319626 0.98932 -6.38481 0 0 0 1 
0.989425 -0.0210102 0.143517 3.49003 0.0253327 0.999277 -0.0283573 0.160184 -0.142817 0.0316931 0.989242 -6.34177 0 0 0 1 
0.989324 -0.0215477 0.144131 3.54962 0.0258434 0.999274 -0.027998 0.139458 -0.143423 0.0314239 0.989162 -6.29872 0 0 0 1 
0.989222 -0.0220855 0.144746 3.60922 0.0263539 0.999271 -0.0276383 0.118731 -0.14403 0.031155 0.989083 -6.25568 0 0 0 1 
0.98912 -0.0226233 0.14536 3.66881 0.0268642 0.999267 -0.0272783 0.0980039 -0.144636 0.0308865 0.989003 -6.21264 0 0 0 1 
0.98902 -0.0231925 0.145952 3.73136 0.0274004 0.999263 -0.0268864 0.0762692 -0.145221 0.0305903 0.988926 -6.16426 0 0 0 1 
0.988919 -0.0237619 0.146544 3.7939 0.0279364 0.999259 -0.0264941 0.0545345 -0.145806 0.0302944 0.988849 -6.11587 0 0 0 1 
0.988817 -0.0243315 0.147136 3.85645 0.0284722 0.999254 -0.0261015 0.0327999 -0.146391 0.0299989 0.988772 -6.06749 0 0 0 1 
0.988715 -0.0249012 0.147727 3.91899 0.0290077 0.999249 -0.0257086 0.0110652 -0.146976 0.0297037 0.988694 -6.0191 0 0 0 1 
0.988612 -0.0254711 0.148318 3.98154 0.029543 0.999243 -0.0253154 -0.0106695 -0.147561 0.0294088 0.988616 -5.97072 0 0 0 1 
0.98851 -0.0260701 0.148888 4.04682 0.0301023 0.999237 -0.0248929 -0.0332658 -0.148125 0.0290888 0.988541 -5.91739 0 0 0 1 
0.988408 -0.0266693 0.149457 4.11211 0.0306614 0.99923 -0.0244702 -0.0558621 -0.14869 0.0287691 0.988465 -5.86406 0 0 0 1 
0.988306 -0.0272687 0.150027 4.17739 0.0312203 0.999223 -0.0240471 -0.0784584 -0.149254 0.0284498 0.988389 -5.81074 0 0 0 1 
0.988203 -0.0278682 0.150595 4.24268 0.0317789 0.999216 -0.0236237 -0.101055 -0.149819 0.0281308 0.988313 -5.75741 0 0 0 1 
0.988099 -0.0284679 0.151164 4.30796 0.0323372 0.999208 -0.0232 -0.123651 -0.150384 0.0278121 0.988236 -5.70408 0 0 0 1 
0.987997 -0.0290954 0.151711 4.37585 0.0329185 0.999199 -0.0227486 -0.147005 -0.150928 0.0274696 0.988163 -5.646 0 0 0 1 
0.987894 -0.0297232 0.152258 4.44374 0.0334995 0.99919 -0.0222968 -0.170359 -0.151472 0.0271275 0.988089 -5.58792 0 0 0 1 
0.98779 -0.0303511 0.152804 4.51163 0.0340803 0.99918 -0.0218448 -0.193714 -0.152016 0.0267857 0.988015 -5.52985 0 0 0 1 
0.987686 -0.0309791 0.15335 4.57952 0.0346608 0.99917 -0.0213924 -0.217068 -0.15256 0.0264442 0.98794 -5.47177 0 0 0 1 
0.987581 -0.0316074 0.153896 4.64741 0.035241 0.999159 -0.0209397 -0.240422 -0.153105 0.0261031 0.987865 -5.41369 0 0 0 1 
0.987478 -0.0322629 0.15442 4.71784 0.0358436 0.999148 -0.0204595 -0.26448 -0.153628 0.0257383 0.987793 -5.35086 0 0 0 1 
0.987375 -0.0329185 0.154943 4.78826 0.0364458 0.999136 -0.019979 -0.288538 -0.154151 0.0253738 0.987721 -5.28803 0 0 0 1 
0.987271 -0.0335744 0.155466 4.85869 0.0370478 0.999123 -0.0194981 -0.312596 -0.154675 0.0250096 0.987649 -5.22519 0 0 0 1 
0.987166 -0.0342304 0.155988 4.92911 0.0376496 0.99911 -0.019017 -0.336654 -0.155198 0.0246458 0.987576 -5.16236 0 0 0 1 
0.98706 -0.0348866 0.15651 4.99954 0.038251 0.999096 -0.0185355 -0.360712 -0.155722 0.0242823 0.987502 -5.09953 0 0 0 1 
0.986956 -0.0355702 0.157009 5.0725 0.038875 0.999081 -0.0180273 -0.385398 -0.156224 0.0238959 0.987433 -5.03199 0 0 0 1 
0.986852 -0.0362539 0.157508 5.14546 0.0394987 0.999066 -0.0175189 -0.410084 -0.156725 0.0235099 0.987362 -4.96445 0 0 0 1 
0.986747 -0.0369378 0.158006 5.21841 0.0401222 0.99905 -0.0170101 -0.43477 -0.157227 0.0231242 0.987292 -4.89692 0 0 0 1 
0.986641 -0.0376219 0.158504 5.29137 0.0407453 0.999033 -0.016501 -0.459456 -0.15773 0.0227388 0.987221 -4.82938 0 0 0 1 
0.986535 -0.0383062 0.159001 5.36433 0.0413682 0.999016 -0.0159915 -0.484142 -0.158232 0.0223538 0.987149 -4.76184 0 0 0 1 
0.986431 -0.0390187 0.159472 5.43987 0.042014 0.998998 -0.0154527 -0.509495 -0.15871 0.0219431 0.987081 -4.68913 0 0 0 1 
0.986326 -0.0397314 0.159944 5.51541 0.0426594 0.998978 -0.0149135 -0.534848 -0.159188 0.0215327 0.987013 -4.61642 0 0 0 1 
0.986221 -0.0404443 0.160414 5.59095 0.0433046 0.998959 -0.014374 -0.560202 -0.159666 0.0211226 0.986945 -4.54372 0 0 0 1 
0.986115 -0.0411573 0.160884 5.66649 0.0439496 0.998938 -0.0138342 -0.585555 -0.160144 0.0207129 0.986876 -4.47101 0 0 0 1 
0.986008 -0.0418705 0.161354 5.74203 0.0445942 0.998917 -0.0132941 -0.610908 -0.160623 0.0203036 0.986807 -4.3983 0 0 0 1 
0.985903 -0.0426092 0.161799 5.81988 0.0452595 0.998894 -0.0127281 -0.636763 -0.161078 0.0198716 0.986742 -4.32092 0 0 0 1 
0.985798 -0.043348 0.162244 5.89773 0.0459244 0.998871 -0.0121617 -0.662617 -0.161533 0.01944 0.986676 -4.24353 0 0 0 1 
0.985692 -0.044087 0.162688 5.97558 0.0465891 0.998847 -0.0115951 -0.688472 -0.161989 0.0190087 0.986609 -4.16615 0 0 0 1 
0.985585 -0.0448262 0.163132 6.05343 0.0472535 0.998822 -0.0110281 -0.714326 -0.162445 0.0185777 0.986543 -4.08876 0 0 0 1 
0.985478 -0.0455655 0.163575 6.13128 0.0479177 0.998797 -0.0104609 -0.740181 -0.162901 0.0181471 0.986475 -4.01138 0 0 0 1 
0.985373 -0.046329 0.163993 6.2113 0.0486014 0.998769 -0.00986924 -0.766442 -0.163334 0.0176952 0.986412 -3.92953 0 0 0 1 
0.985267 -0.0470926 0.164411 6.29132 0.0492848 0.998742 -0.0092773 -0.792704 -0.163768 0.0172436 0.986348 -3.84767 0 0 0 1 
0.98516 -0.0478564 0.164829 6.37134 0.0499679 0.998713 -0.00868506 -0.818965 -0.164201 0.0167923 0.986284 -3.76582 0 0 0 1 
0.985053 -0.0486204 0.165246 6.45136 0.0506507 0.998684 -0.00809253 -0.845227 -0.164635 0.0163414 0.986219 -3.68396 0 0 0 1 
0.984945 -0.0493845 0.165663 6.53138 0.0513332 0.998653 -0.00749971 -0.871488 -0.165069 0.0158908 0.986154 -3.60211 0 0 0 1 
0.984839 -0.0501711 0.166055 6.61341 0.0520338 0.998622 -0.00688311 -0.898094 -0.16548 0.0154192 0.986093 -3.51586 0 0 0 1 
0.984733 -0.0509579 0.166446 6.69543 0.0527341 0.998589 -0.00626623 -0.924701 -0.165892 0.0149479 0.986031 -3.42962 0 0 0 1 
0.984626 -0.0517449 0.166837 6.77746 0.0534341 0.998555 -0.00564907 -0.951307 -0.166304 0.014477 0.985968 -3.34337 0 0 0 1 
0.984518 -0.052532 0.167227 6.85948 0.0541339 0.998521 -0.00503163 -0.977914 -0.166716 0.0140064 0.985906 -3.25713 0 0 0 1 
0.984409 -0.0533193 0.167617 6.94151 0.0548333 0.998486 -0.00441391 -1.00452 -0.167128 0.0135361 0.985842 -3.17088 0 0 0 1 
0.984303 -0.0541278 0.167982 7.02539 0.0555497 0.998449 -0.00377394 -1.03138 -0.167517 0.013046 0.985783 -3.08042 0 0 0 1 
0.984196 -0.0549364 0.168346 7.10928 0.0562659 0.998411 -0.0031337 -1.05824 -0.167906 0.0125563 0.985723 -2.98996 0 0 0 1 
0.984088 -0.0557452 0.168709 7.19316 0.0569818 0.998372 -0.0024932 -1.0851 -0.168296 0.0120669 0.985663 -2.89951 0 0 0 1 
0.98398 -0.0565542 0.169072 7.27705 0.0576974 0.998332 -0.00185243 -1.11196 -0.168686 0.0115778 0.985602 -2.80905 0 0 0 1 
0.983871 -0.0573632 0.169435 7.36093 0.0584127 0.998292 -0.0012114 -1.13882 -0.169076 0.011089 0.985541 -2.71859 0 0 0 1 
0.983764 -0.0581946 0.169769 7.44673 0.0591456 0.998249 -0.000545403 -1.16597 -0.16944 0.0105776 0.985484 -2.62341 0 0 0 1 
0.983657 -0.0590262 0.170102 7.53253 0.0598783 0.998206 0.000120844 -1.19312 -0.169804 0.0100666 0.985426 -2.52823 0 0 0 1 
0.983549 -0.0598578 0.170435 7.61833 0.0606107 0.998161 0.00078734 -1.22026 -0.170169 0.0095558 0.985369 -2.43305 0 0 0 1 
0.983441 -0.0606896 0.170767 7.70413 0.0613428 0.998116 0.00145408 -1.24741 -0.170534 0.00904534 0.98531 -2.33787 0 0 0 1 
0.983331 -0.0615216 0.171099 7.78993 0.0620746 0.998069 0.00212107 -1.27456 -0.170899 0.00853518 0.985252 -2.24269 0 0 0 1 
0.983224 -0.0623715 0.171405 7.87724 0.0628205 0.998021 0.00280842 -1.30182 -0.171241 0.00800645 0.985197 -2.14353 0 0 0 1 
0.983117 -0.0632215 0.17171 7.96455 0.0635662 0.997972 0.00349599 -1.32908 -0.171583 0.00747801 0.985141 -2.04437 0 0 0 1 
0.983008 -0.0640717 0.172015 8.05185 0.0643116 0.997921 0.00418379 -1.35635 -0.171926 0.00694987 0.985085 -1.94521 0 0 0 1 
0.982899 -0.064922 0.172319 8.13916 0.0650567 0.99787 0.00487183 -1.38361 -0.172269 0.00642202 0.985029 -1.84605 0 0 0 1 
0.98279 -0.0657724 0.172623 8.22647 0.0658015 0.997817 0.00556009 -1.41087 -0.172612 0.00589446 0.984972 -1.74689 0 0 0 1 
0.982682 -0.0666402 0.172901 8.31522 0.06656 0.997763 0.00626847 -1.43821 -0.172932 0.0053484 0.984919 -1.64376 0 0 0 1 
0.982574 -0.0675082 0.173179 8.40397 0.0673182 0.997707 0.00697707 -1.46556 -0.173253 0.00480262 0.984866 -1.54063 0 0 0 1 
0.982465 -0.0683762 0.173456 8.49271 0.0680761 0.997651 0.00768587 -1.4929 -0.173574 0.00425712 0.984812 -1.4375 0 0 0 1 
0.982355 -0.0692443 0.173733 8.58146 0.0688337 0.997593 0.00839489 -1.52025 -0.173896 0.0037119 0.984757 -1.33437 0 0 0 1 
0.982245 -0.0701126 0.174008 8.67021 0.0695911 0.997534 0.00910411 -1.54759 -0.174218 0.00316696 0.984702 -1.23124 0 0 0 1 
0.982137 -0.0709934 0.17426 8.75992 0.0703578 0.997473 0.00982973 -1.57487 -0.174517 0.00260639 0.984651 -1.12473 0 0 0 1 
0.982029 -0.0718742 0.17451 8.84962 0.0711243 0.997412 0.0105555 -1.60215 -0.174817 0.00204608 0.984599 -1.01822 0 0 0 1 
0.981919 -0.0727551 0.17476 8.93933 0.0718905 0.997349 0.0112815 -1.62942 -0.175118 0.00148605 0.984546 -0.911709 0 0 0 1 
0.981809 -0.0736362 0.17501 9.02903 0.0726564 0.997285 0.0120077 -1.6567 -0.175419 0.000926278 0.984494 -0.805199 0 0 0 1 
0.981698 -0.0745173 0.175258 9.11874 0.0734221 0.99722 0.0127341 -1.68398 -0.17572 0.000366779 0.98444 -0.698689 0 0 0 1 
0.98159 -0.0754117 0.175482 9.20945 0.0741979 0.997152 0.0134775 -1.71119 -0.175999 -0.000209026 0.98439 -0.588646 0 0 0 1 
0.981481 -0.0763061 0.175705 9.30017 0.0749733 0.997084 0.0142212 -1.73841 -0.176278 -0.000784575 0.98434 -0.478604 0 0 0 1 
0.981371 -0.0772007 0.175928 9.39088 0.0757486 0.997015 0.0149649 -1.76562 -0.176558 -0.00135987 0.984289 -0.368561 0 0 0 1 
0.981261 -0.0780953 0.17615 9.4816 0.0765235 0.996944 0.0157089 -1.79284 -0.176838 -0.00193491 0.984238 -0.258519 0 0 0 1 
0.981149 -0.07899 0.176371 9.57231 0.0772982 0.996872 0.016453 -1.82005 -0.177119 -0.00250969 0.984186 -0.148476 0 0 0 1 
0.981041 -0.0798992 0.176565 9.66411 0.078084 0.996798 0.0172161 -1.84722 -0.177375 -0.00310283 0.984138 -0.034496 0 0 0 1 
0.980932 -0.0808084 0.176758 9.75591 0.0788695 0.996723 0.0179794 -1.87439 -0.177632 -0.00369573 0.98409 0.079484 0 0 0 1 
0.980821 -0.0817177 0.17695 9.8477 0.0796547 0.996646 0.0187428 -1.90157 -0.177889 -0.00428839 0.984041 0.193464 0 0 0 1 
0.980711 -0.082627 0.177142 9.9395 0.0804397 0.996569 0.0195063 -1.92874 -0.178146 -0.00488081 0.983992 0.307444 0 0 0 1 
0.980599 -0.0835364 0.177333 10.0313 0.0812244 0.99649 0.02027 -1.95591 -0.178404 -0.00547299 0.983942 0.421424 0 0 0 1 
0.98049 -0.0844554 0.1775 10.1237 0.0820161 0.996409 0.0210488 -1.98292 -0.17864 -0.00608033 0.983896 0.538659 0 0 0 1 
0.980381 -0.0853745 0.177666 10.2161 0.0828075 0.996326 0.0218277 -2.00993 -0.178877 -0.00668745 0.983849 0.655894 0 0 0 1 
0.98027 -0.0862937 0.177831 10.3086 0.0835987 0.996243 0.0226068 -2.03693 -0.179114 -0.00729434 0.983801 0.77313 0 0 0 1 
0.980159 -0.0872128 0.177995 10.401 0.0843896 0.996158 0.023386 -2.06394 -0.179351 -0.00790101 0.983753 0.890365 0 0 0 1 
0.980047 -0.088132 0.178159 10.4934 0.0851803 0.996072 0.0241652 -2.09095 -0.179589 -0.00850745 0.983705 1.0076 0 0 0 1 
0.979938 -0.0890561 0.1783 10.586 0.0859737 0.995985 0.0249559 -2.11767 -0.179806 -0.0091261 0.98366 1.12746 0 0 0 1 
0.979828 -0.0899801 0.17844 10.6785 0.0867668 0.995896 0.0257466 -2.1444 -0.180024 -0.00974455 0.983614 1.24732 0 0 0 1 
0.979717 -0.0909041 0.178579 10.7711 0.0875598 0.995806 0.0265374 -2.17112 -0.180243 -0.0103628 0.983568 1.36718 0 0 0 1 
0.979606 -0.0918282 0.178718 10.8636 0.0883525 0.995714 0.0273283 -2.19785 -0.180462 -0.0109808 0.983521 1.48704 0 0 0 1 
0.979494 -0.0927523 0.178856 10.9562 0.0891449 0.995622 0.0281194 -2.22457 -0.180681 -0.0115986 0.983473 1.6069 0 0 0 1 
0.979384 -0.0936858 0.178971 11.0493 0.0899443 0.995527 0.0289248 -2.25109 -0.18088 -0.0122311 0.983429 1.72997 0 0 0 1 
0.979273 -0.0946193 0.179085 11.1425 0.0907435 0.99543 0.0297303 -2.27762 -0.181079 -0.0128633 0.983384 1.85304 0 0 0 1 
0.979162 -0.0955528 0.179198 11.2356 0.0915425 0.995333 0.0305359 -2.30414 -0.181279 -0.0134954 0.983339 1.97612 0 0 0 1 
0.97905 -0.0964863 0.17931 11.3288 0.0923412 0.995234 0.0313416 -2.33067 -0.18148 -0.0141272 0.983293 2.09919 0 0 0 1 
0.978937 -0.0974198 0.179422 11.4219 0.0931397 0.995134 0.0321473 -2.35719 -0.181681 -0.0147589 0.983247 2.22226 0 0 0 1 
0.978827 -0.0983549 0.179513 11.5149 0.0939381 0.995032 0.0329626 -2.38337 -0.181863 -0.0154016 0.983203 2.34766 0 0 0 1 
0.978716 -0.09929 0.179602 11.6079 0.0947363 0.994929 0.033778 -2.40955 -0.182045 -0.0160442 0.983159 2.47306 0 0 0 1 
0.978604 -0.100225 0.179691 11.7008 0.0955343 0.994825 0.0345934 -2.43573 -0.182228 -0.0166866 0.983115 2.59846 0 0 0 1 
0.978492 -0.10116 0.179779 11.7938 0.096332 0.994719 0.0354089 -2.46191 -0.182412 -0.0173288 0.983069 2.72386 0 0 0 1 
0.978379 -0.102095 0.179867 11.8868 0.0971296 0.994612 0.0362244 -2.48809 -0.182596 -0.0179708 0.983024 2.84926 0 0 0 1 
0.978268 -0.103037 0.179932 11.98 0.0979315 0.994503 0.0370525 -2.51401 -0.182761 -0.0186262 0.982981 2.97757 0 0 0 1 
0.978156 -0.103978 0.179997 12.0733 0.0987332 0.994393 0.0378805 -2.53992 -0.182926 -0.0192814 0.982938 3.10587 0 0 0 1 
0.978044 -0.104919 0.18006 12.1665 0.0995347 0.994281 0.0387086 -2.56584 -0.183092 -0.0199365 0.982894 3.23418 0 0 0 1 
0.977931 -0.105861 0.180123 12.2598 0.100336 0.994168 0.0395368 -2.59175 -0.183258 -0.0205914 0.982849 3.36248 0 0 0 1 
0.977817 -0.106802 0.180185 12.353 0.101137 0.994053 0.040365 -2.61767 -0.183425 -0.0212461 0.982804 3.49079 0 0 0 1 
0.977706 -0.107742 0.180227 12.4457 0.101936 0.993937 0.0412009 -2.64319 -0.183574 -0.0219107 0.982762 3.62114 0 0 0 1 
0.977595 -0.108682 0.180268 12.5385 0.102734 0.99382 0.0420368 -2.66871 -0.183723 -0.0225752 0.982719 3.75149 0 0 0 1 
0.977482 -0.109622 0.180309 12.6312 0.103533 0.993702 0.0428727 -2.69423 -0.183873 -0.0232395 0.982675 3.88184 0 0 0 1 
0.977369 -0.110562 0.180348 12.724 0.104331 0.993582 0.0437087 -2.71975 -0.184023 -0.0239036 0.982631 4.01219 0 0 0 1 
0.977255 -0.111502 0.180387 12.8167 0.105129 0.99346 0.0445446 -2.74527 -0.184174 -0.0245676 0.982587 4.14254 0 0 0 1 
0.977144 -0.112443 0.180404 12.9091 0.105926 0.993338 0.0453899 -2.77044 -0.184306 -0.0252429 0.982545 4.27526 0 0 0 1 
0.977033 -0.113383 0.180421 13.0016 0.106723 0.993213 0.0462351 -2.7956 -0.184439 -0.0259181 0.982502 4.40799 0 0 0 1 
0.97692 -0.114324 0.180437 13.094 0.10752 0.993088 0.0470804 -2.82077 -0.184572 -0.0265932 0.982459 4.54071 0 0 0 1 
0.976807 -0.115264 0.180452 13.1865 0.108316 0.992961 0.0479256 -2.84593 -0.184706 -0.0272681 0.982416 4.67344 0 0 0 1 
0.976693 -0.116204 0.180466 13.2789 0.109113 0.992832 0.0487708 -2.8711 -0.18484 -0.0279429 0.982371 4.80616 0 0 0 1 
0.976581 -0.117145 0.180461 13.371 0.109909 0.992702 0.0496253 -2.89593 -0.184958 -0.0286289 0.982329 4.9412 0 0 0 1 
0.976469 -0.118086 0.180456 13.4632 0.110704 0.992571 0.0504797 -2.92076 -0.185076 -0.0293147 0.982287 5.07625 0 0 0 1 
0.976356 -0.119027 0.180449 13.5553 0.1115 0.992438 0.0513342 -2.94558 -0.185195 -0.0300004 0.982244 5.21129 0 0 0 1 
0.976242 -0.119967 0.180442 13.6475 0.112295 0.992303 0.0521885 -2.97041 -0.185314 -0.0306859 0.9822 5.34634 0 0 0 1 
0.976127 -0.120908 0.180434 13.7396 0.11309 0.992168 0.0530429 -2.99524 -0.185434 -0.0313713 0.982156 5.48138 0 0 0 1 
0.976016 -0.121843 0.180409 13.8308 0.113879 0.992031 0.0539013 -3.0196 -0.185539 -0.0320637 0.982114 5.61782 0 0 0 1 
0.975903 -0.122777 0.180384 13.922 0.114667 0.991894 0.0547596 -3.04395 -0.185644 -0.032756 0.982071 5.75425 0 0 0 1 
0.97579 -0.123712 0.180357 14.0131 0.115456 0.991754 0.0556179 -3.06831 -0.18575 -0.0334481 0.982027 5.89069 0 0 0 1 
0.975676 -0.124646 0.18033 14.1043 0.116244 0.991614 0.0564761 -3.09266 -0.185857 -0.0341401 0.981984 6.02712 0 0 0 1 
0.975562 -0.125581 0.180302 14.1955 0.117032 0.991472 0.0573343 -3.11702 -0.185964 -0.034832 0.981939 6.16356 0 0 0 1 
0.97545 -0.126514 0.180256 14.2862 0.117818 0.991328 0.0581998 -3.141 -0.186056 -0.0355335 0.981896 6.30199 0 0 0 1 
0.975337 -0.127446 0.18021 14.3768 0.118604 0.991183 0.0590653 -3.16499 -0.186149 -0.036235 0.981853 6.44042 0 0 0 1 
0.975223 -0.128379 0.180163 14.4675 0.119389 0.991037 0.0599307 -3.18897 -0.186242 -0.0369363 0.981809 6.57885 0 0 0 1 
0.975109 -0.129312 0.180115 14.5581 0.120175 0.990889 0.0607961 -3.21296 -0.186336 -0.0376375 0.981765 6.71728 0 0 0 1 
0.974994 -0.130244 0.180067 14.6488 0.12096 0.99074 0.0616613 -3.23694 -0.18643 -0.0383386 0.98172 6.85571 0 0 0 1 
0.974881 -0.131172 0.180002 14.7387 0.12174 0.99059 0.0625325 -3.26053 -0.186511 -0.0390483 0.981677 6.99585 0 0 0 1 
0.974768 -0.132101 0.179936 14.8286 0.12252 0.990439 0.0634036 -3.28411 -0.186591 -0.039758 0.981633 7.13599 0 0 0 1 
0.974654 -0.133029 0.17987 14.9184 0.1233 0.990286 0.0642747 -3.3077 -0.186673 -0.0404676 0.981588 7.27613 0 0 0 1 
0.974539 -0.133956 0.179802 15.0083 0.12408 0.990131 0.0651456 -3.33128 -0.186754 -0.041177 0.981543 7.41627 0 0 0 1 
0.974424 -0.134884 0.179734 15.0982 0.12486 0.989976 0.0660164 -3.35487 -0.186837 -0.0418864 0.981498 7.55641 0 0 0 1 
0.974311 -0.135806 0.179651 15.1871 0.125633 0.989819 0.0668914 -3.37803 -0.186906 -0.0426028 0.981454 7.69793 0 0 0 1 
0.974198 -0.136727 0.179567 15.276 0.126407 0.989661 0.0677662 -3.40118 -0.186976 -0.0433192 0.981409 7.83945 0 0 0 1 
0.974084 -0.137649 0.179483 15.3649 0.12718 0.989502 0.0686409 -3.42434 -0.187047 -0.0440355 0.981364 7.98097 0 0 0 1 
0.973969 -0.13857 0.179397 15.4538 0.127953 0.989341 0.0695155 -3.44749 -0.187118 -0.0447516 0.981318 8.12249 0 0 0 1 
0.973853 -0.139491 0.179311 15.5427 0.128725 0.989179 0.07039 -3.47065 -0.187189 -0.0454677 0.981271 8.26401 0 0 0 1 
0.97374 -0.140405 0.17921 15.6306 0.129491 0.989016 0.0712689 -3.4934 -0.187248 -0.0461913 0.981226 8.40694 0 0 0 1 
0.973627 -0.14132 0.179109 15.7184 0.130257 0.988852 0.0721478 -3.51614 -0.187308 -0.0469148 0.98118 8.54988 0 0 0 1 
0.973512 -0.142234 0.179006 15.8063 0.131023 0.988686 0.0730264 -3.53889 -0.187368 -0.0476382 0.981134 8.69281 0 0 0 1 
0.973397 -0.143148 0.178903 15.8941 0.131789 0.988519 0.073905 -3.56163 -0.187429 -0.0483615 0.981087 8.83575 0 0 0 1 
0.973282 -0.144062 0.178799 15.982 0.132554 0.988351 0.0747834 -3.58438 -0.18749 -0.0490848 0.981039 8.97868 0 0 0 1 
0.973168 -0.14497 0.178682 16.0689 0.133313 0.988181 0.0756661 -3.60672 -0.187539 -0.0498152 0.980993 9.12299 0 0 0 1 
0.973054 -0.145878 0.178563 16.1558 0.134073 0.988011 0.0765485 -3.62907 -0.187589 -0.0505455 0.980946 9.2673 0 0 0 1 
