0.999997 0.00261795 4.49262e-12 -0.0737474 -0.00261794 0.999992 0.00297603 -0.0890595 7.79109e-06 -0.00297602 0.999996 0.0839669 0 0 0 1 
0.999995 0.00314141 -6.14477e-07 -0.0884931 -0.00314139 0.999989 0.00356297 -0.106536 1.18072e-05 -0.00356295 0.999994 0.100579 0 0 0 1 
0.999993 0.00366486 -9.21718e-07 -0.103239 -0.00366483 0.999985 0.00414991 -0.124013 1.61305e-05 -0.00414988 0.999991 0.117191 0 0 0 1 
0.999991 0.00418832 -9.21719e-07 -0.117985 -0.00418827 0.99998 0.00473684 -0.14149 2.07611e-05 -0.0047368 0.999989 0.133802 0 0 0 1 
0.999989 0.00471177 -6.14479e-07 -0.13273 -0.0047117 0.999975 0.00532378 -0.158966 2.56989e-05 -0.00532372 0.999986 0.150414 0 0 0 1 
0.999986 0.00523523 5.00533e-13 -0.147476 -0.00523513 0.999969 0.00591071 -0.176443 3.09439e-05 -0.00591063 0.999983 0.167026 0 0 0 1 
0.999983 0.00575813 -6.04816e-07 -0.162206 -0.005758 0.999962 0.00648902 -0.193576 3.79694e-05 -0.00648891 0.999979 0.183443 0 0 0 1 
0.99998 0.00628103 -9.07222e-07 -0.176936 -0.00628087 0.999955 0.00706733 -0.210709 4.52973e-05 -0.00706718 0.999975 0.199861 0 0 0 1 
0.999977 0.00680393 -9.07216e-07 -0.191666 -0.00680372 0.999948 0.00764564 -0.227842 5.29275e-05 -0.00764545 0.999971 0.216278 0 0 0 1 
0.999973 0.00732683 -6.04799e-07 -0.206396 -0.00732657 0.999939 0.00822394 -0.244975 6.08602e-05 -0.00822371 0.999966 0.232696 0 0 0 1 
0.999969 0.00784972 2.88377e-11 -0.221126 -0.00784942 0.99993 0.00880224 -0.262108 6.90951e-05 -0.00880197 0.999961 0.249113 0 0 0 1 
0.999965 0.00837194 -5.94067e-07 -0.235837 -0.00837157 0.999921 0.0093711 -0.278875 7.90484e-05 -0.00937077 0.999956 0.26531 0 0 0 1 
0.99996 0.00889416 -8.91068e-07 -0.250547 -0.00889372 0.999911 0.00993996 -0.295642 8.92987e-05 -0.00993956 0.999951 0.281507 0 0 0 1 
0.999956 0.00941638 -8.90975e-07 -0.265258 -0.00941585 0.9999 0.0105088 -0.312409 9.98459e-05 -0.0105083 0.999945 0.297704 0 0 0 1 
0.999951 0.00993859 -5.93788e-07 -0.279968 -0.00993798 0.999889 0.0110777 -0.329176 0.00011069 -0.0110771 0.999939 0.313901 0 0 0 1 
0.999945 0.0104608 4.92729e-10 -0.294679 -0.0104601 0.999877 0.0116465 -0.345943 0.000121831 -0.0116459 0.999932 0.330098 0 0 0 1 
0.99994 0.0109821 -5.82868e-07 -0.309363 -0.0109813 0.999865 0.0122059 -0.362345 0.000134629 -0.0122051 0.999926 0.34607 0 0 0 1 
0.999934 0.0115034 -8.74609e-07 -0.324048 -0.0115024 0.999852 0.0127652 -0.378748 0.000147718 -0.0127644 0.999919 0.362043 0 0 0 1 
0.999928 0.0120246 -8.74731e-07 -0.338732 -0.0120236 0.999839 0.0133246 -0.39515 0.000161098 -0.0133236 0.999911 0.378015 0 0 0 1 
0.999921 0.0125459 -5.83233e-07 -0.353417 -0.0125447 0.999825 0.0138839 -0.411553 0.00017477 -0.0138828 0.999904 0.393988 0 0 0 1 
0.999915 0.0130672 -1.15673e-10 -0.368101 -0.0130658 0.99981 0.0144433 -0.427955 0.000188733 -0.014442 0.999896 0.40996 0 0 0 1 
0.999908 0.0135873 -5.71495e-07 -0.382754 -0.0135858 0.999795 0.0149924 -0.443973 0.000204278 -0.014991 0.999888 0.425684 0 0 0 1 
0.9999 0.0141075 -8.57193e-07 -0.397406 -0.0141058 0.99978 0.0155415 -0.459991 0.000220108 -0.0155399 0.999879 0.441408 0 0 0 1 
0.999893 0.0146276 -8.57209e-07 -0.412059 -0.0146257 0.999764 0.0160906 -0.47601 0.000236224 -0.0160889 0.999871 0.457132 0 0 0 1 
0.999885 0.0151478 -5.71543e-07 -0.426711 -0.0151457 0.999747 0.0166397 -0.492028 0.000252626 -0.0166378 0.999862 0.472856 0 0 0 1 
0.999877 0.0156679 -1.96579e-10 -0.441364 -0.0156656 0.99973 0.0171888 -0.508046 0.000269313 -0.0171867 0.999852 0.48858 0 0 0 1 
0.999869 0.0161865 -5.58507e-07 -0.455973 -0.016184 0.999712 0.017727 -0.523663 0.000287497 -0.0177247 0.999843 0.504033 0 0 0 1 
0.99986 0.0167051 -8.37624e-07 -0.470582 -0.0167023 0.999694 0.0182652 -0.539279 0.00030596 -0.0182626 0.999833 0.519486 0 0 0 1 
0.999852 0.0172237 -8.37547e-07 -0.48519 -0.0172207 0.999675 0.0188034 -0.554896 0.000324702 -0.0188006 0.999823 0.53494 0 0 0 1 
0.999843 0.0177423 -5.58276e-07 -0.499799 -0.017739 0.999656 0.0193416 -0.570512 0.000343722 -0.0193385 0.999813 0.550393 0 0 0 1 
0.999833 0.0182609 1.88269e-10 -0.514408 -0.0182573 0.999636 0.0198798 -0.586129 0.000363022 -0.0198764 0.999802 0.565846 0 0 0 1 
0.999824 0.0187779 -5.45011e-07 -0.528971 -0.018774 0.999615 0.0204068 -0.60134 0.000383741 -0.0204032 0.999792 0.581018 0 0 0 1 
0.999814 0.0192948 -8.17657e-07 -0.543533 -0.0192906 0.999595 0.0209338 -0.616551 0.000404731 -0.0209299 0.999781 0.59619 0 0 0 1 
0.999804 0.0198118 -8.1775e-07 -0.558096 -0.0198072 0.999573 0.0214608 -0.631762 0.000425994 -0.0214566 0.99977 0.611363 0 0 0 1 
0.999793 0.0203287 -5.4529e-07 -0.572658 -0.0203238 0.999552 0.0219878 -0.646973 0.000447529 -0.0219832 0.999758 0.626535 0 0 0 1 
0.999783 0.0208457 -2.75967e-10 -0.587221 -0.0208404 0.999529 0.0225148 -0.662184 0.000469337 -0.0225099 0.999747 0.641707 0 0 0 1 
0.999772 0.0213607 -5.31243e-07 -0.601729 -0.021355 0.999507 0.0230302 -0.676979 0.000492473 -0.0230249 0.999735 0.656582 0 0 0 1 
0.999761 0.0218757 -7.96634e-07 -0.616237 -0.0218697 0.999484 0.0235456 -0.691774 0.000515874 -0.0235399 0.999723 0.671457 0 0 0 1 
0.999749 0.0223908 -7.96449e-07 -0.630744 -0.0223843 0.99946 0.024061 -0.706568 0.00053954 -0.0240549 0.99971 0.686333 0 0 0 1 
0.999738 0.0229058 -5.30688e-07 -0.645252 -0.0228988 0.999436 0.0245764 -0.721363 0.000563471 -0.0245699 0.999698 0.701208 0 0 0 1 
0.999726 0.0234208 6.49122e-10 -0.65976 -0.0234134 0.999411 0.0250917 -0.736158 0.000587668 -0.0250849 0.999685 0.716083 0 0 0 1 
0.999714 0.0239336 -5.15636e-07 -0.674207 -0.0239258 0.999386 0.0255946 -0.750514 0.000613088 -0.0255873 0.999672 0.730633 0 0 0 1 
0.999701 0.0244465 -7.73862e-07 -0.688654 -0.0244381 0.999361 0.0260975 -0.76487 0.000638765 -0.0260897 0.999659 0.745182 0 0 0 1 
0.999688 0.0249593 -7.74028e-07 -0.703101 -0.0249505 0.999335 0.0266004 -0.779225 0.000664701 -0.026592 0.999646 0.759732 0 0 0 1 
0.999676 0.0254722 -5.16135e-07 -0.717548 -0.0254628 0.999308 0.0271032 -0.793581 0.000690893 -0.0270944 0.999633 0.774281 0 0 0 1 
0.999662 0.025985 -1.81446e-10 -0.731995 -0.0259751 0.999281 0.0276061 -0.807937 0.000717344 -0.0275967 0.999619 0.788831 0 0 0 1 
0.999649 0.0264954 -5.00536e-07 -0.746372 -0.0264849 0.999254 0.0280959 -0.821844 0.000744913 -0.0280861 0.999605 0.803038 0 0 0 1 
0.999635 0.0270058 -7.50674e-07 -0.760749 -0.0269947 0.999227 0.0285858 -0.83575 0.000772733 -0.0285754 0.999591 0.817245 0 0 0 1 
0.999621 0.0275162 -7.50595e-07 -0.775127 -0.0275045 0.999199 0.0290757 -0.849657 0.000800802 -0.0290647 0.999577 0.831453 0 0 0 1 
0.999607 0.0280265 -5.00299e-07 -0.789504 -0.0280143 0.99917 0.0295656 -0.863563 0.00082912 -0.0295539 0.999563 0.84566 0 0 0 1 
0.999593 0.0285369 2.14182e-10 -0.803881 -0.028524 0.999141 0.0300554 -0.87747 0.000857688 -0.0300432 0.999548 0.859867 0 0 0 1 
0.999578 0.0290444 -4.83571e-07 -0.818177 -0.0290309 0.999112 0.0305316 -0.89091 0.000887256 -0.0305187 0.999534 0.873708 0 0 0 1 
0.999563 0.0295519 -7.25465e-07 -0.832474 -0.0295377 0.999083 0.0310078 -0.90435 0.000917065 -0.0309942 0.999519 0.887549 0 0 0 1 
0.999548 0.0300594 -7.25469e-07 -0.84677 -0.0300445 0.999053 0.031484 -0.917791 0.000947116 -0.0314697 0.999504 0.901391 0 0 0 1 
0.999533 0.0305669 -4.83581e-07 -0.861067 -0.0305513 0.999022 0.0319602 -0.931231 0.000977407 -0.0319452 0.999489 0.915232 0 0 0 1 
0.999517 0.0310744 1.97027e-10 -0.875363 -0.0310581 0.998991 0.0324363 -0.944671 0.00100794 -0.0324207 0.999474 0.929073 0 0 0 1 
0.999501 0.031579 -4.66799e-07 -0.889576 -0.0315619 0.99896 0.0328985 -0.957637 0.00103937 -0.032882 0.999459 0.942535 0 0 0 1 
0.999485 0.0320836 -7.00378e-07 -0.90379 -0.0320657 0.998929 0.0333606 -0.970603 0.00107103 -0.0333434 0.999443 0.955996 0 0 0 1 
0.999469 0.0325881 -7.00541e-07 -0.918003 -0.0325694 0.998897 0.0338227 -0.983568 0.00110292 -0.0338047 0.999428 0.969458 0 0 0 1 
0.999452 0.0330927 -4.67287e-07 -0.932217 -0.0330732 0.998865 0.0342848 -0.996534 0.00113504 -0.034266 0.999412 0.982919 0 0 0 1 
0.999435 0.0335972 -6.16358e-10 -0.94643 -0.0335769 0.998832 0.0347469 -1.0095 0.0011674 -0.0347273 0.999396 0.996381 0 0 0 1 
0.999418 0.0340984 -4.49162e-07 -0.96055 -0.0340773 0.998799 0.0351942 -1.02197 0.00120051 -0.0351737 0.99938 1.00944 0 0 0 1 
0.999401 0.0345997 -6.73261e-07 -0.97467 -0.0345777 0.998766 0.0356414 -1.03445 0.00123385 -0.03562 0.999365 1.02249 0 0 0 1 
0.999384 0.0351009 -6.72914e-07 -0.98879 -0.035078 0.998733 0.0360886 -1.04692 0.00126742 -0.0360664 0.999349 1.03555 0 0 0 1 
0.999366 0.0356021 -4.4812e-07 -1.00291 -0.0355783 0.998699 0.0365359 -1.0594 0.0013012 -0.0365127 0.999332 1.0486 0 0 0 1 
0.999348 0.0361033 1.11939e-09 -1.01703 -0.0360786 0.998664 0.0369831 -1.07187 0.00133521 -0.036959 0.999316 1.06166 0 0 0 1 
0.99933 0.0366008 -4.28583e-07 -1.03104 -0.0365752 0.99863 0.0374146 -1.08383 0.00136983 -0.0373895 0.9993 1.07428 0 0 0 1 
0.999312 0.0370983 -6.43342e-07 -1.04506 -0.0370717 0.998596 0.037846 -1.09579 0.00140467 -0.03782 0.999284 1.0869 0 0 0 1 
0.999293 0.0375958 -6.43156e-07 -1.05907 -0.0375682 0.998561 0.0382775 -1.10774 0.00143971 -0.0382504 0.999267 1.09951 0 0 0 1 
0.999274 0.0380932 -4.28026e-07 -1.07309 -0.0380647 0.998525 0.0387089 -1.1197 0.00147498 -0.0386808 0.999251 1.11213 0 0 0 1 
0.999255 0.0385907 2.04814e-09 -1.0871 -0.0385611 0.998489 0.0391404 -1.13166 0.00151045 -0.0391112 0.999234 1.12475 0 0 0 1 
0.999236 0.0390842 -4.09051e-07 -1.101 -0.0390536 0.998454 0.0395557 -1.14309 0.00154641 -0.0395254 0.999217 1.13692 0 0 0 1 
0.999216 0.0395777 -6.14899e-07 -1.1149 -0.039546 0.998418 0.0399709 -1.15453 0.00158257 -0.0399396 0.999201 1.14908 0 0 0 1 
0.999197 0.0400711 -6.15496e-07 -1.1288 -0.0400384 0.998382 0.0403862 -1.16596 0.00161894 -0.0403537 0.999184 1.16125 0 0 0 1 
0.999177 0.0405646 -4.1084e-07 -1.1427 -0.0405308 0.998345 0.0408015 -1.1774 0.00165551 -0.0407679 0.999167 1.17341 0 0 0 1 
0.999157 0.041058 -9.3301e-10 -1.1566 -0.0410232 0.998308 0.0412167 -1.18883 0.00169228 -0.041182 0.99915 1.18558 0 0 0 1 
0.999137 0.0415472 -3.91662e-07 -1.17038 -0.0415112 0.998271 0.0416151 -1.19972 0.00172938 -0.0415792 0.999134 1.19727 0 0 0 1 
0.999116 0.0420363 -5.87182e-07 -1.18416 -0.0419992 0.998234 0.0420135 -1.21062 0.00176668 -0.0419763 0.999117 1.20897 0 0 0 1 
0.999095 0.0425255 -5.87493e-07 -1.19794 -0.0424872 0.998196 0.0424119 -1.22151 0.00180417 -0.0423735 0.9991 1.22066 0 0 0 1 
0.999074 0.0430146 -3.92595e-07 -1.21172 -0.0429752 0.998159 0.0428102 -1.23241 0.00184186 -0.0427706 0.999083 1.23236 0 0 0 1 
0.999053 0.0435037 -2.48872e-09 -1.2255 -0.0434631 0.99812 0.0432086 -1.2433 0.00187974 -0.0431677 0.999066 1.24405 0 0 0 1 
0.999032 0.0439881 -3.70897e-07 -1.23914 -0.0439463 0.998083 0.0435891 -1.25363 0.00191777 -0.0435468 0.99905 1.25523 0 0 0 1 
0.999011 0.0444725 -5.54659e-07 -1.25279 -0.0444295 0.998044 0.0439695 -1.26396 0.00195599 -0.043926 0.999033 1.26641 0 0 0 1 
0.998989 0.0449569 -5.53777e-07 -1.26643 -0.0449127 0.998006 0.0443499 -1.27429 0.00199439 -0.0443051 0.999016 1.2776 0 0 0 1 
0.998967 0.0454413 -3.6825e-07 -1.28008 -0.0453958 0.997967 0.0447304 -1.28462 0.00203297 -0.0446842 0.998999 1.28878 0 0 0 1 
0.998945 0.0459257 1.92233e-09 -1.29372 -0.0458789 0.997928 0.0451108 -1.29495 0.00207174 -0.0450632 0.998982 1.29996 0 0 0 1 
0.998923 0.046405 -3.46146e-07 -1.30722 -0.046357 0.997889 0.0454726 -1.3047 0.0021105 -0.0454236 0.998966 1.31061 0 0 0 1 
0.9989 0.0468843 -5.20444e-07 -1.32072 -0.046835 0.997851 0.0458343 -1.31445 0.00214943 -0.0457839 0.998949 1.32126 0 0 0 1 
0.998878 0.0473636 -5.20971e-07 -1.33423 -0.047313 0.997811 0.0461961 -1.32419 0.00218853 -0.0461442 0.998932 1.33192 0 0 0 1 
0.998855 0.0478429 -3.47728e-07 -1.34773 -0.047791 0.997772 0.0465579 -1.33394 0.00222781 -0.0465045 0.998916 1.34257 0 0 0 1 
0.998832 0.0483222 -7.13822e-10 -1.36123 -0.048269 0.997732 0.0469196 -1.34369 0.00226726 -0.0468648 0.998899 1.35322 0 0 0 1 
0.998809 0.0487961 -3.2674e-07 -1.37458 -0.0487416 0.997693 0.0472623 -1.35285 0.00230655 -0.047206 0.998883 1.36332 0 0 0 1 
0.998785 0.0492701 -4.8996e-07 -1.38793 -0.0492142 0.997653 0.0476051 -1.36201 0.00234599 -0.0475472 0.998866 1.37342 0 0 0 1 
0.998762 0.049744 -4.90371e-07 -1.40128 -0.0496868 0.997613 0.0479478 -1.37117 0.0023856 -0.0478884 0.99885 1.38353 0 0 0 1 
0.998738 0.0502179 -3.27975e-07 -1.41463 -0.0501593 0.997573 0.0482905 -1.38033 0.00242537 -0.0482296 0.998833 1.39363 0 0 0 1 
0.998714 0.0506918 -2.7719e-09 -1.42798 -0.0506318 0.997533 0.0486332 -1.38949 0.00246531 -0.0485707 0.998817 1.40373 0 0 0 1 
0.99869 0.0511597 -3.04089e-07 -1.44116 -0.0510984 0.997493 0.0489554 -1.39802 0.00250485 -0.0488913 0.998801 1.41324 0 0 0 1 
0.998666 0.0516277 -4.54264e-07 -1.45434 -0.0515649 0.997453 0.0492776 -1.40655 0.00254454 -0.0492118 0.998785 1.42275 0 0 0 1 
0.998642 0.0520956 -4.53299e-07 -1.46753 -0.0520314 0.997413 0.0495998 -1.41509 0.00258438 -0.0495324 0.998769 1.43225 0 0 0 1 
0.998618 0.0525635 -3.01194e-07 -1.48071 -0.0524979 0.997372 0.0499219 -1.42362 0.00262437 -0.0498529 0.998753 1.44176 0 0 0 1 
0.998593 0.0530314 2.05285e-09 -1.49389 -0.0529644 0.997332 0.0502441 -1.43215 0.00266451 -0.0501734 0.998737 1.45127 0 0 0 1 
0.998568 0.053493 -2.77007e-07 -1.50689 -0.0534247 0.997292 0.0505452 -1.44005 0.0027041 -0.0504729 0.998722 1.46017 0 0 0 1 
0.998543 0.0539547 -4.16664e-07 -1.5199 -0.0538849 0.997252 0.0508464 -1.44795 0.00274382 -0.0507723 0.998706 1.46906 0 0 0 1 
0.998518 0.0544163 -4.16917e-07 -1.5329 -0.0543451 0.997211 0.0511475 -1.45584 0.00278368 -0.0510717 0.998691 1.47796 0 0 0 1 
0.998493 0.054878 -2.77767e-07 -1.54591 -0.0548053 0.997171 0.0514487 -1.46374 0.00282367 -0.0513711 0.998676 1.48685 0 0 0 1 
0.998468 0.0553396 7.85943e-10 -1.55891 -0.0552654 0.99713 0.0517498 -1.47164 0.00286381 -0.0516705 0.99866 1.49575 0 0 0 1 
0.998442 0.0557941 -2.52601e-07 -1.57171 -0.0557185 0.99709 0.0520277 -1.47884 0.00290309 -0.0519466 0.998646 1.50396 0 0 0 1 
0.998417 0.0562486 -3.7933e-07 -1.58452 -0.0561716 0.99705 0.0523055 -1.48604 0.00294249 -0.0522227 0.998631 1.51218 0 0 0 1 
0.998391 0.0567031 -3.79399e-07 -1.59732 -0.0566247 0.99701 0.0525833 -1.49325 0.00298202 -0.0524987 0.998617 1.52039 0 0 0 1 
0.998365 0.0571576 -2.52809e-07 -1.61013 -0.0570777 0.996969 0.0528612 -1.50045 0.00302167 -0.0527748 0.998602 1.52861 0 0 0 1 
0.998339 0.0576121 4.39887e-10 -1.62293 -0.0575307 0.996929 0.053139 -1.50765 0.00306145 -0.0530508 0.998587 1.53682 0 0 0 1 
0.998313 0.0580595 -2.2809e-07 -1.63553 -0.0579766 0.996889 0.0533939 -1.51417 0.00310025 -0.0533039 0.998574 1.54436 0 0 0 1 
0.998287 0.0585068 -3.4223e-07 -1.64813 -0.0584225 0.996849 0.0536488 -1.52069 0.00313916 -0.0535569 0.99856 1.5519 0 0 0 1 
0.998261 0.0589541 -3.41981e-07 -1.66073 -0.0588684 0.996809 0.0539037 -1.52721 0.00317819 -0.05381 0.998546 1.55944 0 0 0 1 
0.998234 0.0594015 -2.27342e-07 -1.67333 -0.0593143 0.996769 0.0541586 -1.53373 0.00321733 -0.054063 0.998532 1.56698 0 0 0 1 
0.998207 0.0598488 1.68591e-09 -1.68593 -0.0597601 0.996729 0.0544135 -1.54025 0.00325658 -0.054316 0.998518 1.57452 0 0 0 1 
0.998181 0.0602883 -2.01727e-07 -1.69831 -0.0601982 0.99669 0.0546446 -1.54607 0.00329463 -0.0545451 0.998506 1.58136 0 0 0 1 
0.998154 0.0607277 -3.0327e-07 -1.71069 -0.0606362 0.99665 0.0548756 -1.55189 0.00333277 -0.0547743 0.998493 1.58819 0 0 0 1 
0.998128 0.0611672 -3.02943e-07 -1.72307 -0.0610742 0.996611 0.0551066 -1.5577 0.00337102 -0.0550034 0.99848 1.59503 0 0 0 1 
0.998101 0.0616066 -2.00745e-07 -1.73545 -0.0615122 0.996571 0.0553377 -1.56352 0.00340937 -0.0552325 0.998468 1.60186 0 0 0 1 
0.998073 0.062046 3.32252e-09 -1.74783 -0.0619502 0.996531 0.0555687 -1.56934 0.00344781 -0.0554616 0.998455 1.6087 0 0 0 1 
0.998046 0.0624774 -1.76344e-07 -1.75998 -0.0623801 0.996493 0.0557749 -1.57443 0.00348484 -0.0556659 0.998443 1.6148 0 0 0 1 
0.998019 0.0629087 -2.66756e-07 -1.77213 -0.06281 0.996454 0.0559811 -1.57953 0.00352196 -0.0558702 0.998432 1.6209 0 0 0 1 
0.997992 0.06334 -2.67912e-07 -1.78428 -0.0632399 0.996415 0.0561873 -1.58462 0.00355917 -0.0560745 0.99842 1.62701 0 0 0 1 
0.997965 0.0637712 -1.79813e-07 -1.79643 -0.0636697 0.996376 0.0563935 -1.58972 0.00359646 -0.0562787 0.998409 1.63311 0 0 0 1 
0.997937 0.0642025 -2.45821e-09 -1.80858 -0.0640996 0.996337 0.0565997 -1.59481 0.00363385 -0.056483 0.998397 1.63921 0 0 0 1 
0.99791 0.0646251 -1.54307e-07 -1.82048 -0.0645208 0.9963 0.0567802 -1.59916 0.00366958 -0.0566615 0.998387 1.64455 0 0 0 1 
0.997882 0.0650476 -2.29616e-07 -1.83238 -0.064942 0.996262 0.0569607 -1.6035 0.00370538 -0.05684 0.998376 1.64989 0 0 0 1 
0.997855 0.0654701 -2.28385e-07 -1.84429 -0.0653631 0.996224 0.0571412 -1.60785 0.00374126 -0.0570185 0.998366 1.65522 0 0 0 1 
0.997827 0.0658926 -1.50614e-07 -1.85619 -0.0657843 0.996186 0.0573216 -1.61219 0.00377722 -0.057197 0.998356 1.66056 0 0 0 1 
0.997799 0.0663151 3.69735e-09 -1.86809 -0.0662054 0.996148 0.0575021 -1.61654 0.00381325 -0.0573755 0.998345 1.6659 0 0 0 1 
0.997771 0.0667285 -1.24679e-07 -1.87974 -0.0666175 0.996111 0.0576563 -1.62013 0.00384744 -0.0575277 0.998336 1.67046 0 0 0 1 
0.997743 0.0671419 -1.89073e-07 -1.89138 -0.0670296 0.996075 0.0578104 -1.62372 0.00388169 -0.05768 0.998328 1.67501 0 0 0 1 
0.997716 0.0675553 -1.89485e-07 -1.90303 -0.0674417 0.996038 0.0579646 -1.62731 0.00391601 -0.0578321 0.998319 1.67957 0 0 0 1 
0.997687 0.0679687 -1.25913e-07 -1.91467 -0.0678538 0.996001 0.0581187 -1.6309 0.00395038 -0.0579843 0.99831 1.68412 0 0 0 1 
0.997659 0.0683821 1.6405e-09 -1.92632 -0.0682659 0.995964 0.0582729 -1.63449 0.00398482 -0.0581365 0.998301 1.68868 0 0 0 1 
0.997631 0.0687856 -1.01229e-07 -1.93768 -0.0686682 0.995929 0.0583993 -1.63728 0.00401713 -0.0582609 0.998293 1.69241 0 0 0 1 
0.997604 0.069189 -1.52912e-07 -1.94905 -0.0690704 0.995894 0.0585256 -1.64007 0.00404948 -0.0583853 0.998286 1.69613 0 0 0 1 
0.997576 0.0695925 -1.53407e-07 -1.96041 -0.0694726 0.995858 0.058652 -1.64287 0.00408189 -0.0585098 0.998278 1.69986 0 0 0 1 
0.997547 0.0699959 -1.02714e-07 -1.97178 -0.0698749 0.995823 0.0587783 -1.64566 0.00411434 -0.0586341 0.998271 1.70358 0 0 0 1 
0.997519 0.0703993 -8.35012e-10 -1.98314 -0.0702771 0.995787 0.0589047 -1.64845 0.00414685 -0.0587585 0.998264 1.70731 0 0 0 1 
0.997491 0.0707925 -7.8098e-08 -1.99422 -0.0706692 0.995753 0.0590028 -1.65044 0.00417703 -0.0588547 0.998258 1.71019 0 0 0 1 
0.997463 0.0711858 -1.16621e-07 -2.00529 -0.0710613 0.99572 0.0591009 -1.65243 0.00420726 -0.0589509 0.998252 1.71308 0 0 0 1 
0.997435 0.071579 -1.16405e-07 -2.01637 -0.0714534 0.995686 0.059199 -1.65442 0.00423752 -0.0590471 0.998246 1.71596 0 0 0 1 
0.997407 0.0719721 -7.74485e-08 -2.02744 -0.0718455 0.995652 0.0592971 -1.65641 0.00426781 -0.0591433 0.99824 1.71885 0 0 0 1 
0.997378 0.0723653 2.47523e-10 -2.03852 -0.0722376 0.995617 0.0593952 -1.6584 0.00429815 -0.0592394 0.998235 1.72173 0 0 0 1 
0.99735 0.0727466 -5.02232e-08 -2.04926 -0.0726179 0.995586 0.0594612 -1.65948 0.00432565 -0.0593036 0.998231 1.72366 0 0 0 1 
0.997323 0.0731278 -7.54234e-08 -2.06 -0.0729981 0.995554 0.0595271 -1.66056 0.00435316 -0.0593678 0.998227 1.72558 0 0 0 1 
0.997295 0.073509 -7.53531e-08 -2.07074 -0.0733784 0.995522 0.0595931 -1.66164 0.00438071 -0.0594319 0.998223 1.72751 0 0 0 1 
0.997266 0.0738902 -5.00123e-08 -2.08148 -0.0737586 0.99549 0.0596591 -1.66272 0.00440828 -0.059496 0.998219 1.72943 0 0 0 1 
0.997238 0.0742714 5.98989e-10 -2.09222 -0.0741389 0.995458 0.0597251 -1.6638 0.00443587 -0.0595602 0.998215 1.73136 0 0 0 1 
0.99721 0.074641 -2.57072e-08 -2.10263 -0.0745076 0.995428 0.0597606 -1.66402 0.00446062 -0.0595939 0.998213 1.73237 0 0 0 1 
0.997183 0.0750106 -3.88492e-08 -2.11304 -0.0748764 0.995398 0.059796 -1.66424 0.00448538 -0.0596276 0.998211 1.73338 0 0 0 1 
0.997155 0.0753802 -3.8827e-08 -2.12345 -0.0752452 0.995368 0.0598315 -1.66446 0.00451015 -0.0596613 0.998208 1.7344 0 0 0 1 
0.997127 0.0757498 -2.56406e-08 -2.13386 -0.0756139 0.995338 0.0598669 -1.66468 0.00453493 -0.0596949 0.998206 1.73541 0 0 0 1 
0.997099 0.0761193 7.10038e-10 -2.14427 -0.0759827 0.995308 0.0599024 -1.6649 0.00455973 -0.0597286 0.998204 1.73642 0 0 0 1 
0.997071 0.0764766 -1.96144e-09 -2.15433 -0.0763393 0.995281 0.0599064 -1.66424 0.00458144 -0.059731 0.998204 1.73649 0 0 0 1 
0.997044 0.0768339 -3.18195e-09 -2.1644 -0.0766958 0.995253 0.0599105 -1.66358 0.00460316 -0.0597334 0.998204 1.73657 0 0 0 1 
0.997016 0.0771911 -2.95149e-09 -2.17446 -0.0770524 0.995225 0.0599145 -1.66292 0.00462487 -0.0597358 0.998204 1.73664 0 0 0 1 
0.996989 0.0775483 -1.27007e-09 -2.18453 -0.077409 0.995197 0.0599186 -1.66226 0.00464659 -0.0597381 0.998203 1.73672 0 0 0 1 
0.996961 0.0779055 1.86231e-09 -2.19459 -0.0777656 0.995169 0.0599226 -1.6616 0.0046683 -0.0597405 0.998203 1.73679 0 0 0 1 
0.996934 0.0782502 2.03288e-08 -2.2043 -0.0781097 0.995144 0.0598949 -1.66005 0.00468676 -0.0597112 0.998205 1.73592 0 0 0 1 
0.996907 0.0785948 2.91825e-08 -2.21401 -0.0784538 0.995119 0.0598671 -1.6585 0.00470521 -0.0596819 0.998206 1.73504 0 0 0 1 
0.996879 0.0789394 2.84235e-08 -2.22371 -0.0787979 0.995093 0.0598393 -1.65694 0.00472365 -0.0596526 0.998208 1.73417 0 0 0 1 
0.996852 0.0792839 1.80518e-08 -2.23342 -0.079142 0.995067 0.0598116 -1.65539 0.00474208 -0.0596233 0.99821 1.73329 0 0 0 1 
0.996825 0.0796285 -1.93268e-09 -2.24313 -0.0794861 0.995042 0.0597838 -1.65384 0.0047605 -0.059594 0.998211 1.73242 0 0 0 1 
0.996798 0.0799597 3.87479e-08 -2.25246 -0.079817 0.995019 0.0597234 -1.65138 0.00477543 -0.0595321 0.998215 1.73057 0 0 0 1 
0.996771 0.0802909 5.93069e-08 -2.26179 -0.0801479 0.994996 0.0596629 -1.64891 0.00479033 -0.0594703 0.998219 1.72872 0 0 0 1 
0.996745 0.0806221 5.97444e-08 -2.27112 -0.0804788 0.994973 0.0596025 -1.64645 0.00480522 -0.0594085 0.998222 1.72686 0 0 0 1 
0.996718 0.0809533 4.00604e-08 -2.28045 -0.0808097 0.99495 0.059542 -1.64398 0.00482008 -0.0593466 0.998226 1.72501 0 0 0 1 
0.996691 0.0812845 2.54816e-10 -2.28978 -0.0811406 0.994926 0.0594816 -1.64152 0.00483493 -0.0592847 0.998229 1.72316 0 0 0 1 
0.996665 0.0816017 5.94548e-08 -2.29872 -0.0814577 0.994906 0.0593876 -1.63812 0.00484607 -0.0591896 0.998235 1.72031 0 0 0 1 
0.996639 0.081919 8.86969e-08 -2.30765 -0.0817749 0.994885 0.0592937 -1.63473 0.00485719 -0.0590944 0.998241 1.71746 0 0 0 1 
0.996613 0.0822362 8.79809e-08 -2.31659 -0.082092 0.994865 0.0591997 -1.63133 0.00486827 -0.0589992 0.998246 1.71462 0 0 0 1 
0.996587 0.0825534 5.7307e-08 -2.32552 -0.0824091 0.994844 0.0591057 -1.62794 0.00487932 -0.058904 0.998252 1.71177 0 0 0 1 
0.99656 0.0828706 -3.32489e-09 -2.33446 -0.0827262 0.994824 0.0590118 -1.62454 0.00489035 -0.0588088 0.998257 1.70892 0 0 0 1 
0.996535 0.0831719 7.7219e-08 -2.34295 -0.0830276 0.994806 0.0588807 -1.62011 0.00489714 -0.0586767 0.998265 1.70497 0 0 0 1 
0.99651 0.0834731 1.18055e-07 -2.35143 -0.083329 0.994789 0.0587496 -1.61568 0.00490389 -0.0585445 0.998273 1.70101 0 0 0 1 
0.996485 0.0837744 1.19184e-07 -2.35992 -0.0836304 0.994771 0.0586184 -1.61125 0.00491061 -0.0584124 0.99828 1.69706 0 0 0 1 
0.996459 0.0840757 8.06044e-08 -2.3684 -0.0839317 0.994754 0.0584873 -1.60682 0.00491728 -0.0582802 0.998288 1.6931 0 0 0 1 
0.996434 0.0843769 2.31747e-09 -2.37689 -0.0842331 0.994736 0.0583562 -1.60239 0.00492391 -0.0581481 0.998296 1.68915 0 0 0 1 
0.99641 0.0846627 9.72498e-08 -2.38494 -0.0845192 0.994721 0.0581898 -1.59698 0.00492641 -0.0579809 0.998306 1.68415 0 0 0 1 
0.996385 0.0849485 1.44374e-07 -2.39299 -0.0848054 0.994707 0.0580234 -1.59158 0.00492886 -0.0578137 0.998315 1.67915 0 0 0 1 
0.996361 0.0852343 1.43689e-07 -2.40104 -0.0850915 0.994692 0.057857 -1.58617 0.00493125 -0.0576465 0.998325 1.67415 0 0 0 1 
0.996336 0.08552 9.51965e-08 -2.40909 -0.0853776 0.994677 0.0576906 -1.58077 0.00493361 -0.0574792 0.998335 1.66915 0 0 0 1 
0.996312 0.0858058 -1.10463e-09 -2.41714 -0.0856637 0.994662 0.0575242 -1.57536 0.00493591 -0.057312 0.998344 1.66415 0 0 0 1 
0.996289 0.086076 1.08447e-07 -2.42475 -0.0859344 0.99465 0.0573232 -1.56899 0.00493404 -0.0571104 0.998356 1.65813 0 0 0 1 
0.996265 0.0863461 1.63399e-07 -2.43236 -0.0862052 0.994638 0.0571221 -1.56262 0.00493211 -0.0569088 0.998367 1.6521 0 0 0 1 
0.996242 0.0866163 1.63749e-07 -2.43997 -0.0864759 0.994627 0.0569211 -1.55626 0.00493013 -0.0567072 0.998379 1.64608 0 0 0 1 
0.996218 0.0868865 1.09499e-07 -2.44758 -0.0867466 0.994614 0.0567201 -1.54989 0.0049281 -0.0565056 0.99839 1.64005 0 0 0 1 
0.996195 0.0871566 6.48138e-10 -2.45519 -0.0870173 0.994602 0.0565191 -1.54352 0.00492601 -0.056304 0.998402 1.63403 0 0 0 1 
0.996172 0.0874106 1.21096e-07 -2.46235 -0.0872721 0.994593 0.0562831 -1.53618 0.00491962 -0.0560677 0.998415 1.62698 0 0 0 1 
0.99615 0.0876647 1.81278e-07 -2.4695 -0.0875269 0.994584 0.0560472 -1.52884 0.00491318 -0.0558314 0.998428 1.61993 0 0 0 1 
0.996128 0.0879187 1.81196e-07 -2.47666 -0.0877817 0.994575 0.0558112 -1.52151 0.00490667 -0.0555951 0.998441 1.61287 0 0 0 1 
0.996105 0.0881727 1.20849e-07 -2.48381 -0.0880364 0.994566 0.0555753 -1.51417 0.0049001 -0.0553588 0.998455 1.60582 0 0 0 1 
0.996083 0.0884267 2.37513e-10 -2.49097 -0.0882912 0.994556 0.0553393 -1.50683 0.00489347 -0.0551225 0.998468 1.59877 0 0 0 1 
0.996062 0.0886639 1.2991e-07 -2.49765 -0.0885294 0.99455 0.0550677 -1.4985 0.00488239 -0.0548509 0.998483 1.59067 0 0 0 1 
0.99604 0.0889011 1.9481e-07 -2.50433 -0.0887676 0.994544 0.0547962 -1.49018 0.00487125 -0.0545792 0.998498 1.58257 0 0 0 1 
0.996019 0.0891384 1.94938e-07 -2.51102 -0.0890058 0.994538 0.0545246 -1.48185 0.00486004 -0.0543076 0.998512 1.57448 0 0 0 1 
0.995998 0.0893756 1.30293e-07 -2.5177 -0.089244 0.994531 0.0542531 -1.47353 0.00484877 -0.0540359 0.998527 1.56638 0 0 0 1 
0.995977 0.0896128 8.77019e-10 -2.52438 -0.0894821 0.994524 0.0539815 -1.4652 0.00483743 -0.0537643 0.998542 1.55828 0 0 0 1 
0.995957 0.0898313 1.36693e-07 -2.53054 -0.0897019 0.994521 0.0536716 -1.45581 0.00482125 -0.0534546 0.998559 1.54906 0 0 0 1 
0.995937 0.0900499 2.04396e-07 -2.5367 -0.0899216 0.994518 0.0533616 -1.44642 0.00480501 -0.0531449 0.998575 1.53984 0 0 0 1 
0.995917 0.0902685 2.03987e-07 -2.54285 -0.0901414 0.994515 0.0530517 -1.43702 0.00478869 -0.0528351 0.998592 1.53062 0 0 0 1 
0.995898 0.090487 1.35466e-07 -2.54901 -0.0903611 0.994512 0.0527418 -1.42763 0.00477231 -0.0525254 0.998608 1.5214 0 0 0 1 
0.995878 0.0907056 -1.16701e-09 -2.55517 -0.0905808 0.994508 0.0524318 -1.41824 0.00475586 -0.0522157 0.998625 1.51218 0 0 0 1 
0.995859 0.0909061 1.38651e-07 -2.56082 -0.0907827 0.994508 0.052086 -1.40785 0.0047348 -0.0518704 0.998643 1.50192 0 0 0 1 
0.995841 0.0911066 2.08746e-07 -2.56647 -0.0909846 0.994507 0.0517403 -1.39746 0.00471367 -0.0515251 0.998661 1.49165 0 0 0 1 
0.995823 0.0913072 2.09116e-07 -2.57211 -0.0911865 0.994507 0.0513945 -1.38708 0.00469248 -0.0511798 0.998678 1.48139 0 0 0 1 
0.995804 0.0915077 1.39763e-07 -2.57776 -0.0913884 0.994506 0.0510487 -1.37669 0.00467121 -0.0508345 0.998696 1.47112 0 0 0 1 
0.995786 0.0917082 6.84695e-10 -2.58341 -0.0915903 0.994505 0.0507029 -1.3663 0.00464987 -0.0504892 0.998714 1.46086 0 0 0 1 
0.995769 0.0918909 1.40998e-07 -2.58856 -0.0917745 0.994507 0.0503222 -1.35493 0.00462401 -0.0501093 0.998733 1.44959 0 0 0 1 
0.995752 0.0920736 2.11385e-07 -2.5937 -0.0919587 0.99451 0.0499415 -1.34357 0.00459808 -0.0497294 0.998752 1.43832 0 0 0 1 
0.995735 0.0922562 2.11845e-07 -2.59885 -0.0921429 0.994512 0.0495608 -1.3322 0.00457208 -0.0493495 0.998771 1.42705 0 0 0 1 
0.995718 0.0924389 1.42379e-07 -2.60399 -0.0923271 0.994513 0.0491801 -1.32084 0.00454601 -0.0489695 0.99879 1.41578 0 0 0 1 
0.995701 0.0926216 2.98725e-09 -2.60914 -0.0925112 0.994515 0.0487994 -1.30947 0.00451987 -0.0485896 0.998809 1.40451 0 0 0 1 
0.995686 0.0927862 1.39538e-07 -2.61378 -0.0926775 0.99452 0.0483844 -1.29715 0.00448927 -0.0481757 0.998829 1.39225 0 0 0 1 
0.995671 0.0929508 2.07402e-07 -2.61842 -0.0928438 0.994524 0.0479695 -1.28482 0.0044586 -0.0477619 0.998849 1.38 0 0 0 1 
0.995655 0.0931154 2.06579e-07 -2.62305 -0.0930101 0.994529 0.0475546 -1.2725 0.00442786 -0.047348 0.998869 1.36774 0 0 0 1 
0.99564 0.0932801 1.37071e-07 -2.62769 -0.0931764 0.994533 0.0471396 -1.26017 0.00439705 -0.0469341 0.998888 1.35549 0 0 0 1 
0.995624 0.0934447 -1.12366e-09 -2.63233 -0.0933426 0.994537 0.0467246 -1.24785 0.00436617 -0.0465202 0.998908 1.34323 0 0 0 1 
0.995611 0.0935911 1.31547e-07 -2.63645 -0.0934908 0.994544 0.0462762 -1.23458 0.00433091 -0.0460731 0.998929 1.33002 0 0 0 1 
0.995597 0.0937375 1.98205e-07 -2.64058 -0.093639 0.994551 0.0458277 -1.22131 0.00429558 -0.045626 0.998949 1.31681 0 0 0 1 
0.995583 0.0938839 1.98852e-07 -2.6447 -0.0937872 0.994558 0.0453793 -1.20805 0.00426018 -0.0451788 0.99897 1.30361 0 0 0 1 
0.995569 0.0940303 1.33487e-07 -2.64883 -0.0939353 0.994564 0.0449308 -1.19478 0.00422472 -0.0447317 0.99899 1.2904 0 0 0 1 
0.995556 0.0941767 2.10959e-09 -2.65295 -0.0940834 0.99457 0.0444823 -1.18151 0.00418919 -0.0442846 0.99901 1.27719 0 0 0 1 
0.995544 0.0943024 1.2464e-07 -2.65649 -0.0942111 0.99458 0.0439969 -1.1672 0.00414889 -0.0438008 0.999032 1.26293 0 0 0 1 
0.995532 0.0944281 1.85819e-07 -2.66003 -0.0943387 0.994589 0.0435115 -1.15289 0.00410852 -0.0433171 0.999053 1.24867 0 0 0 1 
0.99552 0.0945538 1.85645e-07 -2.66357 -0.0944662 0.994598 0.0430261 -1.13858 0.00406809 -0.0428333 0.999074 1.23442 0 0 0 1 
0.995508 0.0946795 1.24118e-07 -2.66711 -0.0945938 0.994607 0.0425406 -1.12427 0.0040276 -0.0423496 0.999095 1.22016 0 0 0 1 
0.995496 0.0948052 1.23874e-09 -2.67065 -0.0947213 0.994615 0.0420552 -1.10996 0.00398705 -0.0418658 0.999115 1.2059 0 0 0 1 
0.995486 0.0949123 1.12773e-07 -2.67367 -0.0948304 0.994626 0.0415378 -1.09474 0.00394234 -0.0413503 0.999137 1.19075 0 0 0 1 
0.995475 0.0950194 1.68587e-07 -2.67669 -0.0949395 0.994638 0.0410205 -1.07953 0.00389757 -0.0408349 0.999158 1.17559 0 0 0 1 
0.995465 0.0951266 1.6868e-07 -2.6797 -0.0950485 0.994648 0.0405031 -1.06431 0.00385275 -0.0403194 0.999179 1.16044 0 0 0 1 
0.995455 0.0952337 1.13052e-07 -2.68272 -0.0951575 0.994659 0.0399857 -1.0491 0.00380787 -0.0398039 0.9992 1.14528 0 0 0 1 
0.995445 0.0953408 1.70359e-09 -2.68574 -0.0952665 0.994669 0.0394682 -1.03388 0.00376293 -0.0392885 0.999221 1.13013 0 0 0 1 
0.995436 0.0954293 9.86069e-08 -2.68823 -0.095357 0.994682 0.0389191 -1.01775 0.00371392 -0.0387415 0.999242 1.11409 0 0 0 1 
0.995428 0.0955178 1.46646e-07 -2.69072 -0.0954475 0.994695 0.0383699 -1.00162 0.00366486 -0.0381944 0.999264 1.09805 0 0 0 1 
0.995419 0.0956063 1.4582e-07 -2.69322 -0.0955379 0.994707 0.0378207 -0.985493 0.00361575 -0.0376474 0.999285 1.08202 0 0 0 1 
0.995411 0.0956948 9.61299e-08 -2.69571 -0.0956283 0.994719 0.0372714 -0.969364 0.00356659 -0.0371004 0.999305 1.06598 0 0 0 1 
0.995402 0.0957833 -2.42467e-09 -2.6982 -0.0957187 0.994731 0.0367222 -0.953235 0.00351738 -0.0365534 0.999326 1.04994 0 0 0 1 
0.995395 0.095854 7.99038e-08 -2.70019 -0.0957914 0.994745 0.0361453 -0.936306 0.00346459 -0.0359789 0.999347 1.03314 0 0 0 1 
0.995389 0.0959247 1.21234e-07 -2.70218 -0.095864 0.994759 0.0355684 -0.919377 0.00341176 -0.0354044 0.999367 1.01635 0 0 0 1 
0.995382 0.0959954 1.21565e-07 -2.70418 -0.0959366 0.994772 0.0349914 -0.902448 0.00335889 -0.0348298 0.999388 0.999554 0 0 0 1 
0.995375 0.096066 8.08984e-08 -2.70617 -0.0960091 0.994785 0.0344145 -0.885519 0.00330598 -0.0342553 0.999408 0.982759 0 0 0 1 
0.995368 0.0961367 -7.67004e-10 -2.70816 -0.0960817 0.994798 0.0338375 -0.86859 0.00325303 -0.0336808 0.999427 0.965964 0 0 0 1 
0.995363 0.0961892 6.27139e-08 -2.70964 -0.0961361 0.994813 0.0332319 -0.850827 0.00319649 -0.0330778 0.999448 0.94839 0 0 0 1 
0.995358 0.0962418 9.42277e-08 -2.71112 -0.0961905 0.994828 0.0326263 -0.833064 0.00313992 -0.0324748 0.999468 0.930816 0 0 0 1 
0.995353 0.0962943 9.37744e-08 -2.7126 -0.0962449 0.994843 0.0320206 -0.815301 0.00308331 -0.0318718 0.999487 0.913243 0 0 0 1 
0.995348 0.0963468 6.1354e-08 -2.71408 -0.0962992 0.994857 0.031415 -0.797538 0.00302667 -0.0312688 0.999506 0.895669 0 0 0 1 
0.995343 0.0963993 -3.03337e-09 -2.71556 -0.0963535 0.99487 0.0308093 -0.779775 0.00297 -0.0306658 0.999525 0.878095 0 0 0 1 
0.99534 0.0964316 3.87814e-08 -2.71647 -0.0963877 0.994886 0.0301721 -0.761093 0.00290951 -0.0300315 0.999545 0.859668 0 0 0 1 
0.995336 0.0964639 5.99023e-08 -2.71738 -0.0964218 0.994902 0.0295349 -0.742411 0.002849 -0.0293972 0.999564 0.84124 0 0 0 1 
0.995333 0.0964962 6.03294e-08 -2.71829 -0.0964559 0.994918 0.0288977 -0.723729 0.00278846 -0.0287629 0.999582 0.822813 0 0 0 1 
0.99533 0.0965285 4.00627e-08 -2.7192 -0.09649 0.994933 0.0282605 -0.705047 0.00272791 -0.0281285 0.999601 0.804385 0 0 0 1 
0.995327 0.0965608 -8.97814e-10 -2.72011 -0.096524 0.994947 0.0276233 -0.686365 0.00266733 -0.0274942 0.999618 0.785958 0 0 0 1 
0.995326 0.0965751 1.85103e-08 -2.72051 -0.09654 0.994964 0.0269598 -0.666904 0.00260363 -0.0268338 0.999637 0.766837 0 0 0 1 
0.995324 0.0965894 2.83923e-08 -2.72091 -0.096556 0.99498 0.0262964 -0.647444 0.00253992 -0.0261734 0.999654 0.747716 0 0 0 1 
0.995323 0.0966037 2.87484e-08 -2.72132 -0.096572 0.994996 0.0256329 -0.627983 0.0024762 -0.025513 0.999671 0.728595 0 0 0 1 
0.995322 0.096618 1.95785e-08 -2.72172 -0.0965879 0.995011 0.0249694 -0.608523 0.00241247 -0.0248526 0.999688 0.709474 0 0 0 1 
0.99532 0.0966323 8.82541e-10 -2.72212 -0.0966037 0.995026 0.0243059 -0.589062 0.00234873 -0.0241921 0.999705 0.690353 0 0 0 1 
0.99532 0.09663 -2.60388e-09 -2.72206 -0.096603 0.995043 0.0236208 -0.568949 0.00228248 -0.0235102 0.999721 0.67068 0 0 0 1 
0.995321 0.0966276 -4.49648e-09 -2.72199 -0.0966022 0.995059 0.0229357 -0.548836 0.00221622 -0.0228283 0.999737 0.651006 0 0 0 1 
0.995321 0.0966253 -4.79528e-09 -2.72193 -0.0966014 0.995074 0.0222506 -0.528724 0.00214997 -0.0221464 0.999752 0.631333 0 0 0 1 
0.995321 0.096623 -3.50026e-09 -2.72186 -0.0966005 0.99509 0.0215654 -0.508611 0.00208372 -0.0214645 0.999767 0.611659 0 0 0 1 
0.995321 0.0966207 -6.11424e-10 -2.7218 -0.0965996 0.995104 0.0208803 -0.488498 0.00201747 -0.0207826 0.999782 0.591986 0 0 0 1 
0.995323 0.0966006 -2.91117e-08 -2.72123 -0.0965809 0.995121 0.0201693 -0.467603 0.00194839 -0.020075 0.999797 0.571644 0 0 0 1 
0.995325 0.0965805 -4.32489e-08 -2.72066 -0.0965622 0.995137 0.0194583 -0.446708 0.00187933 -0.0193673 0.999811 0.551301 0 0 0 1 
0.995327 0.0965604 -4.30231e-08 -2.7201 -0.0965434 0.995152 0.0187473 -0.425814 0.00181029 -0.0186597 0.999824 0.530959 0 0 0 1 
0.995329 0.0965403 -2.84343e-08 -2.71953 -0.0965246 0.995167 0.0180362 -0.404919 0.00174125 -0.017952 0.999837 0.510616 0 0 0 1 
0.995331 0.0965202 5.17567e-10 -2.71896 -0.0965057 0.995182 0.0173252 -0.384024 0.00167223 -0.0172443 0.99985 0.490274 0 0 0 1 
0.995335 0.0964844 -5.17138e-08 -2.71795 -0.0964711 0.995197 0.0165955 -0.362546 0.00160125 -0.016518 0.999862 0.469475 0 0 0 1 
0.995338 0.0964485 -7.76727e-08 -2.71694 -0.0964364 0.995213 0.0158657 -0.341069 0.0015303 -0.0157918 0.999874 0.448676 0 0 0 1 
0.995341 0.0964127 -7.73592e-08 -2.71594 -0.0964016 0.995227 0.015136 -0.319591 0.00145938 -0.0150655 0.999885 0.427876 0 0 0 1 
0.995345 0.0963768 -5.07733e-08 -2.71493 -0.0963668 0.995242 0.0144062 -0.298114 0.00138848 -0.0143392 0.999896 0.407077 0 0 0 1 
0.995348 0.096341 2.08501e-09 -2.71392 -0.096332 0.995255 0.0136765 -0.276636 0.0013176 -0.0136128 0.999906 0.386278 0 0 0 1 
0.995353 0.0962882 -7.82812e-08 -2.71243 -0.0962801 0.99527 0.0129236 -0.254442 0.00124447 -0.0128635 0.999916 0.364902 0 0 0 1 
0.995359 0.0962354 -1.18687e-07 -2.71094 -0.0962282 0.995285 0.0121707 -0.232247 0.00117137 -0.0121142 0.999926 0.343527 0 0 0 1 
0.995364 0.0961826 -1.19131e-07 -2.70946 -0.0961763 0.995299 0.0114178 -0.210053 0.00109831 -0.0113648 0.999935 0.322151 0 0 0 1 
0.995369 0.0961297 -7.96149e-08 -2.70797 -0.0961243 0.995312 0.0106649 -0.187858 0.00102529 -0.0106155 0.999943 0.300776 0 0 0 1 
0.995374 0.0960769 -1.37685e-10 -2.70648 -0.0960722 0.995325 0.00991193 -0.165664 0.000952308 -0.00986608 0.999951 0.2794 0 0 0 1 
0.99538 0.096009 -1.05154e-07 -2.70457 -0.0960049 0.995339 0.00914287 -0.142949 0.000877902 -0.00910062 0.999958 0.257652 0 0 0 1 
0.995387 0.095941 -1.57663e-07 -2.70265 -0.0959376 0.995352 0.0083738 -0.120233 0.000803548 -0.00833516 0.999965 0.235905 0 0 0 1 
0.995394 0.095873 -1.57665e-07 -2.70074 -0.0958703 0.995365 0.00760473 -0.0975179 0.000729246 -0.00756969 0.999971 0.214157 0 0 0 1 
0.9954 0.0958051 -1.0516e-07 -2.69882 -0.0958028 0.995377 0.00683566 -0.0748026 0.000654995 -0.0068042 0.999977 0.19241 0 0 0 1 
0.995407 0.0957371 -1.46556e-10 -2.69691 -0.0957354 0.995388 0.00606658 -0.0520872 0.000580797 -0.00603871 0.999982 0.170662 0 0 0 1 
0.995415 0.095653 -1.33261e-07 -2.69454 -0.0956516 0.995401 0.00527898 -0.0287772 0.000505083 -0.00525477 0.999986 0.148481 0 0 0 1 
0.995423 0.0955688 -1.99782e-07 -2.69217 -0.0955678 0.995413 0.00449139 -0.0054672 0.000429435 -0.00447081 0.99999 0.1263 0 0 0 1 
0.995431 0.0954846 -1.9971e-07 -2.68979 -0.095484 0.995424 0.00370379 0.0178428 0.000353854 -0.00368684 0.999993 0.104119 0 0 0 1 
0.995439 0.0954005 -1.33044e-07 -2.68742 -0.0954001 0.995435 0.00291618 0.0411528 0.000278338 -0.00290287 0.999996 0.0819378 0 0 0 1 
0.995447 0.0953163 2.14201e-10 -2.68505 -0.0953161 0.995445 0.00212858 0.0644628 0.000202888 -0.00211889 0.999998 0.0597568 0 0 0 1 
0.995457 0.0952172 -1.6016e-07 -2.68226 -0.0952171 0.995456 0.00132349 0.088346 0.000126179 -0.00131746 0.999999 0.0371775 0 0 0 1 
0.995466 0.095118 -2.40353e-07 -2.67947 -0.095118 0.995466 0.000518403 0.112229 4.95488e-05 -0.00051603 1 0.0145982 0 0 0 1 
0.995475 0.0950189 -2.40365e-07 -2.67667 -0.0950189 0.995475 -0.000286686 0.136113 -2.70013e-05 0.000285412 1 -0.0079811 0 0 0 1 
0.995485 0.0949197 -1.60197e-07 -2.67388 -0.0949197 0.995484 -0.00109177 0.159996 -0.000103472 0.00108686 0.999999 -0.0305604 0 0 0 1 
0.995494 0.0948206 1.53307e-10 -2.67109 -0.0948204 0.995493 -0.00189686 0.183879 -0.000179862 0.00188832 0.999998 -0.0531397 0 0 0 1 
0.995505 0.0947085 -1.83634e-07 -2.66793 -0.0947081 0.995501 -0.00271268 0.208144 -0.000256731 0.0027005 0.999996 -0.075923 0 0 0 1 
0.995516 0.0945964 -2.75539e-07 -2.66477 -0.0945958 0.99551 -0.0035285 0.232408 -0.000333509 0.0035127 0.999994 -0.0987062 0 0 0 1 
0.995526 0.0944842 -2.75562e-07 -2.66161 -0.0944833 0.995517 -0.00434431 0.256673 -0.000410194 0.0043249 0.999991 -0.121489 0 0 0 1 
0.995537 0.0943721 -1.83702e-07 -2.65845 -0.0943709 0.995524 -0.00516012 0.280937 -0.000486789 0.00513711 0.999987 -0.144273 0 0 0 1 
0.995548 0.09426 4.02631e-11 -2.65529 -0.0942583 0.99553 -0.00597593 0.305202 -0.000563291 0.00594932 0.999982 -0.167056 0 0 0 1 
0.99556 0.094134 -2.09864e-07 -2.65174 -0.0941318 0.995536 -0.00680651 0.329972 -0.000640515 0.00677631 0.999977 -0.190152 0 0 0 1 
0.995571 0.094008 -3.14633e-07 -2.64819 -0.0940052 0.995542 -0.00763709 0.354742 -0.000717634 0.0076033 0.999971 -0.213248 0 0 0 1 
0.995583 0.0938819 -3.14268e-07 -2.64464 -0.0938786 0.995548 -0.00846767 0.379512 -0.000794648 0.0084303 0.999964 -0.236344 0 0 0 1 
0.995595 0.0937559 -2.08767e-07 -2.64109 -0.0937519 0.995552 -0.00929824 0.404282 -0.000871557 0.0092573 0.999957 -0.25944 0 0 0 1 
0.995607 0.0936299 1.86891e-09 -2.63754 -0.0936251 0.995556 -0.0101288 0.429052 -0.00094836 0.0100843 0.999949 -0.282536 0 0 0 1 
0.99562 0.0934908 -2.34173e-07 -2.63362 -0.0934852 0.99556 -0.0109716 0.454256 -0.00102551 0.0109235 0.99994 -0.305867 0 0 0 1 
0.995633 0.0933518 -3.52491e-07 -2.62971 -0.0933452 0.995564 -0.0118143 0.47946 -0.00110253 0.0117627 0.99993 -0.329199 0 0 0 1 
0.995646 0.0932127 -3.53085e-07 -2.62579 -0.0932052 0.995566 -0.012657 0.504665 -0.00117944 0.012602 0.99992 -0.35253 0 0 0 1 
0.995659 0.0930736 -2.35956e-07 -2.62188 -0.0930651 0.995568 -0.0134998 0.529869 -0.00125624 0.0134412 0.999909 -0.375862 0 0 0 1 
0.995672 0.0929345 -1.1022e-09 -2.61796 -0.092925 0.99557 -0.0143425 0.555073 -0.00133291 0.0142804 0.999897 -0.399193 0 0 0 1 
0.995686 0.0927834 -2.5986e-07 -2.6137 -0.0927727 0.995571 -0.0151949 0.580644 -0.00140958 0.0151294 0.999885 -0.422688 0 0 0 1 
