0.999999 -2.3852e-06 0.00133138 0.039063 -2.3852e-06 0.999994 0.00358304 0.105128 -0.00133138 -0.00358304 0.999993 0.0829629 0 0 0 1 
0.999999 -3.40672e-06 0.00159114 0.0467056 -3.40672e-06 0.999991 0.00428211 0.125696 -0.00159114 -0.00428211 0.99999 0.0990667 0 0 0 1 
0.999998 -4.60983e-06 0.00185089 0.0543482 -4.60983e-06 0.999988 0.00498117 0.146264 -0.00185089 -0.00498117 0.999986 0.115171 0 0 0 1 
0.999998 -5.99453e-06 0.00211065 0.0619909 -5.99453e-06 0.999984 0.00568023 0.166832 -0.00211065 -0.00568023 0.999982 0.131274 0 0 0 1 
0.999997 -7.56081e-06 0.0023704 0.0696335 -7.56081e-06 0.99998 0.00637929 0.1874 -0.0023704 -0.00637929 0.999977 0.147378 0 0 0 1 
0.999997 -9.30868e-06 0.00263015 0.0772761 -9.30868e-06 0.999975 0.00707834 0.207968 -0.00263015 -0.00707834 0.999971 0.163482 0 0 0 1 
0.999996 -1.1187e-05 0.00288332 0.0847451 -1.1187e-05 0.99997 0.00775968 0.228069 -0.00288332 -0.00775968 0.999966 0.179099 0 0 0 1 
0.999995 -1.32378e-05 0.00313649 0.0922141 -1.32378e-05 0.999964 0.00844102 0.24817 -0.00313649 -0.00844102 0.999959 0.194716 0 0 0 1 
0.999994 -1.54612e-05 0.00338965 0.099683 -1.54612e-05 0.999958 0.00912235 0.268271 -0.00338965 -0.00912235 0.999953 0.210332 0 0 0 1 
0.999993 -1.7857e-05 0.00364282 0.107152 -1.7857e-05 0.999952 0.00980368 0.288372 -0.00364282 -0.00980368 0.999945 0.225949 0 0 0 1 
0.999992 -2.04253e-05 0.00389598 0.114621 -2.04253e-05 0.999945 0.010485 0.308473 -0.00389598 -0.010485 0.999937 0.241566 0 0 0 1 
0.999991 -2.309e-05 0.00414232 0.121908 -2.309e-05 0.999938 0.011148 0.328083 -0.00414232 -0.011148 0.999929 0.256687 0 0 0 1 
0.99999 -2.59181e-05 0.00438866 0.129195 -2.59181e-05 0.99993 0.0118109 0.347694 -0.00438866 -0.0118109 0.999921 0.271809 0 0 0 1 
0.999989 -2.89094e-05 0.004635 0.136481 -2.89094e-05 0.999922 0.0124738 0.367304 -0.004635 -0.0124738 0.999911 0.28693 0 0 0 1 
0.999988 -3.20641e-05 0.00488134 0.143768 -3.20641e-05 0.999914 0.0131368 0.386915 -0.00488134 -0.0131368 0.999902 0.302052 0 0 0 1 
0.999987 -3.53821e-05 0.00512767 0.151055 -3.53821e-05 0.999905 0.0137997 0.406525 -0.00512767 -0.0137997 0.999892 0.317173 0 0 0 1 
0.999986 -3.87655e-05 0.00536723 0.158159 -3.87655e-05 0.999896 0.0144444 0.425644 -0.00536723 -0.0144444 0.999881 0.331807 0 0 0 1 
0.999984 -4.23034e-05 0.00560678 0.165264 -4.23034e-05 0.999886 0.0150891 0.444763 -0.00560678 -0.0150891 0.99987 0.346442 0 0 0 1 
0.999983 -4.59958e-05 0.00584633 0.172368 -4.59958e-05 0.999876 0.0157338 0.463883 -0.00584633 -0.0157338 0.999859 0.361076 0 0 0 1 
0.999981 -4.98426e-05 0.00608588 0.179473 -4.98426e-05 0.999866 0.0163785 0.483002 -0.00608588 -0.0163785 0.999847 0.375711 0 0 0 1 
0.99998 -5.38439e-05 0.00632542 0.186577 -5.38439e-05 0.999855 0.0170232 0.502121 -0.00632542 -0.0170232 0.999835 0.390345 0 0 0 1 
0.999978 -5.78764e-05 0.00655799 0.193491 -5.78764e-05 0.999844 0.0176491 0.520729 -0.00655799 -0.0176491 0.999823 0.404486 0 0 0 1 
0.999977 -6.20546e-05 0.00679056 0.200405 -6.20546e-05 0.999833 0.018275 0.539336 -0.00679056 -0.018275 0.99981 0.418627 0 0 0 1 
0.999975 -6.63783e-05 0.00702312 0.207319 -6.63783e-05 0.999821 0.0189009 0.557944 -0.00702312 -0.0189009 0.999797 0.432769 0 0 0 1 
0.999974 -7.08476e-05 0.00725568 0.214233 -7.08476e-05 0.999809 0.0195267 0.576551 -0.00725568 -0.0195267 0.999783 0.44691 0 0 0 1 
0.999972 -7.54625e-05 0.00748824 0.221147 -7.54625e-05 0.999797 0.0201526 0.595159 -0.00748824 -0.0201526 0.999769 0.461051 0 0 0 1 
0.99997 -8.00748e-05 0.00771366 0.227865 -8.00748e-05 0.999785 0.0207593 0.613238 -0.00771366 -0.0207593 0.999755 0.474695 0 0 0 1 
0.999968 -8.48239e-05 0.00793908 0.234583 -8.48239e-05 0.999772 0.0213659 0.631317 -0.00793908 -0.0213659 0.99974 0.488339 0 0 0 1 
0.999967 -8.97097e-05 0.0081645 0.241301 -8.97097e-05 0.999759 0.0219725 0.649397 -0.0081645 -0.0219725 0.999725 0.501984 0 0 0 1 
0.999965 -9.47324e-05 0.00838991 0.248019 -9.47324e-05 0.999745 0.0225792 0.667476 -0.00838991 -0.0225792 0.99971 0.515628 0 0 0 1 
0.999963 -9.98918e-05 0.00861532 0.254737 -9.98918e-05 0.999731 0.0231858 0.685555 -0.00861532 -0.0231858 0.999694 0.529272 0 0 0 1 
0.999961 -0.000105019 0.00883362 0.261258 -0.000105019 0.999717 0.0237733 0.703104 -0.00883362 -0.0237733 0.999678 0.542427 0 0 0 1 
0.999959 -0.000110275 0.00905192 0.267778 -0.000110275 0.999703 0.0243608 0.720653 -0.00905192 -0.0243608 0.999662 0.555582 0 0 0 1 
0.999957 -0.000115658 0.00927022 0.274299 -0.000115658 0.999689 0.0249483 0.738202 -0.00927022 -0.0249483 0.999646 0.568736 0 0 0 1 
0.999955 -0.000121171 0.00948851 0.280819 -0.000121171 0.999674 0.0255357 0.755751 -0.00948851 -0.0255357 0.999629 0.581891 0 0 0 1 
0.999953 -0.000126811 0.0097068 0.28734 -0.000126811 0.999659 0.0261232 0.7733 -0.0097068 -0.0261232 0.999612 0.595046 0 0 0 1 
0.999951 -0.000132385 0.00991781 0.293657 -0.000132385 0.999644 0.0266911 0.7903 -0.00991781 -0.0266911 0.999595 0.607706 0 0 0 1 
0.999949 -0.000138079 0.0101288 0.299974 -0.000138079 0.999628 0.0272589 0.8073 -0.0101288 -0.0272589 0.999577 0.620366 0 0 0 1 
0.999947 -0.000143893 0.0103398 0.30629 -0.000143893 0.999613 0.0278267 0.824299 -0.0103398 -0.0278267 0.999559 0.633026 0 0 0 1 
0.999944 -0.000149827 0.0105508 0.312607 -0.000149827 0.999597 0.0283946 0.841299 -0.0105508 -0.0283946 0.999541 0.645686 0 0 0 1 
0.999942 -0.000155881 0.0107618 0.318924 -0.000155881 0.99958 0.0289624 0.858299 -0.0107618 -0.0289624 0.999523 0.658346 0 0 0 1 
0.99994 -0.000161835 0.0109654 0.325031 -0.000161835 0.999564 0.0295102 0.874735 -0.0109654 -0.0295102 0.999504 0.670509 0 0 0 1 
0.999938 -0.000167901 0.0111689 0.331139 -0.000167901 0.999548 0.0300581 0.891172 -0.0111689 -0.0300581 0.999486 0.682671 0 0 0 1 
0.999935 -0.000174079 0.0113725 0.337246 -0.000174079 0.999532 0.0306059 0.907608 -0.0113725 -0.0306059 0.999467 0.694834 0 0 0 1 
0.999933 -0.000180368 0.011576 0.343354 -0.000180368 0.999515 0.0311537 0.924045 -0.011576 -0.0311537 0.999448 0.706996 0 0 0 1 
0.999931 -0.000186769 0.0117796 0.349461 -0.000186769 0.999497 0.0317015 0.940481 -0.0117796 -0.0317015 0.999428 0.719159 0 0 0 1 
0.999928 -0.000193036 0.0119755 0.355352 -0.000193036 0.99948 0.0322289 0.956335 -0.0119755 -0.0322289 0.999409 0.73082 0 0 0 1 
0.999926 -0.000199407 0.0121715 0.361243 -0.000199407 0.999463 0.0327562 0.972189 -0.0121715 -0.0327562 0.999389 0.742481 0 0 0 1 
0.999923 -0.000205881 0.0123674 0.367135 -0.000205881 0.999446 0.0332836 0.988042 -0.0123674 -0.0332836 0.999369 0.754141 0 0 0 1 
0.999921 -0.000212458 0.0125634 0.373026 -0.000212458 0.999428 0.0338109 1.0039 -0.0125634 -0.0338109 0.999349 0.765802 0 0 0 1 
0.999919 -0.000219139 0.0127593 0.378917 -0.000219139 0.99941 0.0343382 1.01975 -0.0127593 -0.0343382 0.999329 0.777463 0 0 0 1 
0.999916 -0.000225655 0.0129475 0.384588 -0.000225655 0.999393 0.0348448 1.03501 -0.0129475 -0.0348448 0.999309 0.788621 0 0 0 1 
0.999914 -0.000232267 0.0131358 0.390259 -0.000232267 0.999375 0.0353514 1.05027 -0.0131358 -0.0353514 0.999289 0.799779 0 0 0 1 
0.999911 -0.000238974 0.013324 0.39593 -0.000238974 0.999357 0.035858 1.06554 -0.013324 -0.035858 0.999268 0.810938 0 0 0 1 
0.999909 -0.000245776 0.0135123 0.401601 -0.000245776 0.999339 0.0363645 1.0808 -0.0135123 -0.0363645 0.999247 0.822096 0 0 0 1 
0.999906 -0.000252674 0.0137005 0.407272 -0.000252674 0.99932 0.0368711 1.09606 -0.0137005 -0.0368711 0.999226 0.833254 0 0 0 1 
0.999904 -0.000259378 0.013881 0.412719 -0.000259378 0.999302 0.0373568 1.11072 -0.013881 -0.0373568 0.999206 0.843912 0 0 0 1 
0.999901 -0.00026617 0.0140615 0.418167 -0.00026617 0.999284 0.0378426 1.12538 -0.0140615 -0.0378426 0.999185 0.85457 0 0 0 1 
0.999899 -0.000273049 0.014242 0.423614 -0.000273049 0.999265 0.0383283 1.14005 -0.014242 -0.0383283 0.999164 0.865228 0 0 0 1 
0.999896 -0.000280016 0.0144224 0.429062 -0.000280016 0.999246 0.038814 1.15471 -0.0144224 -0.038814 0.999142 0.875886 0 0 0 1 
0.999893 -0.000287071 0.0146029 0.434509 -0.000287071 0.999227 0.0392997 1.16937 -0.0146029 -0.0392997 0.999121 0.886544 0 0 0 1 
0.999891 -0.000293898 0.0147754 0.439727 -0.000293898 0.999209 0.0397641 1.18341 -0.0147754 -0.0397641 0.9991 0.896697 0 0 0 1 
0.999888 -0.000300806 0.014948 0.444944 -0.000300806 0.99919 0.0402285 1.19745 -0.014948 -0.0402285 0.999079 0.906849 0 0 0 1 
0.999886 -0.000307794 0.0151205 0.450162 -0.000307794 0.999172 0.0406928 1.21149 -0.0151205 -0.0406928 0.999057 0.917002 0 0 0 1 
0.999883 -0.000314861 0.0152931 0.455379 -0.000314861 0.999153 0.0411572 1.22553 -0.0152931 -0.0411572 0.999036 0.927154 0 0 0 1 
0.99988 -0.00032201 0.0154656 0.460597 -0.00032201 0.999133 0.0416215 1.23957 -0.0154656 -0.0416215 0.999014 0.937307 0 0 0 1 
0.999878 -0.000328894 0.01563 0.465576 -0.000328894 0.999115 0.0420638 1.25297 -0.01563 -0.0420638 0.998993 0.946944 0 0 0 1 
0.999875 -0.000335851 0.0157943 0.470554 -0.000335851 0.999096 0.0425062 1.26637 -0.0157943 -0.0425062 0.998971 0.956581 0 0 0 1 
0.999873 -0.000342881 0.0159587 0.475533 -0.000342881 0.999077 0.0429485 1.27977 -0.0159587 -0.0429485 0.99895 0.966219 0 0 0 1 
0.99987 -0.000349984 0.016123 0.480511 -0.000349984 0.999058 0.0433908 1.29317 -0.016123 -0.0433908 0.998928 0.975856 0 0 0 1 
0.999867 -0.000357159 0.0162874 0.48549 -0.000357159 0.999039 0.0438331 1.30657 -0.0162874 -0.0438331 0.998906 0.985493 0 0 0 1 
0.999865 -0.000364044 0.0164435 0.490227 -0.000364044 0.99902 0.0442533 1.31932 -0.0164435 -0.0442533 0.998885 0.994618 0 0 0 1 
0.999862 -0.000370994 0.0165997 0.494965 -0.000370994 0.999002 0.0446735 1.33207 -0.0165997 -0.0446735 0.998864 1.00374 0 0 0 1 
0.99986 -0.00037801 0.0167558 0.499702 -0.00037801 0.998983 0.0450937 1.34481 -0.0167558 -0.0450937 0.998842 1.01287 0 0 0 1 
0.999857 -0.000385092 0.016912 0.50444 -0.000385092 0.998964 0.0455139 1.35756 -0.016912 -0.0455139 0.998821 1.02199 0 0 0 1 
0.999854 -0.00039224 0.0170681 0.509177 -0.00039224 0.998944 0.0459341 1.37031 -0.0170681 -0.0459341 0.998799 1.03112 0 0 0 1 
0.999852 -0.000399063 0.0172158 0.513666 -0.000399063 0.998926 0.0463317 1.38239 -0.0172158 -0.0463317 0.998778 1.03973 0 0 0 1 
0.999849 -0.000405946 0.0173636 0.518156 -0.000405946 0.998908 0.0467293 1.39447 -0.0173636 -0.0467293 0.998757 1.04833 0 0 0 1 
0.999847 -0.000412887 0.0175113 0.522645 -0.000412887 0.998889 0.0471269 1.40656 -0.0175113 -0.0471269 0.998735 1.05694 0 0 0 1 
0.999844 -0.000419887 0.017659 0.527135 -0.000419887 0.99887 0.0475244 1.41864 -0.017659 -0.0475244 0.998714 1.06554 0 0 0 1 
0.999841 -0.000426946 0.0178067 0.531624 -0.000426946 0.998851 0.047922 1.43072 -0.0178067 -0.047922 0.998692 1.07415 0 0 0 1 
0.999839 -0.000433648 0.0179458 0.535859 -0.000433648 0.998833 0.0482965 1.44212 -0.0179458 -0.0482965 0.998672 1.08223 0 0 0 1 
0.999836 -0.000440403 0.018085 0.540093 -0.000440403 0.998815 0.0486709 1.45351 -0.018085 -0.0486709 0.998651 1.09031 0 0 0 1 
0.999834 -0.000447211 0.0182241 0.544328 -0.000447211 0.998796 0.0490453 1.46491 -0.0182241 -0.0490453 0.99863 1.0984 0 0 0 1 
0.999831 -0.00045407 0.0183633 0.548562 -0.00045407 0.998778 0.0494198 1.4763 -0.0183633 -0.0494198 0.998609 1.10648 0 0 0 1 
0.999829 -0.000460982 0.0185024 0.552797 -0.000460982 0.998759 0.0497942 1.4877 -0.0185024 -0.0497942 0.998588 1.11456 0 0 0 1 
0.999826 -0.000467505 0.0186328 0.55677 -0.000467505 0.998742 0.0501451 1.49839 -0.0186328 -0.0501451 0.998568 1.12211 0 0 0 1 
0.999824 -0.000474075 0.0187631 0.560743 -0.000474075 0.998724 0.0504959 1.50909 -0.0187631 -0.0504959 0.998548 1.12966 0 0 0 1 
0.999821 -0.00048069 0.0188935 0.564717 -0.00048069 0.998706 0.0508467 1.51978 -0.0188935 -0.0508467 0.998528 1.13721 0 0 0 1 
0.999819 -0.000487351 0.0190238 0.56869 -0.000487351 0.998688 0.0511976 1.53048 -0.0190238 -0.0511976 0.998507 1.14476 0 0 0 1 
0.999816 -0.000494058 0.0191542 0.572663 -0.000494058 0.99867 0.0515484 1.54117 -0.0191542 -0.0515484 0.998487 1.15231 0 0 0 1 
0.999814 -0.000500353 0.0192757 0.576372 -0.000500353 0.998653 0.0518755 1.55115 -0.0192757 -0.0518755 0.998468 1.15933 0 0 0 1 
0.999812 -0.000506687 0.0193973 0.580081 -0.000506687 0.998636 0.0522026 1.56113 -0.0193973 -0.0522026 0.998448 1.16635 0 0 0 1 
0.999809 -0.000513062 0.0195188 0.583789 -0.000513062 0.998619 0.0525297 1.57111 -0.0195188 -0.0525297 0.998429 1.17338 0 0 0 1 
0.999807 -0.000519476 0.0196404 0.587498 -0.000519476 0.998602 0.0528567 1.58109 -0.0196404 -0.0528567 0.998409 1.1804 0 0 0 1 
0.999805 -0.00052593 0.0197619 0.591207 -0.00052593 0.998585 0.0531838 1.59107 -0.0197619 -0.0531838 0.998389 1.18742 0 0 0 1 
0.999802 -0.000531932 0.0198742 0.594639 -0.000531932 0.998568 0.0534862 1.60031 -0.0198742 -0.0534862 0.998371 1.19389 0 0 0 1 
0.9998 -0.000537968 0.0199866 0.598072 -0.000537968 0.998552 0.0537885 1.60955 -0.0199866 -0.0537885 0.998352 1.20037 0 0 0 1 
0.999798 -0.000544038 0.0200989 0.601504 -0.000544038 0.998536 0.0540909 1.61878 -0.0200989 -0.0540909 0.998334 1.20684 0 0 0 1 
0.999796 -0.000550142 0.0202113 0.604937 -0.000550142 0.998519 0.0543933 1.62802 -0.0202113 -0.0543933 0.998315 1.21332 0 0 0 1 
0.999793 -0.00055628 0.0203236 0.608369 -0.00055628 0.998503 0.0546956 1.63726 -0.0203236 -0.0546956 0.998296 1.21979 0 0 0 1 
0.999791 -0.000561941 0.0204267 0.611521 -0.000561941 0.998488 0.0549729 1.64574 -0.0204267 -0.0549729 0.998279 1.22571 0 0 0 1 
0.999789 -0.00056763 0.0205297 0.614673 -0.00056763 0.998472 0.0552503 1.65423 -0.0205297 -0.0552503 0.998261 1.23164 0 0 0 1 
0.999787 -0.000573348 0.0206328 0.617826 -0.000573348 0.998457 0.0555276 1.66271 -0.0206328 -0.0555276 0.998244 1.23756 0 0 0 1 
0.999785 -0.000579095 0.0207358 0.620978 -0.000579095 0.998442 0.055805 1.6712 -0.0207358 -0.055805 0.998226 1.24349 0 0 0 1 
0.999783 -0.00058487 0.0208389 0.62413 -0.00058487 0.998426 0.0560823 1.67968 -0.0208389 -0.0560823 0.998209 1.24941 0 0 0 1 
0.999781 -0.000590113 0.020932 0.62698 -0.000590113 0.998412 0.0563328 1.68735 -0.020932 -0.0563328 0.998193 1.25475 0 0 0 1 
0.999779 -0.000595379 0.0210251 0.62983 -0.000595379 0.998398 0.0565834 1.69502 -0.0210251 -0.0565834 0.998176 1.26009 0 0 0 1 
0.999777 -0.000600668 0.0211182 0.632681 -0.000600668 0.998383 0.0568339 1.70269 -0.0211182 -0.0568339 0.99816 1.26544 0 0 0 1 
0.999775 -0.00060598 0.0212113 0.635531 -0.00060598 0.998369 0.0570845 1.71036 -0.0212113 -0.0570845 0.998144 1.27078 0 0 0 1 
0.999773 -0.000611316 0.0213044 0.638381 -0.000611316 0.998355 0.057335 1.71803 -0.0213044 -0.057335 0.998128 1.27612 0 0 0 1 
0.999771 -0.000616116 0.0213878 0.640937 -0.000616116 0.998342 0.0575594 1.72491 -0.0213878 -0.0575594 0.998113 1.2809 0 0 0 1 
0.999769 -0.000620935 0.0214712 0.643493 -0.000620935 0.998329 0.0577839 1.73179 -0.0214712 -0.0577839 0.998098 1.28567 0 0 0 1 
0.999767 -0.000625773 0.0215546 0.646049 -0.000625773 0.998316 0.0580083 1.73866 -0.0215546 -0.0580083 0.998083 1.29045 0 0 0 1 
0.999766 -0.000630629 0.021638 0.648605 -0.000630629 0.998303 0.0582328 1.74554 -0.021638 -0.0582328 0.998069 1.29522 0 0 0 1 
0.999764 -0.000635504 0.0217214 0.651161 -0.000635504 0.99829 0.0584572 1.75242 -0.0217214 -0.0584572 0.998054 1.3 0 0 0 1 
0.999762 -0.000639821 0.021795 0.653417 -0.000639821 0.998278 0.0586552 1.75849 -0.021795 -0.0586552 0.99804 1.30421 0 0 0 1 
0.999761 -0.000644151 0.0218685 0.655673 -0.000644151 0.998266 0.0588532 1.76456 -0.0218685 -0.0588532 0.998027 1.30841 0 0 0 1 
0.999759 -0.000648497 0.0219421 0.657929 -0.000648497 0.998255 0.0590511 1.77064 -0.0219421 -0.0590511 0.998014 1.31262 0 0 0 1 
0.999757 -0.000652856 0.0220156 0.660185 -0.000652856 0.998243 0.0592491 1.77671 -0.0220156 -0.0592491 0.998 1.31682 0 0 0 1 
0.999756 -0.000657231 0.0220892 0.662441 -0.000657231 0.998231 0.0594471 1.78278 -0.0220892 -0.0594471 0.997987 1.32103 0 0 0 1 
0.999754 -0.000661015 0.0221526 0.664388 -0.000661015 0.998221 0.0596178 1.78802 -0.0221526 -0.0596178 0.997975 1.32465 0 0 0 1 
0.999753 -0.000664811 0.0222161 0.666335 -0.000664811 0.998211 0.0597886 1.79326 -0.0222161 -0.0597886 0.997964 1.32827 0 0 0 1 
0.999752 -0.000668617 0.0222795 0.668283 -0.000668617 0.998201 0.0599593 1.7985 -0.0222795 -0.0599593 0.997952 1.3319 0 0 0 1 
0.99975 -0.000672434 0.022343 0.67023 -0.000672434 0.99819 0.0601301 1.80374 -0.022343 -0.0601301 0.99794 1.33552 0 0 0 1 
0.999749 -0.000676262 0.0224064 0.672177 -0.000676262 0.99818 0.0603008 1.80898 -0.0224064 -0.0603008 0.997929 1.33914 0 0 0 1 
0.999748 -0.000679482 0.0224596 0.673812 -0.000679482 0.998171 0.060444 1.81338 -0.0224596 -0.060444 0.997919 1.34217 0 0 0 1 
0.999746 -0.00068271 0.0225128 0.675446 -0.00068271 0.998163 0.0605873 1.81778 -0.0225128 -0.0605873 0.997909 1.34521 0 0 0 1 
0.999745 -0.000685945 0.0225661 0.677081 -0.000685945 0.998154 0.0607305 1.82218 -0.0225661 -0.0607305 0.997899 1.34824 0 0 0 1 
0.999744 -0.000689188 0.0226193 0.678715 -0.000689188 0.998145 0.0608738 1.82658 -0.0226193 -0.0608738 0.997889 1.35128 0 0 0 1 
0.999743 -0.000692438 0.0226725 0.68035 -0.000692438 0.998136 0.061017 1.83098 -0.0226725 -0.061017 0.997879 1.35431 0 0 0 1 
0.999742 -0.000695059 0.0227153 0.681665 -0.000695059 0.998129 0.0611322 1.83452 -0.0227153 -0.0611322 0.997871 1.35675 0 0 0 1 
0.999741 -0.000697684 0.0227581 0.68298 -0.000697684 0.998122 0.0612474 1.83806 -0.0227581 -0.0612474 0.997863 1.35919 0 0 0 1 
0.99974 -0.000700314 0.022801 0.684296 -0.000700314 0.998115 0.0613626 1.8416 -0.022801 -0.0613626 0.997855 1.36162 0 0 0 1 
0.999739 -0.000702949 0.0228438 0.685611 -0.000702949 0.998108 0.0614778 1.84514 -0.0228438 -0.0614778 0.997847 1.36406 0 0 0 1 
0.999738 -0.00070559 0.0228866 0.686926 -0.00070559 0.998101 0.061593 1.84868 -0.0228866 -0.061593 0.997839 1.3665 0 0 0 1 
0.999737 -0.000707574 0.0229187 0.687914 -0.000707574 0.998096 0.0616795 1.85134 -0.0229187 -0.0616795 0.997833 1.36833 0 0 0 1 
0.999736 -0.000709561 0.0229508 0.688901 -0.000709561 0.99809 0.061766 1.854 -0.0229508 -0.061766 0.997827 1.37016 0 0 0 1 
0.999736 -0.000711552 0.022983 0.689889 -0.000711552 0.998085 0.0618524 1.85665 -0.022983 -0.0618524 0.997821 1.37199 0 0 0 1 
0.999735 -0.000713544 0.0230151 0.690876 -0.000713544 0.99808 0.0619389 1.85931 -0.0230151 -0.0619389 0.997815 1.37382 0 0 0 1 
0.999734 -0.00071554 0.0230472 0.691864 -0.00071554 0.998074 0.0620254 1.86197 -0.0230472 -0.0620254 0.997808 1.37565 0 0 0 1 
0.999734 -0.000716871 0.0230686 0.692522 -0.000716871 0.998071 0.062083 1.86374 -0.0230686 -0.062083 0.997804 1.37687 0 0 0 1 
0.999733 -0.000718202 0.02309 0.69318 -0.000718202 0.998067 0.0621405 1.86551 -0.02309 -0.0621405 0.9978 1.37808 0 0 0 1 
0.999733 -0.000719535 0.0231114 0.693837 -0.000719535 0.998064 0.0621981 1.86728 -0.0231114 -0.0621981 0.997796 1.3793 0 0 0 1 
0.999732 -0.00072087 0.0231328 0.694495 -0.00072087 0.99806 0.0622556 1.86905 -0.0231328 -0.0622556 0.997792 1.38051 0 0 0 1 
0.999732 -0.000722205 0.0231542 0.695153 -0.000722205 0.998056 0.0623132 1.87082 -0.0231542 -0.0623132 0.997788 1.38173 0 0 0 1 
0.999731 -0.000722793 0.0231636 0.695443 -0.000722793 0.998055 0.0623386 1.8716 -0.0231636 -0.0623386 0.997786 1.38227 0 0 0 1 
0.999731 -0.000723382 0.023173 0.695732 -0.000723382 0.998053 0.0623639 1.87238 -0.023173 -0.0623639 0.997784 1.3828 0 0 0 1 
0.999731 -0.000723971 0.0231825 0.696022 -0.000723971 0.998052 0.0623893 1.87315 -0.0231825 -0.0623893 0.997783 1.38334 0 0 0 1 
0.999731 -0.00072456 0.0231919 0.696311 -0.00072456 0.99805 0.0624146 1.87393 -0.0231919 -0.0624146 0.997781 1.38387 0 0 0 1 
0.999731 -0.00072515 0.0232013 0.696601 -0.00072515 0.998048 0.06244 1.87471 -0.0232013 -0.06244 0.997779 1.38441 0 0 0 1 
0.999731 -0.000725032 0.0231994 0.696543 -0.000725032 0.998049 0.062435 1.87456 -0.0231994 -0.062435 0.997779 1.3843 0 0 0 1 
0.999731 -0.000724915 0.0231975 0.696486 -0.000724915 0.998049 0.0624299 1.8744 -0.0231975 -0.0624299 0.99778 1.3842 0 0 0 1 
0.999731 -0.000724798 0.0231957 0.696428 -0.000724798 0.998049 0.0624249 1.87425 -0.0231957 -0.0624249 0.99778 1.38409 0 0 0 1 
0.999731 -0.00072468 0.0231938 0.696371 -0.00072468 0.99805 0.0624198 1.87409 -0.0231938 -0.0624198 0.99778 1.38399 0 0 0 1 
0.999731 -0.000724563 0.0231919 0.696313 -0.000724563 0.99805 0.0624148 1.87394 -0.0231919 -0.0624148 0.997781 1.38388 0 0 0 1 
0.999731 -0.00072373 0.0231786 0.695903 -0.00072373 0.998052 0.0623789 1.87284 -0.0231786 -0.0623789 0.997783 1.38312 0 0 0 1 
0.999731 -0.000722897 0.0231653 0.695494 -0.000722897 0.998055 0.0623431 1.87174 -0.0231653 -0.0623431 0.997786 1.38236 0 0 0 1 
0.999732 -0.000722065 0.0231519 0.695084 -0.000722065 0.998057 0.0623072 1.87063 -0.0231519 -0.0623072 0.997788 1.38161 0 0 0 1 
0.999732 -0.000721233 0.0231386 0.694675 -0.000721233 0.998059 0.0622714 1.86953 -0.0231386 -0.0622714 0.997791 1.38085 0 0 0 1 
0.999732 -0.000720402 0.0231253 0.694265 -0.000720402 0.998061 0.0622355 1.86843 -0.0231253 -0.0622355 0.997794 1.38009 0 0 0 1 
0.999733 -0.000718861 0.0231006 0.693505 -0.000718861 0.998065 0.062169 1.86638 -0.0231006 -0.062169 0.997798 1.37868 0 0 0 1 
0.999733 -0.000717321 0.0230759 0.692744 -0.000717321 0.99807 0.0621024 1.86434 -0.0230759 -0.0621024 0.997803 1.37728 0 0 0 1 
0.999734 -0.000715784 0.0230511 0.691984 -0.000715784 0.998074 0.0620359 1.86229 -0.0230511 -0.0620359 0.997808 1.37587 0 0 0 1 
0.999735 -0.000714247 0.0230264 0.691223 -0.000714247 0.998078 0.0619693 1.86025 -0.0230264 -0.0619693 0.997812 1.37447 0 0 0 1 
0.999735 -0.000712713 0.0230017 0.690463 -0.000712713 0.998082 0.0619028 1.8582 -0.0230017 -0.0619028 0.997817 1.37306 0 0 0 1 
0.999736 -0.000710456 0.0229653 0.689344 -0.000710456 0.998088 0.0618048 1.85519 -0.0229653 -0.0618048 0.997824 1.37099 0 0 0 1 
0.999737 -0.000708204 0.0229289 0.688226 -0.000708204 0.998094 0.0617069 1.85218 -0.0229289 -0.0617069 0.997831 1.36892 0 0 0 1 
0.999738 -0.000705954 0.0228925 0.687107 -0.000705954 0.9981 0.0616089 1.84916 -0.0228925 -0.0616089 0.997838 1.36684 0 0 0 1 
0.999739 -0.000703709 0.0228561 0.685989 -0.000703709 0.998106 0.061511 1.84615 -0.0228561 -0.061511 0.997845 1.36477 0 0 0 1 
0.999739 -0.000701467 0.0228197 0.68487 -0.000701467 0.998112 0.061413 1.84314 -0.0228197 -0.061413 0.997852 1.3627 0 0 0 1 
0.99974 -0.000698507 0.0227716 0.683391 -0.000698507 0.99812 0.0612834 1.83916 -0.0227716 -0.0612834 0.997861 1.35996 0 0 0 1 
0.999742 -0.000695554 0.0227234 0.681912 -0.000695554 0.998128 0.0611539 1.83518 -0.0227234 -0.0611539 0.99787 1.35721 0 0 0 1 
0.999743 -0.000692606 0.0226753 0.680434 -0.000692606 0.998136 0.0610243 1.83121 -0.0226753 -0.0610243 0.997879 1.35447 0 0 0 1 
0.999744 -0.000689665 0.0226271 0.678955 -0.000689665 0.998144 0.0608948 1.82723 -0.0226271 -0.0608948 0.997888 1.35172 0 0 0 1 
0.999745 -0.000686731 0.022579 0.677476 -0.000686731 0.998152 0.0607652 1.82325 -0.022579 -0.0607652 0.997897 1.34898 0 0 0 1 
0.999746 -0.000683015 0.0225179 0.6756 -0.000683015 0.998162 0.0606008 1.8182 -0.0225179 -0.0606008 0.997908 1.34549 0 0 0 1 
0.999748 -0.000679309 0.0224568 0.673724 -0.000679309 0.998172 0.0604363 1.81315 -0.0224568 -0.0604363 0.997919 1.34201 0 0 0 1 
0.999749 -0.000675613 0.0223956 0.671848 -0.000675613 0.998182 0.0602719 1.8081 -0.0223956 -0.0602719 0.997931 1.33852 0 0 0 1 
0.99975 -0.000671927 0.0223345 0.669972 -0.000671927 0.998192 0.0601074 1.80305 -0.0223345 -0.0601074 0.997942 1.33504 0 0 0 1 
0.999752 -0.000668251 0.0222734 0.668096 -0.000668251 0.998202 0.059943 1.798 -0.0222734 -0.059943 0.997953 1.33155 0 0 0 1 
0.999753 -0.000663857 0.0222001 0.665847 -0.000663857 0.998213 0.0597458 1.79195 -0.0222001 -0.0597458 0.997967 1.32736 0 0 0 1 
0.999755 -0.000659477 0.0221268 0.663599 -0.000659477 0.998225 0.0595486 1.7859 -0.0221268 -0.0595486 0.99798 1.32318 0 0 0 1 
0.999757 -0.000655112 0.0220536 0.66135 -0.000655112 0.998237 0.0593513 1.77984 -0.0220536 -0.0593513 0.997994 1.31899 0 0 0 1 
0.999758 -0.000650761 0.0219803 0.659102 -0.000650761 0.998249 0.0591541 1.77379 -0.0219803 -0.0591541 0.998007 1.31481 0 0 0 1 
0.99976 -0.000646424 0.021907 0.656853 -0.000646424 0.99826 0.0589569 1.76774 -0.021907 -0.0589569 0.99802 1.31062 0 0 0 1 
0.999762 -0.000641406 0.0218219 0.654244 -0.000641406 0.998274 0.0587278 1.76072 -0.0218219 -0.0587278 0.998035 1.30575 0 0 0 1 
0.999764 -0.000636407 0.0217368 0.651634 -0.000636407 0.998287 0.0584988 1.7537 -0.0217368 -0.0584988 0.998051 1.30088 0 0 0 1 
0.999765 -0.000631428 0.0216516 0.649025 -0.000631428 0.998301 0.0582697 1.74667 -0.0216516 -0.0582697 0.998066 1.296 0 0 0 1 
0.999767 -0.000626468 0.0215665 0.646415 -0.000626468 0.998314 0.0580406 1.73965 -0.0215665 -0.0580406 0.998081 1.29113 0 0 0 1 
0.999769 -0.000621528 0.0214814 0.643806 -0.000621528 0.998327 0.0578115 1.73263 -0.0214814 -0.0578115 0.998096 1.28626 0 0 0 1 
0.999771 -0.000615921 0.0213844 0.640834 -0.000615921 0.998342 0.0575504 1.72463 -0.0213844 -0.0575504 0.998114 1.2807 0 0 0 1 
0.999773 -0.000610339 0.0212874 0.637862 -0.000610339 0.998357 0.0572892 1.71663 -0.0212874 -0.0572892 0.998131 1.27514 0 0 0 1 
0.999775 -0.000604783 0.0211903 0.634891 -0.000604783 0.998372 0.0570281 1.70864 -0.0211903 -0.0570281 0.998148 1.26957 0 0 0 1 
0.999777 -0.000599252 0.0210933 0.631919 -0.000599252 0.998387 0.056767 1.70064 -0.0210933 -0.056767 0.998165 1.26401 0 0 0 1 
0.999779 -0.000593746 0.0209963 0.628947 -0.000593746 0.998402 0.0565058 1.69264 -0.0209963 -0.0565058 0.998181 1.25845 0 0 0 1 
0.999782 -0.000587596 0.0208874 0.625614 -0.000587596 0.998419 0.0562127 1.68367 -0.0208874 -0.0562127 0.9982 1.25219 0 0 0 1 
0.999784 -0.000581477 0.0207784 0.622281 -0.000581477 0.998435 0.0559195 1.6747 -0.0207784 -0.0559195 0.998219 1.24593 0 0 0 1 
0.999786 -0.000575391 0.0206695 0.618949 -0.000575391 0.998451 0.0556263 1.66573 -0.0206695 -0.0556263 0.998238 1.23967 0 0 0 1 
0.999788 -0.000569336 0.0205605 0.615616 -0.000569336 0.998468 0.0553332 1.65676 -0.0205605 -0.0553332 0.998256 1.23341 0 0 0 1 
0.999791 -0.000563314 0.0204516 0.612283 -0.000563314 0.998484 0.05504 1.64779 -0.0204516 -0.05504 0.998275 1.22715 0 0 0 1 
0.999793 -0.000556613 0.0203297 0.608558 -0.000556613 0.998502 0.054712 1.63777 -0.0203297 -0.054712 0.998295 1.22013 0 0 0 1 
0.999796 -0.000549953 0.0202078 0.604832 -0.000549953 0.99852 0.0543839 1.62774 -0.0202078 -0.0543839 0.998316 1.21311 0 0 0 1 
0.999798 -0.000543332 0.0200859 0.601107 -0.000543332 0.998538 0.0540558 1.61772 -0.0200859 -0.0540558 0.998336 1.20608 0 0 0 1 
0.999801 -0.000536752 0.019964 0.597381 -0.000536752 0.998555 0.0537278 1.60769 -0.019964 -0.0537278 0.998356 1.19906 0 0 0 1 
0.999803 -0.000530212 0.0198421 0.593656 -0.000530212 0.998573 0.0533997 1.59767 -0.0198421 -0.0533997 0.998376 1.19204 0 0 0 1 
0.999806 -0.000523077 0.0197082 0.589571 -0.000523077 0.998592 0.0530395 1.58667 -0.0197082 -0.0530395 0.998398 1.18431 0 0 0 1 
0.999808 -0.00051599 0.0195744 0.585486 -0.00051599 0.998611 0.0526792 1.57568 -0.0195744 -0.0526792 0.99842 1.17658 0 0 0 1 
0.999811 -0.000508951 0.0194405 0.5814 -0.000508951 0.99863 0.052319 1.56468 -0.0194405 -0.052319 0.998441 1.16885 0 0 0 1 
0.999813 -0.000501961 0.0193067 0.577315 -0.000501961 0.998649 0.0519588 1.55369 -0.0193067 -0.0519588 0.998463 1.16112 0 0 0 1 
0.999816 -0.000495019 0.0191728 0.57323 -0.000495019 0.998668 0.0515985 1.54269 -0.0191728 -0.0515985 0.998484 1.15339 0 0 0 1 
0.999819 -0.000487535 0.0190274 0.568799 -0.000487535 0.998688 0.0512072 1.53077 -0.0190274 -0.0512072 0.998507 1.14497 0 0 0 1 
0.999822 -0.000480108 0.018882 0.564368 -0.000480108 0.998708 0.050816 1.51884 -0.018882 -0.050816 0.99853 1.13655 0 0 0 1 
0.999824 -0.000472738 0.0187367 0.559938 -0.000472738 0.998728 0.0504247 1.50692 -0.0187367 -0.0504247 0.998552 1.12812 0 0 0 1 
0.999827 -0.000465424 0.0185913 0.555507 -0.000465424 0.998747 0.0500334 1.49499 -0.0185913 -0.0500334 0.998574 1.1197 0 0 0 1 
0.99983 -0.000458168 0.0184459 0.551076 -0.000458168 0.998767 0.0496421 1.48307 -0.0184459 -0.0496421 0.998597 1.11128 0 0 0 1 
0.999833 -0.000450408 0.0182891 0.546306 -0.000450408 0.998788 0.0492202 1.47023 -0.0182891 -0.0492202 0.99862 1.10217 0 0 0 1 
0.999835 -0.000442714 0.0181323 0.541536 -0.000442714 0.998809 0.0487983 1.45739 -0.0181323 -0.0487983 0.998644 1.09306 0 0 0 1 
0.999838 -0.000435087 0.0179756 0.536765 -0.000435087 0.998829 0.0483764 1.44456 -0.0179756 -0.0483764 0.998667 1.08395 0 0 0 1 
0.999841 -0.000427525 0.0178188 0.531995 -0.000427525 0.998849 0.0479545 1.43172 -0.0178188 -0.0479545 0.998691 1.07484 0 0 0 1 
0.999844 -0.00042003 0.017662 0.527225 -0.00042003 0.99887 0.0475326 1.41888 -0.017662 -0.0475326 0.998714 1.06573 0 0 0 1 
0.999847 -0.000412083 0.0174942 0.522128 -0.000412083 0.998891 0.0470811 1.40516 -0.0174942 -0.0470811 0.998738 1.05595 0 0 0 1 
0.99985 -0.000404212 0.0173265 0.517031 -0.000404212 0.998912 0.0466295 1.39145 -0.0173265 -0.0466295 0.998762 1.04617 0 0 0 1 
0.999853 -0.000396417 0.0171587 0.511934 -0.000396417 0.998933 0.046178 1.37773 -0.0171587 -0.046178 0.998786 1.03638 0 0 0 1 
0.999856 -0.000388697 0.0169909 0.506837 -0.000388697 0.998954 0.0457264 1.36402 -0.0169909 -0.0457264 0.998809 1.0266 0 0 0 1 
0.999858 -0.000381054 0.0168231 0.50174 -0.000381054 0.998974 0.0452748 1.3503 -0.0168231 -0.0452748 0.998833 1.01682 0 0 0 1 
0.999861 -0.000372939 0.0166431 0.496282 -0.000372939 0.998996 0.0447904 1.33561 -0.0166431 -0.0447904 0.998858 1.00629 0 0 0 1 
0.999864 -0.000364911 0.0164631 0.490824 -0.000364911 0.999018 0.044306 1.32092 -0.0164631 -0.044306 0.998882 0.995752 0 0 0 1 
0.999867 -0.000356971 0.0162831 0.485365 -0.000356971 0.999039 0.0438215 1.30623 -0.0162831 -0.0438215 0.998907 0.985219 0 0 0 1 
0.99987 -0.000349117 0.0161031 0.479907 -0.000349117 0.99906 0.0433371 1.29154 -0.0161031 -0.0433371 0.998931 0.974685 0 0 0 1 
0.999873 -0.000341352 0.0159231 0.474449 -0.000341352 0.999081 0.0428526 1.27685 -0.0159231 -0.0428526 0.998955 0.964151 0 0 0 1 
0.999876 -0.000333227 0.0157326 0.468682 -0.000333227 0.999103 0.0423398 1.26133 -0.0157326 -0.0423398 0.998979 0.952959 0 0 0 1 
0.999879 -0.000325201 0.015542 0.462916 -0.000325201 0.999125 0.0418271 1.24581 -0.015542 -0.0418271 0.999004 0.941766 0 0 0 1 
0.999882 -0.000317272 0.0153515 0.457149 -0.000317272 0.999146 0.0413143 1.2303 -0.0153515 -0.0413143 0.999028 0.930574 0 0 0 1 
0.999885 -0.000309441 0.0151609 0.451383 -0.000309441 0.999167 0.0408015 1.21478 -0.0151609 -0.0408015 0.999052 0.919381 0 0 0 1 
0.999888 -0.000301708 0.0149704 0.445616 -0.000301708 0.999188 0.0402887 1.19926 -0.0149704 -0.0402887 0.999076 0.908189 0 0 0 1 
0.999891 -0.000293656 0.0147694 0.439544 -0.000293656 0.99921 0.0397477 1.18292 -0.0147694 -0.0397477 0.999101 0.896333 0 0 0 1 
0.999894 -0.000285713 0.0145683 0.433472 -0.000285713 0.999231 0.0392067 1.16658 -0.0145683 -0.0392067 0.999125 0.884477 0 0 0 1 
0.999897 -0.000277879 0.0143673 0.427401 -0.000277879 0.999252 0.0386657 1.15023 -0.0143673 -0.0386657 0.999149 0.87262 0 0 0 1 
0.9999 -0.000270153 0.0141662 0.421329 -0.000270153 0.999273 0.0381246 1.13389 -0.0141662 -0.0381246 0.999173 0.860764 0 0 0 1 
0.999902 -0.000262537 0.0139652 0.415257 -0.000262537 0.999293 0.0375836 1.11755 -0.0139652 -0.0375836 0.999196 0.848908 0 0 0 1 
0.999905 -0.00025469 0.013755 0.408921 -0.00025469 0.999315 0.0370179 1.1005 -0.013755 -0.0370179 0.99922 0.836457 0 0 0 1 
0.999908 -0.000246961 0.0135448 0.402585 -0.000246961 0.999335 0.0364521 1.08345 -0.0135448 -0.0364521 0.999244 0.824007 0 0 0 1 
0.999911 -0.000239352 0.0133346 0.39625 -0.000239352 0.999356 0.0358864 1.0664 -0.0133346 -0.0358864 0.999267 0.811556 0 0 0 1 
0.999914 -0.000231862 0.0131243 0.389914 -0.000231862 0.999376 0.0353206 1.04935 -0.0131243 -0.0353206 0.99929 0.799106 0 0 0 1 
0.999917 -0.000224491 0.0129141 0.383578 -0.000224491 0.999396 0.0347548 1.0323 -0.0129141 -0.0347548 0.999312 0.786655 0 0 0 1 
0.999919 -0.000216915 0.0126944 0.376971 -0.000216915 0.999416 0.0341635 1.01452 -0.0126944 -0.0341635 0.999336 0.773585 0 0 0 1 
0.999922 -0.000209469 0.0124747 0.370363 -0.000209469 0.999436 0.0335722 0.996735 -0.0124747 -0.0335722 0.999358 0.760515 0 0 0 1 
0.999925 -0.000202153 0.012255 0.363756 -0.000202153 0.999456 0.0329809 0.978953 -0.012255 -0.0329809 0.999381 0.747444 0 0 0 1 
0.999928 -0.000194967 0.0120352 0.357148 -0.000194967 0.999475 0.0323896 0.96117 -0.0120352 -0.0323896 0.999403 0.734374 0 0 0 1 
0.99993 -0.000187911 0.0118155 0.350541 -0.000187911 0.999494 0.0317983 0.943388 -0.0118155 -0.0317983 0.999424 0.721304 0 0 0 1 
0.999933 -0.00018066 0.0115854 0.343636 -0.00018066 0.999514 0.0311789 0.924806 -0.0115854 -0.0311789 0.999447 0.707551 0 0 0 1 
0.999936 -0.000173552 0.0113552 0.336732 -0.000173552 0.999533 0.0305596 0.906224 -0.0113552 -0.0305596 0.999468 0.693798 0 0 0 1 
0.999938 -0.000166586 0.0111251 0.329827 -0.000166586 0.999552 0.0299402 0.887642 -0.0111251 -0.0299402 0.99949 0.680045 0 0 0 1 
0.999941 -0.000159763 0.010895 0.322923 -0.000159763 0.99957 0.0293208 0.86906 -0.010895 -0.0293208 0.999511 0.666292 0 0 0 1 
0.999943 -0.000153083 0.0106648 0.316018 -0.000153083 0.999588 0.0287014 0.850478 -0.0106648 -0.0287014 0.999531 0.652539 0 0 0 1 
0.999946 -0.000146298 0.0104258 0.308866 -0.000146298 0.999606 0.0280583 0.831231 -0.0104258 -0.0280583 0.999552 0.638191 0 0 0 1 
0.999948 -0.000139667 0.0101869 0.301714 -0.000139667 0.999624 0.0274152 0.811984 -0.0101869 -0.0274152 0.999572 0.623843 0 0 0 1 
0.999951 -0.00013319 0.0099479 0.294563 -0.00013319 0.999642 0.0267721 0.792736 -0.0099479 -0.0267721 0.999592 0.609494 0 0 0 1 
0.999953 -0.000126867 0.00970893 0.287411 -0.000126867 0.999659 0.0261289 0.773489 -0.00970893 -0.0261289 0.999611 0.595146 0 0 0 1 
0.999955 -0.000120697 0.00946995 0.280259 -0.000120697 0.999675 0.0254858 0.754242 -0.00946995 -0.0254858 0.99963 0.580798 0 0 0 1 
0.999957 -0.000114498 0.00922361 0.272905 -0.000114498 0.999692 0.0248228 0.734451 -0.00922361 -0.0248228 0.999649 0.565935 0 0 0 1 
0.99996 -0.000108463 0.00897727 0.265551 -0.000108463 0.999708 0.0241599 0.71466 -0.00897727 -0.0241599 0.999668 0.551071 0 0 0 1 
0.999962 -0.000102591 0.00873092 0.258197 -0.000102591 0.999724 0.0234969 0.694868 -0.00873092 -0.0234969 0.999686 0.536208 0 0 0 1 
0.999964 -9.68823e-05 0.00848457 0.250843 -9.68823e-05 0.999739 0.0228339 0.675077 -0.00848457 -0.0228339 0.999703 0.521344 0 0 0 1 
0.999966 -9.13371e-05 0.00823821 0.243489 -9.13371e-05 0.999754 0.0221709 0.655286 -0.00823821 -0.0221709 0.99972 0.506481 0 0 0 1 
0.999968 -8.57699e-05 0.00798323 0.235897 -8.57699e-05 0.999769 0.0214847 0.634854 -0.00798323 -0.0214847 0.999737 0.491019 0 0 0 1 
0.99997 -8.03778e-05 0.00772825 0.228305 -8.03778e-05 0.999784 0.0207985 0.614422 -0.00772825 -0.0207985 0.999754 0.475557 0 0 0 1 
0.999972 -7.51608e-05 0.00747326 0.220713 -7.51608e-05 0.999798 0.0201123 0.593991 -0.00747326 -0.0201123 0.99977 0.460094 0 0 0 1 
0.999974 -7.01187e-05 0.00721827 0.213121 -7.01187e-05 0.999811 0.019426 0.573559 -0.00721827 -0.019426 0.999785 0.444632 0 0 0 1 
0.999976 -6.52517e-05 0.00696327 0.205529 -6.52517e-05 0.999824 0.0187398 0.553127 -0.00696327 -0.0187398 0.9998 0.42917 0 0 0 1 
0.999978 -6.04407e-05 0.00670168 0.197761 -6.04407e-05 0.999837 0.0180358 0.532223 -0.00670168 -0.0180358 0.999815 0.413225 0 0 0 1 
0.999979 -5.58139e-05 0.00644009 0.189994 -5.58139e-05 0.99985 0.0173318 0.511318 -0.00644009 -0.0173318 0.999829 0.397281 0 0 0 1 
0.999981 -5.13713e-05 0.00617849 0.182226 -5.13713e-05 0.999862 0.0166278 0.490414 -0.00617849 -0.0166278 0.999843 0.381336 0 0 0 1 
0.999982 -4.71129e-05 0.00591689 0.174459 -4.71129e-05 0.999873 0.0159237 0.469509 -0.00591689 -0.0159237 0.999856 0.365392 0 0 0 1 
0.999984 -4.30387e-05 0.00565528 0.166691 -4.30387e-05 0.999884 0.0152197 0.448605 -0.00565528 -0.0152197 0.999868 0.349447 0 0 0 1 
0.999985 -3.90348e-05 0.00538582 0.158712 -3.90348e-05 0.999895 0.0144945 0.427132 -0.00538582 -0.0144945 0.99988 0.332937 0 0 0 1 
0.999987 -3.52263e-05 0.00511636 0.150733 -3.52263e-05 0.999905 0.0137693 0.405659 -0.00511636 -0.0137693 0.999892 0.316426 0 0 0 1 
0.999988 -3.16132e-05 0.00484689 0.142755 -3.16132e-05 0.999915 0.0130441 0.384186 -0.00484689 -0.0130441 0.999903 0.299916 0 0 0 1 
0.99999 -2.81956e-05 0.00457742 0.134776 -2.81956e-05 0.999924 0.0123189 0.362713 -0.00457742 -0.0123189 0.999914 0.283405 0 0 0 1 
0.999991 -2.49735e-05 0.00430795 0.126797 -2.49735e-05 0.999933 0.0115937 0.34124 -0.00430795 -0.0115937 0.999924 0.266895 0 0 0 1 
0.999992 -2.18831e-05 0.00403262 0.118668 -2.18831e-05 0.999941 0.0108527 0.319362 -0.00403262 -0.0108527 0.999933 0.249934 0 0 0 1 
0.999993 -1.89968e-05 0.00375728 0.110538 -1.89968e-05 0.999949 0.0101117 0.297484 -0.00375728 -0.0101117 0.999942 0.232973 0 0 0 1 
0.999994 -1.63146e-05 0.00348194 0.102409 -1.63146e-05 0.999956 0.00937072 0.275607 -0.00348194 -0.00937072 0.99995 0.216013 0 0 0 1 
0.999995 -1.38363e-05 0.0032066 0.0942799 -1.38363e-05 0.999963 0.00862972 0.253729 -0.0032066 -0.00862972 0.999958 0.199052 0 0 0 1 
0.999996 -1.15621e-05 0.00293126 0.0861506 -1.15621e-05 0.999969 0.00788871 0.231851 -0.00293126 -0.00788871 0.999965 0.182091 0 0 0 1 
0.999996 -9.44499e-06 0.00264933 0.0778513 -9.44499e-06 0.999975 0.00712998 0.209516 -0.00264933 -0.00712998 0.999971 0.164629 0 0 0 1 
0.999997 -7.54177e-06 0.00236741 0.0695519 -7.54177e-06 0.99998 0.00637125 0.18718 -0.00236741 -0.00637125 0.999977 0.147168 0 0 0 1 
0.999998 -5.85245e-06 0.00208548 0.0612526 -5.85245e-06 0.999984 0.00561252 0.164845 -0.00208548 -0.00561252 0.999982 0.129706 0 0 0 1 
0.999998 -4.37705e-06 0.00180355 0.0529532 -4.37705e-06 0.999988 0.00485378 0.142509 -0.00180355 -0.00485378 0.999987 0.112244 0 0 0 1 
0.999999 -3.11556e-06 0.00152162 0.0446539 -3.11556e-06 0.999992 0.00409504 0.120174 -0.00152162 -0.00409504 0.99999 0.0947828 0 0 0 1 
0.999999 -2.04685e-06 0.00123333 0.036193 -2.04685e-06 0.999994 0.0033192 0.0974039 -0.00123333 -0.0033192 0.999994 0.076828 0 0 0 1 
1 -1.2018e-06 0.000945049 0.0277322 -1.2018e-06 0.999997 0.00254335 0.0746337 -0.000945049 -0.00254335 0.999996 0.0588732 0 0 0 1 
1 -5.80415e-07 0.000656762 0.0192713 -5.80415e-07 0.999998 0.0017675 0.0518636 -0.000656762 -0.0017675 0.999998 0.0409184 0 0 0 1 
1 -1.827e-07 0.000368475 0.0108105 -1.827e-07 1 0.000991653 0.0290934 -0.000368475 -0.000991653 0.999999 0.0229637 0 0 0 1 
1 -8.65234e-09 8.01874e-05 0.00234959 -8.65234e-09 1 0.000215803 0.00632328 -8.01874e-05 -0.000215803 1 0.00500888 0 0 0 1 
1 -6.06763e-08 -0.000212349 -0.00620941 -6.06763e-08 1 -0.000571478 -0.016711 0.000212349 0.000571478 1 -0.013313 0 0 0 1 
1 -3.43008e-07 -0.000504885 -0.0147684 -3.43008e-07 0.999999 -0.00135876 -0.0397452 0.000504885 0.00135876 0.999999 -0.031635 0 0 0 1 
1 -8.55648e-07 -0.000797421 -0.0233274 -8.55648e-07 0.999998 -0.00214604 -0.0627795 0.000797421 0.00214604 0.999997 -0.0499569 0 0 0 1 
0.999999 -1.5986e-06 -0.00108996 -0.0318864 -1.5986e-06 0.999996 -0.00293331 -0.0858137 0.00108996 0.00293331 0.999995 -0.0682788 0 0 0 1 
0.999999 -2.57185e-06 -0.00138249 -0.0404454 -2.57185e-06 0.999993 -0.00372059 -0.108848 0.00138249 0.00372059 0.999992 -0.0866007 0 0 0 1 
0.999999 -3.80039e-06 -0.00168055 -0.0491386 -3.80039e-06 0.99999 -0.00452275 -0.132243 0.00168055 0.00452275 0.999988 -0.105375 0 0 0 1 
0.999998 -5.26803e-06 -0.00197862 -0.0578318 -5.26803e-06 0.999986 -0.00532491 -0.155639 0.00197862 0.00532491 0.999984 -0.12415 0 0 0 1 
0.999997 -6.97477e-06 -0.00227668 -0.0665251 -6.97477e-06 0.999981 -0.00612707 -0.179034 0.00227668 0.00612707 0.999979 -0.142924 0 0 0 1 
0.999997 -8.9206e-06 -0.00257474 -0.0752183 -8.9206e-06 0.999976 -0.00692922 -0.20243 0.00257474 0.00692922 0.999973 -0.161699 0 0 0 1 
0.999996 -1.11055e-05 -0.0028728 -0.0839115 -1.11055e-05 0.99997 -0.00773137 -0.225825 0.0028728 0.00773137 0.999966 -0.180473 0 0 0 1 
0.999995 -1.35709e-05 -0.00317571 -0.0927174 -1.35709e-05 0.999963 -0.00854655 -0.249524 0.00317571 0.00854655 0.999958 -0.199662 0 0 0 1 
0.999994 -1.62833e-05 -0.00347861 -0.101523 -1.62833e-05 0.999956 -0.00936172 -0.273223 0.00347861 0.00936172 0.99995 -0.218851 0 0 0 1 
