0.999962 -0.00872654 0 0 0.00872654 0.999962 0 0 0 0 1 0 0 0 0 1 
0.999945 -0.0104718 0 0 0.0104718 0.999945 0 0 0 0 1 0 0 0 0 1 
0.999925 -0.012217 0 0 0.012217 0.999925 0 0 0 0 1 0 0 0 0 1 
0.999903 -0.0139622 0 0 0.0139622 0.999903 0 0 0 0 1 0 0 0 0 1 
0.999877 -0.0157073 0 0 0.0157073 0.999877 0 0 0 0 1 0 0 0 0 1 
0.999848 -0.0174524 0 0 0.0174524 0.999848 0 0 0 0 1 0 0 0 0 1 
0.999816 -0.0191974 0 0 0.0191974 0.999816 0 0 0 0 1 0 0 0 0 1 
0.999781 -0.0209424 0 0 0.0209424 0.999781 0 0 0 0 1 0 0 0 0 1 
0.999743 -0.0226873 0 0 0.0226873 0.999743 0 0 0 0 1 0 0 0 0 1 
0.999701 -0.0244321 0 0 0.0244321 0.999701 0 0 0 0 1 0 0 0 0 1 
0.999657 -0.0261769 0 0 0.0261769 0.999657 0 0 0 0 1 0 0 0 0 1 
0.99961 -0.0279216 0 0 0.0279216 0.99961 0 0 0 0 1 0 0 0 0 1 
0.99956 -0.0296662 0 0 0.0296662 0.99956 0 0 0 0 1 0 0 0 0 1 
0.999507 -0.0314107 0 0 0.0314107 0.999507 0 0 0 0 1 0 0 0 0 1 
0.99945 -0.0331552 0 0 0.0331552 0.99945 0 0 0 0 1 0 0 0 0 1 
0.999391 -0.0348995 0 0 0.0348995 0.999391 0 0 0 0 1 0 0 0 0 1 
0.999328 -0.0366437 0 0 0.0366437 0.999328 0 0 0 0 1 0 0 0 0 1 
0.999263 -0.0383878 0 0 0.0383878 0.999263 0 0 0 0 1 0 0 0 0 1 
0.999194 -0.0401318 0 0 0.0401318 0.999194 0 0 0 0 1 0 0 0 0 1 
0.999123 -0.0418757 0 0 0.0418757 0.999123 0 0 0 0 1 0 0 0 0 1 
0.999048 -0.0436194 0 0 0.0436194 0.999048 0 0 0 0 1 0 0 0 0 1 
0.998971 -0.045363 0 0 0.045363 0.998971 0 0 0 0 1 0 0 0 0 1 
0.99889 -0.0471065 0 0 0.0471065 0.99889 0 0 0 0 1 0 0 0 0 1 
0.998806 -0.0488498 0 0 0.0488498 0.998806 0 0 0 0 1 0 0 0 0 1 
0.998719 -0.050593 0 0 0.050593 0.998719 0 0 0 0 1 0 0 0 0 1 
0.99863 -0.052336 0 0 0.052336 0.99863 0 0 0 0 1 0 0 0 0 1 
0.998537 -0.0540788 0 0 0.0540788 0.998537 0 0 0 0 1 0 0 0 0 1 
0.998441 -0.0558215 0 0 0.0558215 0.998441 0 0 0 0 1 0 0 0 0 1 
0.998342 -0.057564 0 0 0.057564 0.998342 0 0 0 0 1 0 0 0 0 1 
0.99824 -0.0593063 0 0 0.0593063 0.99824 0 0 0 0 1 0 0 0 0 1 
0.998135 -0.0610485 0 0 0.0610485 0.998135 0 0 0 0 1 0 0 0 0 1 
0.998027 -0.0627905 0 0 0.0627905 0.998027 0 0 0 0 1 0 0 0 0 1 
0.997916 -0.0645323 0 0 0.0645323 0.997916 0 0 0 0 1 0 0 0 0 1 
0.997801 -0.0662739 0 0 0.0662739 0.997801 0 0 0 0 1 0 0 0 0 1 
0.997684 -0.0680153 0 0 0.0680153 0.997684 0 0 0 0 1 0 0 0 0 1 
0.997564 -0.0697565 0 0 0.0697565 0.997564 0 0 0 0 1 0 0 0 0 1 
0.997441 -0.0714975 0 0 0.0714975 0.997441 0 0 0 0 1 0 0 0 0 1 
0.997314 -0.0732382 0 0 0.0732382 0.997314 0 0 0 0 1 0 0 0 0 1 
0.997185 -0.0749787 0 0 0.0749787 0.997185 0 0 0 0 1 0 0 0 0 1 
0.997053 -0.076719 0 0 0.076719 0.997053 0 0 0 0 1 0 0 0 0 1 
0.996917 -0.0784591 0 0 0.0784591 0.996917 0 0 0 0 1 0 0 0 0 1 
0.996779 -0.0801989 0 0 0.0801989 0.996779 0 0 0 0 1 0 0 0 0 1 
0.996637 -0.0819385 0 0 0.0819385 0.996637 0 0 0 0 1 0 0 0 0 1 
0.996493 -0.0836778 0 0 0.0836778 0.996493 0 0 0 0 1 0 0 0 0 1 
0.996345 -0.0854169 0 0 0.0854169 0.996345 0 0 0 0 1 0 0 0 0 1 
0.996195 -0.0871557 0 0 0.0871557 0.996195 0 0 0 0 1 0 0 0 0 1 
0.996041 -0.0888943 0 0 0.0888943 0.996041 0 0 0 0 1 0 0 0 0 1 
0.995884 -0.0906326 0 0 0.0906326 0.995884 0 0 0 0 1 0 0 0 0 1 
0.995725 -0.0923706 0 0 0.0923706 0.995725 0 0 0 0 1 0 0 0 0 1 
0.995562 -0.0941083 0 0 0.0941083 0.995562 0 0 0 0 1 0 0 0 0 1 
0.995396 -0.0958458 0 0 0.0958458 0.995396 0 0 0 0 1 0 0 0 0 1 
0.995227 -0.0975828 0 0 0.0975828 0.995227 0 0 0 0 1 0 0 0 0 1 
0.995056 -0.0993196 0 0 0.0993196 0.995056 0 0 0 0 1 0 0 0 0 1 
0.994881 -0.101056 0 0 0.101056 0.994881 0 0 0 0 1 0 0 0 0 1 
0.994703 -0.102792 0 0 0.102792 0.994703 0 0 0 0 1 0 0 0 0 1 
0.994522 -0.104528 0 0 0.104528 0.994522 0 0 0 0 1 0 0 0 0 1 
0.994338 -0.106264 0 0 0.106264 0.994338 0 0 0 0 1 0 0 0 0 1 
0.994151 -0.107999 0 0 0.107999 0.994151 0 0 0 0 1 0 0 0 0 1 
0.993961 -0.109734 0 0 0.109734 0.993961 0 0 0 0 1 0 0 0 0 1 
0.993768 -0.111469 0 0 0.111469 0.993768 0 0 0 0 1 0 0 0 0 1 
0.993572 -0.113203 0 0 0.113203 0.993572 0 0 0 0 1 0 0 0 0 1 
0.993373 -0.114937 0 0 0.114937 0.993373 0 0 0 0 1 0 0 0 0 1 
0.993171 -0.11667 0 0 0.11667 0.993171 0 0 0 0 1 0 0 0 0 1 
0.992966 -0.118404 0 0 0.118404 0.992966 0 0 0 0 1 0 0 0 0 1 
0.992757 -0.120137 0 0 0.120137 0.992757 0 0 0 0 1 0 0 0 0 1 
0.992546 -0.121869 0 0 0.121869 0.992546 0 0 0 0 1 0 0 0 0 1 
0.992332 -0.123601 0 0 0.123601 0.992332 0 0 0 0 1 0 0 0 0 1 
0.992115 -0.125333 0 0 0.125333 0.992115 0 0 0 0 1 0 0 0 0 1 
0.991894 -0.127064 0 0 0.127064 0.991894 0 0 0 0 1 0 0 0 0 1 
0.991671 -0.128795 0 0 0.128795 0.991671 0 0 0 0 1 0 0 0 0 1 
0.991445 -0.130526 0 0 0.130526 0.991445 0 0 0 0 1 0 0 0 0 1 
0.991216 -0.132256 0 0 0.132256 0.991216 0 0 0 0 1 0 0 0 0 1 
0.990983 -0.133986 0 0 0.133986 0.990983 0 0 0 0 1 0 0 0 0 1 
0.990748 -0.135715 0 0 0.135715 0.990748 0 0 0 0 1 0 0 0 0 1 
0.990509 -0.137444 0 0 0.137444 0.990509 0 0 0 0 1 0 0 0 0 1 
0.990268 -0.139173 0 0 0.139173 0.990268 0 0 0 0 1 0 0 0 0 1 
0.990024 -0.140901 0 0 0.140901 0.990024 0 0 0 0 1 0 0 0 0 1 
0.989776 -0.142629 0 0 0.142629 0.989776 0 0 0 0 1 0 0 0 0 1 
0.989526 -0.144356 0 0 0.144356 0.989526 0 0 0 0 1 0 0 0 0 1 
0.989272 -0.146083 0 0 0.146083 0.989272 0 0 0 0 1 0 0 0 0 1 
0.989016 -0.147809 0 0 0.147809 0.989016 0 0 0 0 1 0 0 0 0 1 
0.988756 -0.149535 0 0 0.149535 0.988756 0 0 0 0 1 0 0 0 0 1 
0.988494 -0.15126 0 0 0.15126 0.988494 0 0 0 0 1 0 0 0 0 1 
0.988228 -0.152985 0 0 0.152985 0.988228 0 0 0 0 1 0 0 0 0 1 
0.98796 -0.15471 0 0 0.15471 0.98796 0 0 0 0 1 0 0 0 0 1 
0.987688 -0.156434 0 0 0.156434 0.987688 0 0 0 0 1 0 0 0 0 1 
0.987414 -0.158158 0 0 0.158158 0.987414 0 0 0 0 1 0 0 0 0 1 
0.987136 -0.159881 0 0 0.159881 0.987136 0 0 0 0 1 0 0 0 0 1 
0.986856 -0.161604 0 0 0.161604 0.986856 0 0 0 0 1 0 0 0 0 1 
0.986572 -0.163326 0 0 0.163326 0.986572 0 0 0 0 1 0 0 0 0 1 
0.986286 -0.165048 0 0 0.165048 0.986286 0 0 0 0 1 0 0 0 0 1 
0.985996 -0.166769 0 0 0.166769 0.985996 0 0 0 0 1 0 0 0 0 1 
0.985703 -0.16849 0 0 0.16849 0.985703 0 0 0 0 1 0 0 0 0 1 
0.985408 -0.17021 0 0 0.17021 0.985408 0 0 0 0 1 0 0 0 0 1 
0.985109 -0.171929 0 0 0.171929 0.985109 0 0 0 0 1 0 0 0 0 1 
0.984808 -0.173648 0 0 0.173648 0.984808 0 0 0 0 1 0 0 0 0 1 
0.984503 -0.175367 0 0 0.175367 0.984503 0 0 0 0 1 0 0 0 0 1 
0.984196 -0.177085 0 0 0.177085 0.984196 0 0 0 0 1 0 0 0 0 1 
0.983885 -0.178802 0 0 0.178802 0.983885 0 0 0 0 1 0 0 0 0 1 
0.983571 -0.180519 0 0 0.180519 0.983571 0 0 0 0 1 0 0 0 0 1 
0.983255 -0.182236 0 0 0.182236 0.983255 0 0 0 0 1 0 0 0 0 1 
0.982935 -0.183952 0 0 0.183952 0.982935 0 0 0 0 1 0 0 0 0 1 
0.982613 -0.185667 0 0 0.185667 0.982613 0 0 0 0 1 0 0 0 0 1 
0.982287 -0.187382 0 0 0.187382 0.982287 0 0 0 0 1 0 0 0 0 1 
0.981959 -0.189096 0 0 0.189096 0.981959 0 0 0 0 1 0 0 0 0 1 
0.981627 -0.190809 0 0 0.190809 0.981627 0 0 0 0 1 0 0 0 0 1 
0.981293 -0.192522 0 0 0.192522 0.981293 0 0 0 0 1 0 0 0 0 1 
0.980955 -0.194234 0 0 0.194234 0.980955 0 0 0 0 1 0 0 0 0 1 
0.980615 -0.195946 0 0 0.195946 0.980615 0 0 0 0 1 0 0 0 0 1 
0.980271 -0.197657 0 0 0.197657 0.980271 0 0 0 0 1 0 0 0 0 1 
0.979925 -0.199368 0 0 0.199368 0.979925 0 0 0 0 1 0 0 0 0 1 
0.979575 -0.201078 0 0 0.201078 0.979575 0 0 0 0 1 0 0 0 0 1 
0.979223 -0.202787 0 0 0.202787 0.979223 0 0 0 0 1 0 0 0 0 1 
0.978867 -0.204496 0 0 0.204496 0.978867 0 0 0 0 1 0 0 0 0 1 
0.978509 -0.206204 0 0 0.206204 0.978509 0 0 0 0 1 0 0 0 0 1 
0.978148 -0.207912 0 0 0.207912 0.978148 0 0 0 0 1 0 0 0 0 1 
0.977783 -0.209619 0 0 0.209619 0.977783 0 0 0 0 1 0 0 0 0 1 
0.977416 -0.211325 0 0 0.211325 0.977416 0 0 0 0 1 0 0 0 0 1 
0.977046 -0.213031 0 0 0.213031 0.977046 0 0 0 0 1 0 0 0 0 1 
0.976672 -0.214736 0 0 0.214736 0.976672 0 0 0 0 1 0 0 0 0 1 
0.976296 -0.21644 0 0 0.21644 0.976296 0 0 0 0 1 0 0 0 0 1 
0.975917 -0.218144 0 0 0.218144 0.975917 0 0 0 0 1 0 0 0 0 1 
0.975534 -0.219846 0 0 0.219846 0.975534 0 0 0 0 1 0 0 0 0 1 
0.975149 -0.221549 0 0 0.221549 0.975149 0 0 0 0 1 0 0 0 0 1 
0.974761 -0.22325 0 0 0.22325 0.974761 0 0 0 0 1 0 0 0 0 1 
0.97437 -0.224951 0 0 0.224951 0.97437 0 0 0 0 1 0 0 0 0 1 
0.973976 -0.226651 0 0 0.226651 0.973976 0 0 0 0 1 0 0 0 0 1 
0.973579 -0.228351 0 0 0.228351 0.973579 0 0 0 0 1 0 0 0 0 1 
0.973179 -0.230049 0 0 0.230049 0.973179 0 0 0 0 1 0 0 0 0 1 
0.972776 -0.231748 0 0 0.231748 0.972776 0 0 0 0 1 0 0 0 0 1 
0.97237 -0.233445 0 0 0.233445 0.97237 0 0 0 0 1 0 0 0 0 1 
0.971961 -0.235142 0 0 0.235142 0.971961 0 0 0 0 1 0 0 0 0 1 
0.971549 -0.236838 0 0 0.236838 0.971549 0 0 0 0 1 0 0 0 0 1 
0.971134 -0.238533 0 0 0.238533 0.971134 0 0 0 0 1 0 0 0 0 1 
0.970716 -0.240228 0 0 0.240228 0.970716 0 0 0 0 1 0 0 0 0 1 
0.970296 -0.241922 0 0 0.241922 0.970296 0 0 0 0 1 0 0 0 0 1 
0.969872 -0.243615 0 0 0.243615 0.969872 0 0 0 0 1 0 0 0 0 1 
0.969445 -0.245307 0 0 0.245307 0.969445 0 0 0 0 1 0 0 0 0 1 
0.969016 -0.246999 0 0 0.246999 0.969016 0 0 0 0 1 0 0 0 0 1 
0.968583 -0.24869 0 0 0.24869 0.968583 0 0 0 0 1 0 0 0 0 1 
0.968148 -0.25038 0 0 0.25038 0.968148 0 0 0 0 1 0 0 0 0 1 
0.967709 -0.252069 0 0 0.252069 0.967709 0 0 0 0 1 0 0 0 0 1 
0.967268 -0.253758 0 0 0.253758 0.967268 0 0 0 0 1 0 0 0 0 1 
0.966823 -0.255446 0 0 0.255446 0.966823 0 0 0 0 1 0 0 0 0 1 
0.966376 -0.257133 0 0 0.257133 0.966376 0 0 0 0 1 0 0 0 0 1 
0.965926 -0.258819 0 0 0.258819 0.965926 0 0 0 0 1 0 0 0 0 1 
0.965473 -0.260504 0 0 0.260504 0.965473 0 0 0 0 1 0 0 0 0 1 
0.965017 -0.262189 0 0 0.262189 0.965017 0 0 0 0 1 0 0 0 0 1 
0.964557 -0.263873 0 0 0.263873 0.964557 0 0 0 0 1 0 0 0 0 1 
0.964095 -0.265556 0 0 0.265556 0.964095 0 0 0 0 1 0 0 0 0 1 
0.963631 -0.267238 0 0 0.267238 0.963631 0 0 0 0 1 0 0 0 0 1 
0.963163 -0.268919 0 0 0.268919 0.963163 0 0 0 0 1 0 0 0 0 1 
0.962692 -0.2706 0 0 0.2706 0.962692 0 0 0 0 1 0 0 0 0 1 
0.962218 -0.27228 0 0 0.27228 0.962218 0 0 0 0 1 0 0 0 0 1 
0.961741 -0.273959 0 0 0.273959 0.961741 0 0 0 0 1 0 0 0 0 1 
0.961262 -0.275637 0 0 0.275637 0.961262 0 0 0 0 1 0 0 0 0 1 
0.960779 -0.277314 0 0 0.277314 0.960779 0 0 0 0 1 0 0 0 0 1 
0.960294 -0.278991 0 0 0.278991 0.960294 0 0 0 0 1 0 0 0 0 1 
0.959805 -0.280666 0 0 0.280666 0.959805 0 0 0 0 1 0 0 0 0 1 
0.959314 -0.282341 0 0 0.282341 0.959314 0 0 0 0 1 0 0 0 0 1 
0.95882 -0.284015 0 0 0.284015 0.95882 0 0 0 0 1 0 0 0 0 1 
0.958323 -0.285688 0 0 0.285688 0.958323 0 0 0 0 1 0 0 0 0 1 
0.957823 -0.28736 0 0 0.28736 0.957823 0 0 0 0 1 0 0 0 0 1 
0.957319 -0.289032 0 0 0.289032 0.957319 0 0 0 0 1 0 0 0 0 1 
0.956814 -0.290702 0 0 0.290702 0.956814 0 0 0 0 1 0 0 0 0 1 
0.956305 -0.292372 0 0 0.292372 0.956305 0 0 0 0 1 0 0 0 0 1 
0.955793 -0.294041 0 0 0.294041 0.955793 0 0 0 0 1 0 0 0 0 1 
0.955278 -0.295708 0 0 0.295708 0.955278 0 0 0 0 1 0 0 0 0 1 
0.954761 -0.297375 0 0 0.297375 0.954761 0 0 0 0 1 0 0 0 0 1 
0.95424 -0.299041 0 0 0.299041 0.95424 0 0 0 0 1 0 0 0 0 1 
0.953717 -0.300706 0 0 0.300706 0.953717 0 0 0 0 1 0 0 0 0 1 
0.953191 -0.30237 0 0 0.30237 0.953191 0 0 0 0 1 0 0 0 0 1 
0.952661 -0.304033 0 0 0.304033 0.952661 0 0 0 0 1 0 0 0 0 1 
0.952129 -0.305695 0 0 0.305695 0.952129 0 0 0 0 1 0 0 0 0 1 
0.951594 -0.307357 0 0 0.307357 0.951594 0 0 0 0 1 0 0 0 0 1 
0.951057 -0.309017 0 0 0.309017 0.951057 0 0 0 0 1 0 0 0 0 1 
0.950516 -0.310676 0 0 0.310676 0.950516 0 0 0 0 1 0 0 0 0 1 
0.949972 -0.312335 0 0 0.312335 0.949972 0 0 0 0 1 0 0 0 0 1 
0.949425 -0.313993 0 0 0.313993 0.949425 0 0 0 0 1 0 0 0 0 1 
0.948876 -0.315649 0 0 0.315649 0.948876 0 0 0 0 1 0 0 0 0 1 
0.948324 -0.317305 0 0 0.317305 0.948324 0 0 0 0 1 0 0 0 0 1 
0.947768 -0.31896 0 0 0.31896 0.947768 0 0 0 0 1 0 0 0 0 1 
0.94721 -0.320613 0 0 0.320613 0.94721 0 0 0 0 1 0 0 0 0 1 
0.946649 -0.322266 0 0 0.322266 0.946649 0 0 0 0 1 0 0 0 0 1 
0.946085 -0.323917 0 0 0.323917 0.946085 0 0 0 0 1 0 0 0 0 1 
0.945519 -0.325568 0 0 0.325568 0.945519 0 0 0 0 1 0 0 0 0 1 
0.944949 -0.327218 0 0 0.327218 0.944949 0 0 0 0 1 0 0 0 0 1 
0.944376 -0.328867 0 0 0.328867 0.944376 0 0 0 0 1 0 0 0 0 1 
0.943801 -0.330514 0 0 0.330514 0.943801 0 0 0 0 1 0 0 0 0 1 
0.943223 -0.332161 0 0 0.332161 0.943223 0 0 0 0 1 0 0 0 0 1 
0.942641 -0.333807 0 0 0.333807 0.942641 0 0 0 0 1 0 0 0 0 1 
0.942057 -0.335452 0 0 0.335452 0.942057 0 0 0 0 1 0 0 0 0 1 
0.941471 -0.337095 0 0 0.337095 0.941471 0 0 0 0 1 0 0 0 0 1 
0.940881 -0.338738 0 0 0.338738 0.940881 0 0 0 0 1 0 0 0 0 1 
0.940288 -0.340379 0 0 0.340379 0.940288 0 0 0 0 1 0 0 0 0 1 
0.939693 -0.34202 0 0 0.34202 0.939693 0 0 0 0 1 0 0 0 0 1 
0.939094 -0.34366 0 0 0.34366 0.939094 0 0 0 0 1 0 0 0 0 1 
0.938493 -0.345298 0 0 0.345298 0.938493 0 0 0 0 1 0 0 0 0 1 
0.937889 -0.346935 0 0 0.346935 0.937889 0 0 0 0 1 0 0 0 0 1 
0.937282 -0.348572 0 0 0.348572 0.937282 0 0 0 0 1 0 0 0 0 1 
0.936672 -0.350207 0 0 0.350207 0.936672 0 0 0 0 1 0 0 0 0 1 
0.93606 -0.351841 0 0 0.351841 0.93606 0 0 0 0 1 0 0 0 0 1 
0.935444 -0.353475 0 0 0.353475 0.935444 0 0 0 0 1 0 0 0 0 1 
0.934826 -0.355107 0 0 0.355107 0.934826 0 0 0 0 1 0 0 0 0 1 
0.934204 -0.356738 0 0 0.356738 0.934204 0 0 0 0 1 0 0 0 0 1 
0.93358 -0.358368 0 0 0.358368 0.93358 0 0 0 0 1 0 0 0 0 1 
0.932954 -0.359997 0 0 0.359997 0.932954 0 0 0 0 1 0 0 0 0 1 
0.932324 -0.361625 0 0 0.361625 0.932324 0 0 0 0 1 0 0 0 0 1 
0.931691 -0.363251 0 0 0.363251 0.931691 0 0 0 0 1 0 0 0 0 1 
0.931056 -0.364877 0 0 0.364877 0.931056 0 0 0 0 1 0 0 0 0 1 
0.930418 -0.366501 0 0 0.366501 0.930418 0 0 0 0 1 0 0 0 0 1 
0.929777 -0.368124 0 0 0.368124 0.929777 0 0 0 0 1 0 0 0 0 1 
0.929133 -0.369747 0 0 0.369747 0.929133 0 0 0 0 1 0 0 0 0 1 
0.928486 -0.371368 0 0 0.371368 0.928486 0 0 0 0 1 0 0 0 0 1 
0.927836 -0.372988 0 0 0.372988 0.927836 0 0 0 0 1 0 0 0 0 1 
0.927184 -0.374607 0 0 0.374607 0.927184 0 0 0 0 1 0 0 0 0 1 
0.926529 -0.376224 0 0 0.376224 0.926529 0 0 0 0 1 0 0 0 0 1 
0.925871 -0.377841 0 0 0.377841 0.925871 0 0 0 0 1 0 0 0 0 1 
0.92521 -0.379456 0 0 0.379456 0.92521 0 0 0 0 1 0 0 0 0 1 
0.924546 -0.38107 0 0 0.38107 0.924546 0 0 0 0 1 0 0 0 0 1 
0.92388 -0.382683 0 0 0.382683 0.92388 0 0 0 0 1 0 0 0 0 1 
0.92321 -0.384295 0 0 0.384295 0.92321 0 0 0 0 1 0 0 0 0 1 
0.922538 -0.385906 0 0 0.385906 0.922538 0 0 0 0 1 0 0 0 0 1 
0.921863 -0.387515 0 0 0.387515 0.921863 0 0 0 0 1 0 0 0 0 1 
0.921185 -0.389124 0 0 0.389124 0.921185 0 0 0 0 1 0 0 0 0 1 
0.920505 -0.390731 0 0 0.390731 0.920505 0 0 0 0 1 0 0 0 0 1 
0.919822 -0.392337 0 0 0.392337 0.919822 0 0 0 0 1 0 0 0 0 1 
0.919135 -0.393942 0 0 0.393942 0.919135 0 0 0 0 1 0 0 0 0 1 
0.918446 -0.395545 0 0 0.395545 0.918446 0 0 0 0 1 0 0 0 0 1 
0.917755 -0.397148 0 0 0.397148 0.917755 0 0 0 0 1 0 0 0 0 1 
0.91706 -0.398749 0 0 0.398749 0.91706 0 0 0 0 1 0 0 0 0 1 
0.916363 -0.400349 0 0 0.400349 0.916363 0 0 0 0 1 0 0 0 0 1 
0.915663 -0.401948 0 0 0.401948 0.915663 0 0 0 0 1 0 0 0 0 1 
0.91496 -0.403546 0 0 0.403546 0.91496 0 0 0 0 1 0 0 0 0 1 
0.914254 -0.405142 0 0 0.405142 0.914254 0 0 0 0 1 0 0 0 0 1 
0.913545 -0.406737 0 0 0.406737 0.913545 0 0 0 0 1 0 0 0 0 1 
0.912834 -0.408331 0 0 0.408331 0.912834 0 0 0 0 1 0 0 0 0 1 
0.91212 -0.409923 0 0 0.409923 0.91212 0 0 0 0 1 0 0 0 0 1 
0.911403 -0.411514 0 0 0.411514 0.911403 0 0 0 0 1 0 0 0 0 1 
0.910684 -0.413104 0 0 0.413104 0.910684 0 0 0 0 1 0 0 0 0 1 
0.909961 -0.414693 0 0 0.414693 0.909961 0 0 0 0 1 0 0 0 0 1 
0.909236 -0.416281 0 0 0.416281 0.909236 0 0 0 0 1 0 0 0 0 1 
0.908508 -0.417867 0 0 0.417867 0.908508 0 0 0 0 1 0 0 0 0 1 
0.907778 -0.419452 0 0 0.419452 0.907778 0 0 0 0 1 0 0 0 0 1 
0.907044 -0.421036 0 0 0.421036 0.907044 0 0 0 0 1 0 0 0 0 1 
0.906308 -0.422618 0 0 0.422618 0.906308 0 0 0 0 1 0 0 0 0 1 
0.905569 -0.424199 0 0 0.424199 0.905569 0 0 0 0 1 0 0 0 0 1 
0.904827 -0.425779 0 0 0.425779 0.904827 0 0 0 0 1 0 0 0 0 1 
0.904083 -0.427358 0 0 0.427358 0.904083 0 0 0 0 1 0 0 0 0 1 
0.903335 -0.428935 0 0 0.428935 0.903335 0 0 0 0 1 0 0 0 0 1 
0.902585 -0.430511 0 0 0.430511 0.902585 0 0 0 0 1 0 0 0 0 1 
0.901833 -0.432086 0 0 0.432086 0.901833 0 0 0 0 1 0 0 0 0 1 
0.901077 -0.433659 0 0 0.433659 0.901077 0 0 0 0 1 0 0 0 0 1 
0.900319 -0.435231 0 0 0.435231 0.900319 0 0 0 0 1 0 0 0 0 1 
0.899558 -0.436802 0 0 0.436802 0.899558 0 0 0 0 1 0 0 0 0 1 
0.898794 -0.438371 0 0 0.438371 0.898794 0 0 0 0 1 0 0 0 0 1 
0.898028 -0.439939 0 0 0.439939 0.898028 0 0 0 0 1 0 0 0 0 1 
0.897258 -0.441506 0 0 0.441506 0.897258 0 0 0 0 1 0 0 0 0 1 
0.896486 -0.443071 0 0 0.443071 0.896486 0 0 0 0 1 0 0 0 0 1 
0.895712 -0.444635 0 0 0.444635 0.895712 0 0 0 0 1 0 0 0 0 1 
0.894934 -0.446198 0 0 0.446198 0.894934 0 0 0 0 1 0 0 0 0 1 
0.894154 -0.447759 0 0 0.447759 0.894154 0 0 0 0 1 0 0 0 0 1 
0.893371 -0.449319 0 0 0.449319 0.893371 0 0 0 0 1 0 0 0 0 1 
0.892586 -0.450877 0 0 0.450877 0.892586 0 0 0 0 1 0 0 0 0 1 
0.891798 -0.452434 0 0 0.452434 0.891798 0 0 0 0 1 0 0 0 0 1 
0.891007 -0.45399 0 0 0.45399 0.891007 0 0 0 0 1 0 0 0 0 1 
0.890213 -0.455545 0 0 0.455545 0.890213 0 0 0 0 1 0 0 0 0 1 
0.889416 -0.457098 0 0 0.457098 0.889416 0 0 0 0 1 0 0 0 0 1 
0.888617 -0.45865 0 0 0.45865 0.888617 0 0 0 0 1 0 0 0 0 1 
0.887815 -0.4602 0 0 0.4602 0.887815 0 0 0 0 1 0 0 0 0 1 
0.887011 -0.461749 0 0 0.461749 0.887011 0 0 0 0 1 0 0 0 0 1 
0.886203 -0.463296 0 0 0.463296 0.886203 0 0 0 0 1 0 0 0 0 1 
0.885393 -0.464842 0 0 0.464842 0.885393 0 0 0 0 1 0 0 0 0 1 
0.884581 -0.466387 0 0 0.466387 0.884581 0 0 0 0 1 0 0 0 0 1 
0.883765 -0.46793 0 0 0.46793 0.883765 0 0 0 0 1 0 0 0 0 1 
0.882947 -0.469472 0 0 0.469472 0.882947 0 0 0 0 1 0 0 0 0 1 
0.882127 -0.471012 0 0 0.471012 0.882127 0 0 0 0 1 0 0 0 0 1 
0.881303 -0.472551 0 0 0.472551 0.881303 0 0 0 0 1 0 0 0 0 1 
0.880477 -0.474088 0 0 0.474088 0.880477 0 0 0 0 1 0 0 0 0 1 
0.879648 -0.475624 0 0 0.475624 0.879648 0 0 0 0 1 0 0 0 0 1 
0.878817 -0.477159 0 0 0.477159 0.878817 0 0 0 0 1 0 0 0 0 1 
0.877983 -0.478692 0 0 0.478692 0.877983 0 0 0 0 1 0 0 0 0 1 
0.877146 -0.480224 0 0 0.480224 0.877146 0 0 0 0 1 0 0 0 0 1 
0.876307 -0.481754 0 0 0.481754 0.876307 0 0 0 0 1 0 0 0 0 1 
0.875464 -0.483283 0 0 0.483283 0.875464 0 0 0 0 1 0 0 0 0 1 
0.87462 -0.48481 0 0 0.48481 0.87462 0 0 0 0 1 0 0 0 0 1 
0.873772 -0.486336 0 0 0.486336 0.873772 0 0 0 0 1 0 0 0 0 1 
0.872922 -0.48786 0 0 0.48786 0.872922 0 0 0 0 1 0 0 0 0 1 
0.872069 -0.489383 0 0 0.489383 0.872069 0 0 0 0 1 0 0 0 0 1 
0.871214 -0.490904 0 0 0.490904 0.871214 0 0 0 0 1 0 0 0 0 1 
0.870355 -0.492424 0 0 0.492424 0.870355 0 0 0 0 1 0 0 0 0 1 
0.869495 -0.493942 0 0 0.493942 0.869495 0 0 0 0 1 0 0 0 0 1 
0.868631 -0.495459 0 0 0.495459 0.868631 0 0 0 0 1 0 0 0 0 1 
0.867765 -0.496974 0 0 0.496974 0.867765 0 0 0 0 1 0 0 0 0 1 
0.866897 -0.498488 0 0 0.498488 0.866897 0 0 0 0 1 0 0 0 0 1 
0.866025 -0.5 0 0 0.5 0.866025 0 0 0 0 1 0 0 0 0 1 
0.865151 -0.501511 0 0 0.501511 0.865151 0 0 0 0 1 0 0 0 0 1 
0.864275 -0.50302 0 0 0.50302 0.864275 0 0 0 0 1 0 0 0 0 1 
0.863396 -0.504527 0 0 0.504527 0.863396 0 0 0 0 1 0 0 0 0 1 
0.862514 -0.506034 0 0 0.506034 0.862514 0 0 0 0 1 0 0 0 0 1 
0.861629 -0.507538 0 0 0.507538 0.861629 0 0 0 0 1 0 0 0 0 1 
0.860742 -0.509041 0 0 0.509041 0.860742 0 0 0 0 1 0 0 0 0 1 
0.859852 -0.510543 0 0 0.510543 0.859852 0 0 0 0 1 0 0 0 0 1 
0.85896 -0.512043 0 0 0.512043 0.85896 0 0 0 0 1 0 0 0 0 1 
0.858065 -0.513541 0 0 0.513541 0.858065 0 0 0 0 1 0 0 0 0 1 
0.857167 -0.515038 0 0 0.515038 0.857167 0 0 0 0 1 0 0 0 0 1 
0.856267 -0.516533 0 0 0.516533 0.856267 0 0 0 0 1 0 0 0 0 1 
0.855364 -0.518027 0 0 0.518027 0.855364 0 0 0 0 1 0 0 0 0 1 
0.854459 -0.519519 0 0 0.519519 0.854459 0 0 0 0 1 0 0 0 0 1 
0.853551 -0.52101 0 0 0.52101 0.853551 0 0 0 0 1 0 0 0 0 1 
0.85264 -0.522499 0 0 0.522499 0.85264 0 0 0 0 1 0 0 0 0 1 
0.851727 -0.523986 0 0 0.523986 0.851727 0 0 0 0 1 0 0 0 0 1 
0.850811 -0.525472 0 0 0.525472 0.850811 0 0 0 0 1 0 0 0 0 1 
0.849893 -0.526956 0 0 0.526956 0.849893 0 0 0 0 1 0 0 0 0 1 
0.848972 -0.528438 0 0 0.528438 0.848972 0 0 0 0 1 0 0 0 0 1 
0.848048 -0.529919 0 0 0.529919 0.848048 0 0 0 0 1 0 0 0 0 1 
0.847122 -0.531398 0 0 0.531398 0.847122 0 0 0 0 1 0 0 0 0 1 
0.846193 -0.532876 0 0 0.532876 0.846193 0 0 0 0 1 0 0 0 0 1 
0.845262 -0.534353 0 0 0.534353 0.845262 0 0 0 0 1 0 0 0 0 1 
0.844328 -0.535827 0 0 0.535827 0.844328 0 0 0 0 1 0 0 0 0 1 
0.843391 -0.5373 0 0 0.5373 0.843391 0 0 0 0 1 0 0 0 0 1 
0.842452 -0.538771 0 0 0.538771 0.842452 0 0 0 0 1 0 0 0 0 1 
0.841511 -0.540241 0 0 0.540241 0.841511 0 0 0 0 1 0 0 0 0 1 
0.840567 -0.541708 0 0 0.541708 0.840567 0 0 0 0 1 0 0 0 0 1 
0.83962 -0.543174 0 0 0.543174 0.83962 0 0 0 0 1 0 0 0 0 1 
0.838671 -0.544639 0 0 0.544639 0.838671 0 0 0 0 1 0 0 0 0 1 
0.837719 -0.546102 0 0 0.546102 0.837719 0 0 0 0 1 0 0 0 0 1 
0.836764 -0.547563 0 0 0.547563 0.836764 0 0 0 0 1 0 0 0 0 1 
0.835807 -0.549023 0 0 0.549023 0.835807 0 0 0 0 1 0 0 0 0 1 
0.834848 -0.550481 0 0 0.550481 0.834848 0 0 0 0 1 0 0 0 0 1 
0.833886 -0.551937 0 0 0.551937 0.833886 0 0 0 0 1 0 0 0 0 1 
0.832921 -0.553392 0 0 0.553392 0.832921 0 0 0 0 1 0 0 0 0 1 
0.831954 -0.554844 0 0 0.554844 0.831954 0 0 0 0 1 0 0 0 0 1 
0.830984 -0.556296 0 0 0.556296 0.830984 0 0 0 0 1 0 0 0 0 1 
0.830012 -0.557745 0 0 0.557745 0.830012 0 0 0 0 1 0 0 0 0 1 
0.829038 -0.559193 0 0 0.559193 0.829038 0 0 0 0 1 0 0 0 0 1 
0.82806 -0.560639 0 0 0.560639 0.82806 0 0 0 0 1 0 0 0 0 1 
0.827081 -0.562083 0 0 0.562083 0.827081 0 0 0 0 1 0 0 0 0 1 
0.826098 -0.563526 0 0 0.563526 0.826098 0 0 0 0 1 0 0 0 0 1 
0.825114 -0.564967 0 0 0.564967 0.825114 0 0 0 0 1 0 0 0 0 1 
0.824126 -0.566406 0 0 0.566406 0.824126 0 0 0 0 1 0 0 0 0 1 
0.823137 -0.567843 0 0 0.567843 0.823137 0 0 0 0 1 0 0 0 0 1 
0.822144 -0.569279 0 0 0.569279 0.822144 0 0 0 0 1 0 0 0 0 1 
0.821149 -0.570713 0 0 0.570713 0.821149 0 0 0 0 1 0 0 0 0 1 
0.820152 -0.572146 0 0 0.572146 0.820152 0 0 0 0 1 0 0 0 0 1 
0.819152 -0.573576 0 0 0.573576 0.819152 0 0 0 0 1 0 0 0 0 1 
0.81815 -0.575005 0 0 0.575005 0.81815 0 0 0 0 1 0 0 0 0 1 
0.817145 -0.576432 0 0 0.576432 0.817145 0 0 0 0 1 0 0 0 0 1 
0.816138 -0.577857 0 0 0.577857 0.816138 0 0 0 0 1 0 0 0 0 1 
0.815128 -0.579281 0 0 0.579281 0.815128 0 0 0 0 1 0 0 0 0 1 
0.814116 -0.580703 0 0 0.580703 0.814116 0 0 0 0 1 0 0 0 0 1 
0.813101 -0.582123 0 0 0.582123 0.813101 0 0 0 0 1 0 0 0 0 1 
0.812084 -0.583541 0 0 0.583541 0.812084 0 0 0 0 1 0 0 0 0 1 
0.811064 -0.584958 0 0 0.584958 0.811064 0 0 0 0 1 0 0 0 0 1 
0.810042 -0.586372 0 0 0.586372 0.810042 0 0 0 0 1 0 0 0 0 1 
0.809017 -0.587785 0 0 0.587785 0.809017 0 0 0 0 1 0 0 0 0 1 
0.80799 -0.589196 0 0 0.589196 0.80799 0 0 0 0 1 0 0 0 0 1 
0.80696 -0.590606 0 0 0.590606 0.80696 0 0 0 0 1 0 0 0 0 1 
0.805928 -0.592013 0 0 0.592013 0.805928 0 0 0 0 1 0 0 0 0 1 
0.804894 -0.593419 0 0 0.593419 0.804894 0 0 0 0 1 0 0 0 0 1 
0.803857 -0.594823 0 0 0.594823 0.803857 0 0 0 0 1 0 0 0 0 1 
0.802817 -0.596225 0 0 0.596225 0.802817 0 0 0 0 1 0 0 0 0 1 
0.801776 -0.597625 0 0 0.597625 0.801776 0 0 0 0 1 0 0 0 0 1 
0.800731 -0.599024 0 0 0.599024 0.800731 0 0 0 0 1 0 0 0 0 1 
0.799685 -0.60042 0 0 0.60042 0.799685 0 0 0 0 1 0 0 0 0 1 
0.798636 -0.601815 0 0 0.601815 0.798636 0 0 0 0 1 0 0 0 0 1 
0.797584 -0.603208 0 0 0.603208 0.797584 0 0 0 0 1 0 0 0 0 1 
0.79653 -0.604599 0 0 0.604599 0.79653 0 0 0 0 1 0 0 0 0 1 
0.795474 -0.605988 0 0 0.605988 0.795474 0 0 0 0 1 0 0 0 0 1 
0.794415 -0.607376 0 0 0.607376 0.794415 0 0 0 0 1 0 0 0 0 1 
0.793354 -0.608761 0 0 0.608761 0.793354 0 0 0 0 1 0 0 0 0 1 
0.79229 -0.610145 0 0 0.610145 0.79229 0 0 0 0 1 0 0 0 0 1 
0.791224 -0.611527 0 0 0.611527 0.791224 0 0 0 0 1 0 0 0 0 1 
0.790155 -0.612907 0 0 0.612907 0.790155 0 0 0 0 1 0 0 0 0 1 
0.789084 -0.614285 0 0 0.614285 0.789084 0 0 0 0 1 0 0 0 0 1 
0.788011 -0.615661 0 0 0.615661 0.788011 0 0 0 0 1 0 0 0 0 1 
0.786935 -0.617036 0 0 0.617036 0.786935 0 0 0 0 1 0 0 0 0 1 
0.785857 -0.618408 0 0 0.618408 0.785857 0 0 0 0 1 0 0 0 0 1 
0.784776 -0.619779 0 0 0.619779 0.784776 0 0 0 0 1 0 0 0 0 1 
0.783693 -0.621148 0 0 0.621148 0.783693 0 0 0 0 1 0 0 0 0 1 
0.782608 -0.622515 0 0 0.622515 0.782608 0 0 0 0 1 0 0 0 0 1 
0.78152 -0.62388 0 0 0.62388 0.78152 0 0 0 0 1 0 0 0 0 1 
0.78043 -0.625243 0 0 0.625243 0.78043 0 0 0 0 1 0 0 0 0 1 
0.779338 -0.626604 0 0 0.626604 0.779338 0 0 0 0 1 0 0 0 0 1 
0.778243 -0.627963 0 0 0.627963 0.778243 0 0 0 0 1 0 0 0 0 1 
0.777146 -0.62932 0 0 0.62932 0.777146 0 0 0 0 1 0 0 0 0 1 
0.776047 -0.630675 0 0 0.630675 0.776047 0 0 0 0 1 0 0 0 0 1 
0.774945 -0.632029 0 0 0.632029 0.774945 0 0 0 0 1 0 0 0 0 1 
0.77384 -0.633381 0 0 0.633381 0.77384 0 0 0 0 1 0 0 0 0 1 
0.772734 -0.63473 0 0 0.63473 0.772734 0 0 0 0 1 0 0 0 0 1 
0.771625 -0.636078 0 0 0.636078 0.771625 0 0 0 0 1 0 0 0 0 1 
0.770513 -0.637424 0 0 0.637424 0.770513 0 0 0 0 1 0 0 0 0 1 
0.7694 -0.638768 0 0 0.638768 0.7694 0 0 0 0 1 0 0 0 0 1 
0.768283 -0.64011 0 0 0.64011 0.768283 0 0 0 0 1 0 0 0 0 1 
0.767165 -0.64145 0 0 0.64145 0.767165 0 0 0 0 1 0 0 0 0 1 
0.766044 -0.642788 0 0 0.642788 0.766044 0 0 0 0 1 0 0 0 0 1 
0.764921 -0.644124 0 0 0.644124 0.764921 0 0 0 0 1 0 0 0 0 1 
0.763796 -0.645458 0 0 0.645458 0.763796 0 0 0 0 1 0 0 0 0 1 
0.762668 -0.64679 0 0 0.64679 0.762668 0 0 0 0 1 0 0 0 0 1 
0.761538 -0.64812 0 0 0.64812 0.761538 0 0 0 0 1 0 0 0 0 1 
0.760406 -0.649448 0 0 0.649448 0.760406 0 0 0 0 1 0 0 0 0 1 
0.759271 -0.650774 0 0 0.650774 0.759271 0 0 0 0 1 0 0 0 0 1 
0.758134 -0.652098 0 0 0.652098 0.758134 0 0 0 0 1 0 0 0 0 1 
0.756995 -0.653421 0 0 0.653421 0.756995 0 0 0 0 1 0 0 0 0 1 
0.755854 -0.654741 0 0 0.654741 0.755854 0 0 0 0 1 0 0 0 0 1 
0.75471 -0.656059 0 0 0.656059 0.75471 0 0 0 0 1 0 0 0 0 1 
0.753563 -0.657375 0 0 0.657375 0.753563 0 0 0 0 1 0 0 0 0 1 
0.752415 -0.658689 0 0 0.658689 0.752415 0 0 0 0 1 0 0 0 0 1 
0.751264 -0.660002 0 0 0.660002 0.751264 0 0 0 0 1 0 0 0 0 1 
0.750111 -0.661312 0 0 0.661312 0.750111 0 0 0 0 1 0 0 0 0 1 
0.748956 -0.66262 0 0 0.66262 0.748956 0 0 0 0 1 0 0 0 0 1 
0.747798 -0.663926 0 0 0.663926 0.747798 0 0 0 0 1 0 0 0 0 1 
0.746638 -0.66523 0 0 0.66523 0.746638 0 0 0 0 1 0 0 0 0 1 
0.745476 -0.666533 0 0 0.666533 0.745476 0 0 0 0 1 0 0 0 0 1 
0.744311 -0.667833 0 0 0.667833 0.744311 0 0 0 0 1 0 0 0 0 1 
0.743145 -0.669131 0 0 0.669131 0.743145 0 0 0 0 1 0 0 0 0 1 
0.741976 -0.670427 0 0 0.670427 0.741976 0 0 0 0 1 0 0 0 0 1 
0.740804 -0.671721 0 0 0.671721 0.740804 0 0 0 0 1 0 0 0 0 1 
0.739631 -0.673013 0 0 0.673013 0.739631 0 0 0 0 1 0 0 0 0 1 
0.738455 -0.674302 0 0 0.674302 0.738455 0 0 0 0 1 0 0 0 0 1 
0.737277 -0.67559 0 0 0.67559 0.737277 0 0 0 0 1 0 0 0 0 1 
0.736097 -0.676876 0 0 0.676876 0.736097 0 0 0 0 1 0 0 0 0 1 
0.734915 -0.678159 0 0 0.678159 0.734915 0 0 0 0 1 0 0 0 0 1 
0.73373 -0.679441 0 0 0.679441 0.73373 0 0 0 0 1 0 0 0 0 1 
0.732543 -0.680721 0 0 0.680721 0.732543 0 0 0 0 1 0 0 0 0 1 
0.731354 -0.681998 0 0 0.681998 0.731354 0 0 0 0 1 0 0 0 0 1 
0.730162 -0.683274 0 0 0.683274 0.730162 0 0 0 0 1 0 0 0 0 1 
0.728969 -0.684547 0 0 0.684547 0.728969 0 0 0 0 1 0 0 0 0 1 
0.727773 -0.685818 0 0 0.685818 0.727773 0 0 0 0 1 0 0 0 0 1 
0.726574 -0.687088 0 0 0.687088 0.726574 0 0 0 0 1 0 0 0 0 1 
0.725374 -0.688355 0 0 0.688355 0.725374 0 0 0 0 1 0 0 0 0 1 
0.724172 -0.68962 0 0 0.68962 0.724172 0 0 0 0 1 0 0 0 0 1 
0.722967 -0.690883 0 0 0.690883 0.722967 0 0 0 0 1 0 0 0 0 1 
0.72176 -0.692143 0 0 0.692143 0.72176 0 0 0 0 1 0 0 0 0 1 
0.720551 -0.693402 0 0 0.693402 0.720551 0 0 0 0 1 0 0 0 0 1 
0.71934 -0.694658 0 0 0.694658 0.71934 0 0 0 0 1 0 0 0 0 1 
0.718127 -0.695912 0 0 0.695912 0.718127 0 0 0 0 1 0 0 0 0 1 
0.716911 -0.697165 0 0 0.697165 0.716911 0 0 0 0 1 0 0 0 0 1 
0.715693 -0.698415 0 0 0.698415 0.715693 0 0 0 0 1 0 0 0 0 1 
0.714473 -0.699663 0 0 0.699663 0.714473 0 0 0 0 1 0 0 0 0 1 
0.713251 -0.700909 0 0 0.700909 0.713251 0 0 0 0 1 0 0 0 0 1 
0.712026 -0.702153 0 0 0.702153 0.712026 0 0 0 0 1 0 0 0 0 1 
0.710799 -0.703395 0 0 0.703395 0.710799 0 0 0 0 1 0 0 0 0 1 
0.709571 -0.704634 0 0 0.704634 0.709571 0 0 0 0 1 0 0 0 0 1 
0.70834 -0.705872 0 0 0.705872 0.70834 0 0 0 0 1 0 0 0 0 1 
0.707107 -0.707107 0 0 0.707107 0.707107 0 0 0 0 1 0 0 0 0 1 
0.705872 -0.70834 0 0 0.70834 0.705872 0 0 0 0 1 0 0 0 0 1 
0.704634 -0.709571 0 0 0.709571 0.704634 0 0 0 0 1 0 0 0 0 1 
0.703395 -0.710799 0 0 0.710799 0.703395 0 0 0 0 1 0 0 0 0 1 
0.702153 -0.712026 0 0 0.712026 0.702153 0 0 0 0 1 0 0 0 0 1 
0.70091 -0.71325 0 0 0.71325 0.70091 0 0 0 0 1 0 0 0 0 1 
0.699664 -0.714472 0 0 0.714472 0.699664 0 0 0 0 1 0 0 0 0 1 
0.698415 -0.715693 0 0 0.715693 0.698415 0 0 0 0 1 0 0 0 0 1 
0.697165 -0.716911 0 0 0.716911 0.697165 0 0 0 0 1 0 0 0 0 1 
0.695913 -0.718126 0 0 0.718126 0.695913 0 0 0 0 1 0 0 0 0 1 
0.694658 -0.71934 0 0 0.71934 0.694658 0 0 0 0 1 0 0 0 0 1 
0.693402 -0.720551 0 0 0.720551 0.693402 0 0 0 0 1 0 0 0 0 1 
0.692143 -0.72176 0 0 0.72176 0.692143 0 0 0 0 1 0 0 0 0 1 
0.690883 -0.722967 0 0 0.722967 0.690883 0 0 0 0 1 0 0 0 0 1 
0.68962 -0.724172 0 0 0.724172 0.68962 0 0 0 0 1 0 0 0 0 1 
0.688355 -0.725374 0 0 0.725374 0.688355 0 0 0 0 1 0 0 0 0 1 
0.687088 -0.726574 0 0 0.726574 0.687088 0 0 0 0 1 0 0 0 0 1 
0.685818 -0.727773 0 0 0.727773 0.685818 0 0 0 0 1 0 0 0 0 1 
0.684547 -0.728969 0 0 0.728969 0.684547 0 0 0 0 1 0 0 0 0 1 
0.683274 -0.730162 0 0 0.730162 0.683274 0 0 0 0 1 0 0 0 0 1 
0.681998 -0.731354 0 0 0.731354 0.681998 0 0 0 0 1 0 0 0 0 1 
0.680721 -0.732543 0 0 0.732543 0.680721 0 0 0 0 1 0 0 0 0 1 
0.679441 -0.73373 0 0 0.73373 0.679441 0 0 0 0 1 0 0 0 0 1 
0.67816 -0.734915 0 0 0.734915 0.67816 0 0 0 0 1 0 0 0 0 1 
0.676876 -0.736097 0 0 0.736097 0.676876 0 0 0 0 1 0 0 0 0 1 
0.67559 -0.737277 0 0 0.737277 0.67559 0 0 0 0 1 0 0 0 0 1 
0.674303 -0.738455 0 0 0.738455 0.674303 0 0 0 0 1 0 0 0 0 1 
0.673013 -0.739631 0 0 0.739631 0.673013 0 0 0 0 1 0 0 0 0 1 
0.671721 -0.740805 0 0 0.740805 0.671721 0 0 0 0 1 0 0 0 0 1 
0.670427 -0.741976 0 0 0.741976 0.670427 0 0 0 0 1 0 0 0 0 1 
0.669131 -0.743145 0 0 0.743145 0.669131 0 0 0 0 1 0 0 0 0 1 
0.667832 -0.744312 0 0 0.744312 0.667832 0 0 0 0 1 0 0 0 0 1 
0.666532 -0.745476 0 0 0.745476 0.666532 0 0 0 0 1 0 0 0 0 1 
0.66523 -0.746638 0 0 0.746638 0.66523 0 0 0 0 1 0 0 0 0 1 
0.663926 -0.747798 0 0 0.747798 0.663926 0 0 0 0 1 0 0 0 0 1 
0.66262 -0.748956 0 0 0.748956 0.66262 0 0 0 0 1 0 0 0 0 1 
0.661312 -0.750111 0 0 0.750111 0.661312 0 0 0 0 1 0 0 0 0 1 
0.660001 -0.751264 0 0 0.751264 0.660001 0 0 0 0 1 0 0 0 0 1 
0.658689 -0.752415 0 0 0.752415 0.658689 0 0 0 0 1 0 0 0 0 1 
0.657375 -0.753564 0 0 0.753564 0.657375 0 0 0 0 1 0 0 0 0 1 
0.656059 -0.75471 0 0 0.75471 0.656059 0 0 0 0 1 0 0 0 0 1 
0.654741 -0.755854 0 0 0.755854 0.654741 0 0 0 0 1 0 0 0 0 1 
0.65342 -0.756995 0 0 0.756995 0.65342 0 0 0 0 1 0 0 0 0 1 
0.652098 -0.758134 0 0 0.758134 0.652098 0 0 0 0 1 0 0 0 0 1 
0.650774 -0.759271 0 0 0.759271 0.650774 0 0 0 0 1 0 0 0 0 1 
0.649448 -0.760406 0 0 0.760406 0.649448 0 0 0 0 1 0 0 0 0 1 
0.64812 -0.761538 0 0 0.761538 0.64812 0 0 0 0 1 0 0 0 0 1 
0.64679 -0.762668 0 0 0.762668 0.64679 0 0 0 0 1 0 0 0 0 1 
0.645458 -0.763796 0 0 0.763796 0.645458 0 0 0 0 1 0 0 0 0 1 
0.644124 -0.764921 0 0 0.764921 0.644124 0 0 0 0 1 0 0 0 0 1 
0.642788 -0.766044 0 0 0.766044 0.642788 0 0 0 0 1 0 0 0 0 1 
0.64145 -0.767165 0 0 0.767165 0.64145 0 0 0 0 1 0 0 0 0 1 
0.64011 -0.768283 0 0 0.768283 0.64011 0 0 0 0 1 0 0 0 0 1 
0.638768 -0.7694 0 0 0.7694 0.638768 0 0 0 0 1 0 0 0 0 1 
0.637424 -0.770513 0 0 0.770513 0.637424 0 0 0 0 1 0 0 0 0 1 
0.636078 -0.771625 0 0 0.771625 0.636078 0 0 0 0 1 0 0 0 0 1 
0.63473 -0.772734 0 0 0.772734 0.63473 0 0 0 0 1 0 0 0 0 1 
0.633381 -0.77384 0 0 0.77384 0.633381 0 0 0 0 1 0 0 0 0 1 
0.632029 -0.774945 0 0 0.774945 0.632029 0 0 0 0 1 0 0 0 0 1 
0.630676 -0.776047 0 0 0.776047 0.630676 0 0 0 0 1 0 0 0 0 1 
0.62932 -0.777146 0 0 0.777146 0.62932 0 0 0 0 1 0 0 0 0 1 
0.627963 -0.778243 0 0 0.778243 0.627963 0 0 0 0 1 0 0 0 0 1 
0.626604 -0.779338 0 0 0.779338 0.626604 0 0 0 0 1 0 0 0 0 1 
0.625243 -0.78043 0 0 0.78043 0.625243 0 0 0 0 1 0 0 0 0 1 
0.62388 -0.78152 0 0 0.78152 0.62388 0 0 0 0 1 0 0 0 0 1 
0.622515 -0.782608 0 0 0.782608 0.622515 0 0 0 0 1 0 0 0 0 1 
0.621148 -0.783693 0 0 0.783693 0.621148 0 0 0 0 1 0 0 0 0 1 
0.619779 -0.784776 0 0 0.784776 0.619779 0 0 0 0 1 0 0 0 0 1 
0.618408 -0.785857 0 0 0.785857 0.618408 0 0 0 0 1 0 0 0 0 1 
0.617036 -0.786935 0 0 0.786935 0.617036 0 0 0 0 1 0 0 0 0 1 
0.615661 -0.788011 0 0 0.788011 0.615661 0 0 0 0 1 0 0 0 0 1 
0.614285 -0.789084 0 0 0.789084 0.614285 0 0 0 0 1 0 0 0 0 1 
0.612907 -0.790155 0 0 0.790155 0.612907 0 0 0 0 1 0 0 0 0 1 
0.611527 -0.791224 0 0 0.791224 0.611527 0 0 0 0 1 0 0 0 0 1 
0.610145 -0.792289 0 0 0.792289 0.610145 0 0 0 0 1 0 0 0 0 1 
0.608762 -0.793353 0 0 0.793353 0.608762 0 0 0 0 1 0 0 0 0 1 
0.607376 -0.794414 0 0 0.794414 0.607376 0 0 0 0 1 0 0 0 0 1 
0.605988 -0.795473 0 0 0.795473 0.605988 0 0 0 0 1 0 0 0 0 1 
0.604599 -0.79653 0 0 0.79653 0.604599 0 0 0 0 1 0 0 0 0 1 
0.603208 -0.797584 0 0 0.797584 0.603208 0 0 0 0 1 0 0 0 0 1 
0.601815 -0.798636 0 0 0.798636 0.601815 0 0 0 0 1 0 0 0 0 1 
0.60042 -0.799685 0 0 0.799685 0.60042 0 0 0 0 1 0 0 0 0 1 
0.599023 -0.800732 0 0 0.800732 0.599023 0 0 0 0 1 0 0 0 0 1 
0.597625 -0.801776 0 0 0.801776 0.597625 0 0 0 0 1 0 0 0 0 1 
0.596225 -0.802818 0 0 0.802818 0.596225 0 0 0 0 1 0 0 0 0 1 
0.594823 -0.803857 0 0 0.803857 0.594823 0 0 0 0 1 0 0 0 0 1 
0.593419 -0.804894 0 0 0.804894 0.593419 0 0 0 0 1 0 0 0 0 1 
0.592013 -0.805928 0 0 0.805928 0.592013 0 0 0 0 1 0 0 0 0 1 
0.590606 -0.80696 0 0 0.80696 0.590606 0 0 0 0 1 0 0 0 0 1 
0.589196 -0.80799 0 0 0.80799 0.589196 0 0 0 0 1 0 0 0 0 1 
0.587785 -0.809017 0 0 0.809017 0.587785 0 0 0 0 1 0 0 0 0 1 
0.586372 -0.810042 0 0 0.810042 0.586372 0 0 0 0 1 0 0 0 0 1 
0.584957 -0.811064 0 0 0.811064 0.584957 0 0 0 0 1 0 0 0 0 1 
0.583541 -0.812084 0 0 0.812084 0.583541 0 0 0 0 1 0 0 0 0 1 
0.582123 -0.813101 0 0 0.813101 0.582123 0 0 0 0 1 0 0 0 0 1 
0.580702 -0.814116 0 0 0.814116 0.580702 0 0 0 0 1 0 0 0 0 1 
0.579281 -0.815128 0 0 0.815128 0.579281 0 0 0 0 1 0 0 0 0 1 
0.577857 -0.816138 0 0 0.816138 0.577857 0 0 0 0 1 0 0 0 0 1 
0.576432 -0.817145 0 0 0.817145 0.576432 0 0 0 0 1 0 0 0 0 1 
0.575005 -0.81815 0 0 0.81815 0.575005 0 0 0 0 1 0 0 0 0 1 
0.573576 -0.819152 0 0 0.819152 0.573576 0 0 0 0 1 0 0 0 0 1 
0.572146 -0.820152 0 0 0.820152 0.572146 0 0 0 0 1 0 0 0 0 1 
0.570714 -0.821149 0 0 0.821149 0.570714 0 0 0 0 1 0 0 0 0 1 
0.56928 -0.822144 0 0 0.822144 0.56928 0 0 0 0 1 0 0 0 0 1 
0.567844 -0.823136 0 0 0.823136 0.567844 0 0 0 0 1 0 0 0 0 1 
0.566406 -0.824126 0 0 0.824126 0.566406 0 0 0 0 1 0 0 0 0 1 
0.564967 -0.825113 0 0 0.825113 0.564967 0 0 0 0 1 0 0 0 0 1 
0.563526 -0.826098 0 0 0.826098 0.563526 0 0 0 0 1 0 0 0 0 1 
0.562083 -0.827081 0 0 0.827081 0.562083 0 0 0 0 1 0 0 0 0 1 
0.560639 -0.828061 0 0 0.828061 0.560639 0 0 0 0 1 0 0 0 0 1 
0.559192 -0.829038 0 0 0.829038 0.559192 0 0 0 0 1 0 0 0 0 1 
0.557745 -0.830013 0 0 0.830013 0.557745 0 0 0 0 1 0 0 0 0 1 
0.556295 -0.830985 0 0 0.830985 0.556295 0 0 0 0 1 0 0 0 0 1 
0.554844 -0.831954 0 0 0.831954 0.554844 0 0 0 0 1 0 0 0 0 1 
0.553391 -0.832921 0 0 0.832921 0.553391 0 0 0 0 1 0 0 0 0 1 
0.551937 -0.833886 0 0 0.833886 0.551937 0 0 0 0 1 0 0 0 0 1 
0.550481 -0.834848 0 0 0.834848 0.550481 0 0 0 0 1 0 0 0 0 1 
0.549023 -0.835808 0 0 0.835808 0.549023 0 0 0 0 1 0 0 0 0 1 
0.547563 -0.836765 0 0 0.836765 0.547563 0 0 0 0 1 0 0 0 0 1 
0.546102 -0.837719 0 0 0.837719 0.546102 0 0 0 0 1 0 0 0 0 1 
0.544639 -0.838671 0 0 0.838671 0.544639 0 0 0 0 1 0 0 0 0 1 
0.543174 -0.83962 0 0 0.83962 0.543174 0 0 0 0 1 0 0 0 0 1 
0.541708 -0.840567 0 0 0.840567 0.541708 0 0 0 0 1 0 0 0 0 1 
0.540241 -0.841511 0 0 0.841511 0.540241 0 0 0 0 1 0 0 0 0 1 
0.538771 -0.842452 0 0 0.842452 0.538771 0 0 0 0 1 0 0 0 0 1 
0.5373 -0.843391 0 0 0.843391 0.5373 0 0 0 0 1 0 0 0 0 1 
0.535827 -0.844328 0 0 0.844328 0.535827 0 0 0 0 1 0 0 0 0 1 
0.534353 -0.845262 0 0 0.845262 0.534353 0 0 0 0 1 0 0 0 0 1 
0.532877 -0.846193 0 0 0.846193 0.532877 0 0 0 0 1 0 0 0 0 1 
0.531399 -0.847122 0 0 0.847122 0.531399 0 0 0 0 1 0 0 0 0 1 
0.529919 -0.848048 0 0 0.848048 0.529919 0 0 0 0 1 0 0 0 0 1 
0.528438 -0.848972 0 0 0.848972 0.528438 0 0 0 0 1 0 0 0 0 1 
0.526956 -0.849893 0 0 0.849893 0.526956 0 0 0 0 1 0 0 0 0 1 
0.525472 -0.850811 0 0 0.850811 0.525472 0 0 0 0 1 0 0 0 0 1 
0.523986 -0.851727 0 0 0.851727 0.523986 0 0 0 0 1 0 0 0 0 1 
0.522499 -0.85264 0 0 0.85264 0.522499 0 0 0 0 1 0 0 0 0 1 
0.52101 -0.853551 0 0 0.853551 0.52101 0 0 0 0 1 0 0 0 0 1 
0.519519 -0.854459 0 0 0.854459 0.519519 0 0 0 0 1 0 0 0 0 1 
0.518027 -0.855364 0 0 0.855364 0.518027 0 0 0 0 1 0 0 0 0 1 
0.516534 -0.856267 0 0 0.856267 0.516534 0 0 0 0 1 0 0 0 0 1 
0.515038 -0.857167 0 0 0.857167 0.515038 0 0 0 0 1 0 0 0 0 1 
0.513541 -0.858065 0 0 0.858065 0.513541 0 0 0 0 1 0 0 0 0 1 
0.512043 -0.85896 0 0 0.85896 0.512043 0 0 0 0 1 0 0 0 0 1 
0.510543 -0.859852 0 0 0.859852 0.510543 0 0 0 0 1 0 0 0 0 1 
0.509041 -0.860742 0 0 0.860742 0.509041 0 0 0 0 1 0 0 0 0 1 
0.507538 -0.861629 0 0 0.861629 0.507538 0 0 0 0 1 0 0 0 0 1 
0.506034 -0.862514 0 0 0.862514 0.506034 0 0 0 0 1 0 0 0 0 1 
0.504528 -0.863395 0 0 0.863395 0.504528 0 0 0 0 1 0 0 0 0 1 
0.50302 -0.864275 0 0 0.864275 0.50302 0 0 0 0 1 0 0 0 0 1 
0.501511 -0.865151 0 0 0.865151 0.501511 0 0 0 0 1 0 0 0 0 1 
0.5 -0.866025 0 0 0.866025 0.5 0 0 0 0 1 0 0 0 0 1 
0.498488 -0.866896 0 0 0.866896 0.498488 0 0 0 0 1 0 0 0 0 1 
0.496974 -0.867765 0 0 0.867765 0.496974 0 0 0 0 1 0 0 0 0 1 
0.495459 -0.868632 0 0 0.868632 0.495459 0 0 0 0 1 0 0 0 0 1 
0.493942 -0.869495 0 0 0.869495 0.493942 0 0 0 0 1 0 0 0 0 1 
0.492423 -0.870356 0 0 0.870356 0.492423 0 0 0 0 1 0 0 0 0 1 
0.490904 -0.871214 0 0 0.871214 0.490904 0 0 0 0 1 0 0 0 0 1 
0.489382 -0.872069 0 0 0.872069 0.489382 0 0 0 0 1 0 0 0 0 1 
0.48786 -0.872922 0 0 0.872922 0.48786 0 0 0 0 1 0 0 0 0 1 
0.486335 -0.873772 0 0 0.873772 0.486335 0 0 0 0 1 0 0 0 0 1 
0.484809 -0.87462 0 0 0.87462 0.484809 0 0 0 0 1 0 0 0 0 1 
0.483282 -0.875465 0 0 0.875465 0.483282 0 0 0 0 1 0 0 0 0 1 
0.481754 -0.876307 0 0 0.876307 0.481754 0 0 0 0 1 0 0 0 0 1 
0.480224 -0.877146 0 0 0.877146 0.480224 0 0 0 0 1 0 0 0 0 1 
0.478692 -0.877983 0 0 0.877983 0.478692 0 0 0 0 1 0 0 0 0 1 
0.477159 -0.878817 0 0 0.878817 0.477159 0 0 0 0 1 0 0 0 0 1 
0.475624 -0.879649 0 0 0.879649 0.475624 0 0 0 0 1 0 0 0 0 1 
0.474088 -0.880477 0 0 0.880477 0.474088 0 0 0 0 1 0 0 0 0 1 
0.472551 -0.881304 0 0 0.881304 0.472551 0 0 0 0 1 0 0 0 0 1 
0.471012 -0.882127 0 0 0.882127 0.471012 0 0 0 0 1 0 0 0 0 1 
0.469471 -0.882948 0 0 0.882948 0.469471 0 0 0 0 1 0 0 0 0 1 
0.46793 -0.883766 0 0 0.883766 0.46793 0 0 0 0 1 0 0 0 0 1 
0.466386 -0.884581 0 0 0.884581 0.466386 0 0 0 0 1 0 0 0 0 1 
0.464842 -0.885394 0 0 0.885394 0.464842 0 0 0 0 1 0 0 0 0 1 
0.463296 -0.886204 0 0 0.886204 0.463296 0 0 0 0 1 0 0 0 0 1 
0.461749 -0.887011 0 0 0.887011 0.461749 0 0 0 0 1 0 0 0 0 1 
0.4602 -0.887816 0 0 0.887816 0.4602 0 0 0 0 1 0 0 0 0 1 
0.458649 -0.888617 0 0 0.888617 0.458649 0 0 0 0 1 0 0 0 0 1 
0.457097 -0.889417 0 0 0.889417 0.457097 0 0 0 0 1 0 0 0 0 1 
0.455544 -0.890213 0 0 0.890213 0.455544 0 0 0 0 1 0 0 0 0 1 
0.45399 -0.891007 0 0 0.891007 0.45399 0 0 0 0 1 0 0 0 0 1 
0.452434 -0.891798 0 0 0.891798 0.452434 0 0 0 0 1 0 0 0 0 1 
0.450877 -0.892586 0 0 0.892586 0.450877 0 0 0 0 1 0 0 0 0 1 
0.449319 -0.893371 0 0 0.893371 0.449319 0 0 0 0 1 0 0 0 0 1 
0.447759 -0.894154 0 0 0.894154 0.447759 0 0 0 0 1 0 0 0 0 1 
0.446198 -0.894934 0 0 0.894934 0.446198 0 0 0 0 1 0 0 0 0 1 
0.444636 -0.895711 0 0 0.895711 0.444636 0 0 0 0 1 0 0 0 0 1 
0.443071 -0.896486 0 0 0.896486 0.443071 0 0 0 0 1 0 0 0 0 1 
0.441506 -0.897258 0 0 0.897258 0.441506 0 0 0 0 1 0 0 0 0 1 
0.439939 -0.898028 0 0 0.898028 0.439939 0 0 0 0 1 0 0 0 0 1 
0.438371 -0.898794 0 0 0.898794 0.438371 0 0 0 0 1 0 0 0 0 1 
0.436802 -0.899558 0 0 0.899558 0.436802 0 0 0 0 1 0 0 0 0 1 
0.435231 -0.900319 0 0 0.900319 0.435231 0 0 0 0 1 0 0 0 0 1 
0.433659 -0.901077 0 0 0.901077 0.433659 0 0 0 0 1 0 0 0 0 1 
0.432086 -0.901832 0 0 0.901832 0.432086 0 0 0 0 1 0 0 0 0 1 
0.430511 -0.902585 0 0 0.902585 0.430511 0 0 0 0 1 0 0 0 0 1 
0.428935 -0.903335 0 0 0.903335 0.428935 0 0 0 0 1 0 0 0 0 1 
0.427358 -0.904082 0 0 0.904082 0.427358 0 0 0 0 1 0 0 0 0 1 
0.425779 -0.904827 0 0 0.904827 0.425779 0 0 0 0 1 0 0 0 0 1 
0.424199 -0.905569 0 0 0.905569 0.424199 0 0 0 0 1 0 0 0 0 1 
0.422618 -0.906308 0 0 0.906308 0.422618 0 0 0 0 1 0 0 0 0 1 
0.421036 -0.907044 0 0 0.907044 0.421036 0 0 0 0 1 0 0 0 0 1 
