1 1.58659e-05 5.01148e-06 -0.0018647 -1.58659e-05 1 -1.37002e-06 0.000578936 -5.0115e-06 1.36994e-06 1 -0.000509877 0 0 0 1 
1 2.21584e-05 6.99912e-06 -0.00260427 -2.21584e-05 1 -2.18507e-06 0.000816709 -6.99917e-06 2.18492e-06 1 -0.00072126 0 0 0 1 
1 2.84509e-05 8.98675e-06 -0.00334384 -2.84509e-05 1 -3.00014e-06 0.00105448 -8.98684e-06 2.99988e-06 1 -0.000932642 0 0 0 1 
1 3.47435e-05 1.09744e-05 -0.00408341 -3.47434e-05 1 -3.81522e-06 0.00129225 -1.09745e-05 3.81483e-06 1 -0.00114402 0 0 0 1 
1 4.1036e-05 1.2962e-05 -0.00482298 -4.10359e-05 1 -4.63031e-06 0.00153003 -1.29622e-05 4.62977e-06 1 -0.00135541 0 0 0 1 
1 4.73285e-05 1.49496e-05 -0.00556255 -4.73284e-05 1 -5.44541e-06 0.0017678 -1.49499e-05 5.4447e-06 1 -0.00156679 0 0 0 1 
1 5.99676e-05 1.89421e-05 -0.0070481 -5.99675e-05 1 -6.80877e-06 0.00223722 -1.89425e-05 6.80764e-06 1 -0.00198215 0 0 0 1 
1 7.26068e-05 2.29346e-05 -0.00853365 -7.26066e-05 1 -8.17219e-06 0.00270664 -2.29352e-05 8.17052e-06 1 -0.00239751 0 0 0 1 
1 8.52459e-05 2.69271e-05 -0.0100192 -8.52457e-05 1 -9.53565e-06 0.00317605 -2.69279e-05 9.53335e-06 1 -0.00281288 0 0 0 1 
1 9.78851e-05 3.09196e-05 -0.0115048 -9.78847e-05 1 -1.08992e-05 0.00364547 -3.09206e-05 1.08961e-05 1 -0.00322824 0 0 0 1 
1 0.000110524 3.4912e-05 -0.0129903 -0.000110524 1 -1.22627e-05 0.00411489 -3.49134e-05 1.22589e-05 1 -0.0036436 0 0 0 1 
1 0.000127894 4.03993e-05 -0.0150321 -0.000127894 1 -1.41835e-05 0.00476151 -4.04011e-05 1.41783e-05 1 -0.00421604 0 0 0 1 
1 0.000145264 4.58866e-05 -0.0170738 -0.000145264 1 -1.61043e-05 0.00540814 -4.58889e-05 1.60976e-05 1 -0.00478847 0 0 0 1 
1 0.000162634 5.13738e-05 -0.0191156 -0.000162634 1 -1.80252e-05 0.00605476 -5.13767e-05 1.80168e-05 1 -0.00536091 0 0 0 1 
1 0.000180005 5.6861e-05 -0.0211573 -0.000180003 1 -1.99462e-05 0.00670139 -5.68646e-05 1.9936e-05 1 -0.00593334 0 0 0 1 
1 0.000197375 6.23481e-05 -0.0231991 -0.000197373 1 -2.18673e-05 0.00734801 -6.23525e-05 2.1855e-05 1 -0.00650578 0 0 0 1 
1 0.000219481 6.93322e-05 -0.0257978 -0.000219479 1 -2.43217e-05 0.00817141 -6.93375e-05 2.43065e-05 1 -0.00723466 0 0 0 1 
1 0.000241587 7.63162e-05 -0.0283965 -0.000241585 1 -2.67763e-05 0.00899481 -7.63227e-05 2.67578e-05 1 -0.00796355 0 0 0 1 
1 0.000263694 8.33002e-05 -0.0309951 -0.000263691 1 -2.9231e-05 0.0098182 -8.33079e-05 2.9209e-05 1 -0.00869243 0 0 0 1 
1 0.0002858 9.02841e-05 -0.0335938 -0.000285797 1 -3.16859e-05 0.0106416 -9.02931e-05 3.166e-05 1 -0.00942132 0 0 0 1 
1 0.000307907 9.72679e-05 -0.0361925 -0.000307903 1 -3.41409e-05 0.011465 -9.72784e-05 3.41109e-05 1 -0.0101502 0 0 0 1 
1 0.000336356 0.000106257 -0.0395372 -0.000336352 1 -3.717e-05 0.012521 -0.000106269 3.71343e-05 1 -0.0110839 0 0 0 1 
1 0.000364806 0.000115246 -0.0428819 -0.000364801 1 -4.01994e-05 0.013577 -0.00011526 4.01574e-05 1 -0.0120176 0 0 0 1 
1 0.000393256 0.000124235 -0.0462267 -0.00039325 1 -4.3229e-05 0.014633 -0.000124252 4.31802e-05 1 -0.0129512 0 0 0 1 
1 0.000421705 0.000133223 -0.0495714 -0.000421699 1 -4.6259e-05 0.015689 -0.000133243 4.62028e-05 1 -0.0138849 0 0 0 1 
1 0.000450155 0.000142212 -0.0529161 -0.000450148 1 -4.92891e-05 0.016745 -0.000142234 4.92251e-05 1 -0.0148186 0 0 0 1 
1 0.000481731 0.00015219 -0.0566288 -0.000481723 1 -5.28377e-05 0.017923 -0.000152215 5.27644e-05 1 -0.0158612 0 0 0 1 
1 0.000513307 0.000162168 -0.0603416 -0.000513298 1 -5.63866e-05 0.019101 -0.000162197 5.63034e-05 1 -0.0169039 0 0 0 1 
1 0.000544883 0.000172146 -0.0640543 -0.000544873 1 -5.99358e-05 0.0202789 -0.000172178 5.9842e-05 1 -0.0179465 0 0 0 1 
1 0.000576459 0.000182124 -0.0677671 -0.000576447 1 -6.34854e-05 0.0214569 -0.00018216 6.33804e-05 1 -0.0189892 0 0 0 1 
1 0.000608035 0.000192101 -0.0714798 -0.000608022 1 -6.70352e-05 0.0226349 -0.000192142 6.69184e-05 1 -0.0200318 0 0 0 1 
1 0.000645961 0.000204087 -0.0759398 -0.000645946 1 -7.11366e-05 0.0240454 -0.000204133 7.10048e-05 1 -0.0212787 0 0 0 1 
1 0.000683886 0.000216073 -0.0803999 -0.00068387 1 -7.52385e-05 0.0254559 -0.000216125 7.50907e-05 1 -0.0225257 0 0 0 1 
1 0.000721812 0.000228059 -0.0848599 -0.000721794 1 -7.93408e-05 0.0268663 -0.000228116 7.91762e-05 1 -0.0237726 0 0 0 1 
1 0.000759738 0.000240045 -0.08932 -0.000759718 1 -8.34436e-05 0.0282768 -0.000240108 8.32612e-05 1 -0.0250196 0 0 0 1 
1 0.000797664 0.00025203 -0.09378 -0.000797642 1 -8.75468e-05 0.0296873 -0.0002521 8.73457e-05 1 -0.0262665 0 0 0 1 
1 0.000838713 0.000265005 -0.098608 -0.000838688 1 -9.21939e-05 0.0312207 -0.000265083 9.19717e-05 1 -0.0276232 0 0 0 1 
1 0.000879761 0.00027798 -0.103436 -0.000879734 1 -9.68416e-05 0.0327541 -0.000278065 9.65971e-05 1 -0.0289799 0 0 0 1 
1 0.00092081 0.000290955 -0.108264 -0.00092078 1 -0.00010149 0.0342875 -0.000291048 0.000101222 1 -0.0303366 0 0 0 1 
0.999999 0.000961859 0.00030393 -0.113092 -0.000961827 1 -0.000106139 0.0358209 -0.000304032 0.000105846 1 -0.0316933 0 0 0 1 
0.999999 0.00100291 0.000316904 -0.11792 -0.00100287 0.999999 -0.000110788 0.0373543 -0.000317015 0.00011047 1 -0.03305 0 0 0 1 
0.999999 0.00105031 0.00033189 -0.123496 -0.00105027 0.999999 -0.000115991 0.0391208 -0.000332011 0.000115642 1 -0.0346112 0 0 0 1 
0.999999 0.00109771 0.000346875 -0.129073 -0.00109767 0.999999 -0.000121195 0.0408873 -0.000347008 0.000120814 1 -0.0361725 0 0 0 1 
0.999999 0.00114511 0.000361861 -0.134649 -0.00114506 0.999999 -0.000126399 0.0426539 -0.000362005 0.000125985 1 -0.0377337 0 0 0 1 
0.999999 0.00119251 0.000376846 -0.140226 -0.00119246 0.999999 -0.000131604 0.0444204 -0.000377002 0.000131155 1 -0.039295 0 0 0 1 
0.999999 0.00123991 0.00039183 -0.145802 -0.00123986 0.999999 -0.00013681 0.0461869 -0.000392 0.000136324 1 -0.0408562 0 0 0 1 
0.999999 0.00129205 0.000408317 -0.151937 -0.00129199 0.999999 -0.000142578 0.0481322 -0.000408501 0.000142051 1 -0.0425751 0 0 0 1 
0.999999 0.00134419 0.000424803 -0.158072 -0.00134412 0.999999 -0.000148348 0.0500775 -0.000425002 0.000147776 1 -0.044294 0 0 0 1 
0.999999 0.00139632 0.000441289 -0.164206 -0.00139626 0.999999 -0.000154118 0.0520227 -0.000441504 0.000153501 1 -0.0460129 0 0 0 1 
0.999999 0.00144846 0.000457775 -0.170341 -0.00144839 0.999999 -0.000159889 0.053968 -0.000458006 0.000159225 1 -0.0477318 0 0 0 1 
0.999999 0.0015006 0.00047426 -0.176476 -0.00150052 0.999999 -0.00016566 0.0559133 -0.000474508 0.000164949 1 -0.0494507 0 0 0 1 
0.999999 0.00155748 0.00049225 -0.18317 -0.0015574 0.999999 -0.000171972 0.0580371 -0.000492518 0.000171205 1 -0.0513267 0 0 0 1 
0.999999 0.00161436 0.00051024 -0.189865 -0.00161427 0.999999 -0.000178284 0.0601609 -0.000510527 0.00017746 1 -0.0532028 0 0 0 1 
0.999998 0.00167125 0.00052823 -0.196559 -0.00167115 0.999999 -0.000184597 0.0622848 -0.000528538 0.000183714 1 -0.0550788 0 0 0 1 
0.999998 0.00172813 0.000546219 -0.203254 -0.00172802 0.999998 -0.000190912 0.0644086 -0.000546548 0.000189968 1 -0.0569549 0 0 0 1 
0.999998 0.00178501 0.000564208 -0.209948 -0.0017849 0.999998 -0.000197227 0.0665324 -0.000564559 0.00019622 1 -0.0588309 0 0 0 1 
0.999998 0.00184566 0.000583397 -0.217088 -0.00184554 0.999998 -0.000208897 0.0689468 -0.000583781 0.00020782 1 -0.0609977 0 0 0 1 
0.999998 0.00190632 0.000602584 -0.224229 -0.00190618 0.999998 -0.000220568 0.0713613 -0.000603004 0.000219419 1 -0.0631645 0 0 0 1 
0.999998 0.00196697 0.000621772 -0.231369 -0.00196683 0.999998 -0.00023224 0.0737757 -0.000622227 0.000231017 1 -0.0653312 0 0 0 1 
0.999998 0.00202762 0.000640958 -0.23851 -0.00202747 0.999998 -0.000243914 0.0761902 -0.000641451 0.000242613 1 -0.067498 0 0 0 1 
0.999998 0.00208828 0.000660144 -0.24565 -0.00208811 0.999998 -0.000255588 0.0786046 -0.000660676 0.000254209 1 -0.0696648 0 0 0 1 
0.999997 0.00215351 0.000680787 -0.253332 -0.00215333 0.999998 -0.000268621 0.0812174 -0.000681364 0.000267155 1 -0.0720115 0 0 0 1 
0.999997 0.00221875 0.00070143 -0.261014 -0.00221855 0.999997 -0.000281656 0.0838302 -0.000702053 0.000280099 1 -0.0743582 0 0 0 1 
0.999997 0.00228399 0.000722071 -0.268695 -0.00228377 0.999997 -0.000294692 0.0864429 -0.000722742 0.000293042 1 -0.076705 0 0 0 1 
0.999997 0.00234922 0.000742712 -0.276377 -0.00234899 0.999997 -0.00030773 0.0890557 -0.000743433 0.000305984 1 -0.0790517 0 0 0 1 
0.999997 0.00241446 0.000763352 -0.284059 -0.00241421 0.999997 -0.000320768 0.0916685 -0.000764124 0.000318925 1 -0.0813984 0 0 0 1 
0.999997 0.00248597 0.000785987 -0.292482 -0.0024857 0.999997 -0.000334797 0.0945266 -0.000786817 0.000332843 1 -0.0839622 0 0 0 1 
0.999996 0.00255748 0.000808621 -0.300905 -0.0025572 0.999997 -0.000348828 0.0973847 -0.00080951 0.000346759 1 -0.086526 0 0 0 1 
0.999996 0.00262899 0.000831254 -0.309328 -0.00262869 0.999996 -0.00036286 0.100243 -0.000832205 0.000360674 1 -0.0890898 0 0 0 1 
0.999996 0.0027005 0.000853886 -0.317751 -0.00270018 0.999996 -0.000376894 0.103101 -0.000854901 0.000374587 1 -0.0916536 0 0 0 1 
0.999996 0.00277201 0.000876517 -0.326174 -0.00277167 0.999996 -0.00039093 0.105959 -0.000877597 0.000388498 1 -0.0942174 0 0 0 1 
0.999996 0.00284657 0.000900125 -0.334959 -0.00284621 0.999996 -0.000405919 0.108952 -0.000901276 0.000403355 1 -0.0969027 0 0 0 1 
0.999995 0.00292113 0.000923731 -0.343744 -0.00292074 0.999996 -0.00042091 0.111945 -0.000924957 0.00041821 0.999999 -0.099588 0 0 0 1 
0.999995 0.00299569 0.000947337 -0.35253 -0.00299528 0.999995 -0.000435903 0.114938 -0.000948639 0.000433063 0.999999 -0.102273 0 0 0 1 
0.999995 0.00307025 0.000970942 -0.361315 -0.00306981 0.999995 -0.000450897 0.117931 -0.000972321 0.000447915 0.999999 -0.104959 0 0 0 1 
0.999995 0.00314481 0.000994545 -0.3701 -0.00314435 0.999995 -0.000465894 0.120924 -0.000996005 0.000462764 0.999999 -0.107644 0 0 0 1 
0.999994 0.00322566 0.00102015 -0.379629 -0.00322517 0.999995 -0.000481833 0.124162 -0.0010217 0.00047854 0.999999 -0.110545 0 0 0 1 
0.999994 0.00330651 0.00104576 -0.389159 -0.00330599 0.999994 -0.000497774 0.1274 -0.0010474 0.000494314 0.999999 -0.113447 0 0 0 1 
0.999994 0.00338737 0.00107136 -0.398688 -0.00338682 0.999994 -0.000513718 0.130638 -0.0010731 0.000510086 0.999999 -0.116348 0 0 0 1 
0.999993 0.00346822 0.00109697 -0.408218 -0.00346764 0.999994 -0.000529663 0.133876 -0.0010988 0.000525856 0.999999 -0.11925 0 0 0 1 
0.999993 0.00354907 0.00112257 -0.417747 -0.00354846 0.999994 -0.000545611 0.137114 -0.0011245 0.000541623 0.999999 -0.122151 0 0 0 1 
0.999993 0.00363209 0.00114888 -0.427536 -0.00363145 0.999993 -0.000566876 0.140589 -0.00115093 0.0005627 0.999999 -0.125295 0 0 0 1 
0.999992 0.00371512 0.00117518 -0.437325 -0.00371443 0.999993 -0.000588144 0.144065 -0.00117736 0.000583775 0.999999 -0.128439 0 0 0 1 
0.999992 0.00379815 0.00120148 -0.447115 -0.00379742 0.999993 -0.000609414 0.14754 -0.00120379 0.000604847 0.999999 -0.131583 0 0 0 1 
0.999992 0.00388117 0.00122778 -0.456904 -0.0038804 0.999992 -0.000630687 0.151016 -0.00123022 0.000625917 0.999999 -0.134727 0 0 0 1 
0.999991 0.0039642 0.00125408 -0.466693 -0.00396338 0.999992 -0.000651961 0.154491 -0.00125665 0.000646985 0.999999 -0.137871 0 0 0 1 
0.999991 0.00405176 0.00128183 -0.477021 -0.0040509 0.999992 -0.000674877 0.158174 -0.00128455 0.000669678 0.999999 -0.141203 0 0 0 1 
0.999991 0.00413932 0.00130958 -0.487349 -0.00413841 0.999991 -0.000697795 0.161857 -0.00131246 0.000692369 0.999999 -0.144535 0 0 0 1 
0.99999 0.00422688 0.00133733 -0.497676 -0.00422592 0.999991 -0.000720716 0.165539 -0.00134036 0.000715057 0.999999 -0.147866 0 0 0 1 
0.99999 0.00431444 0.00136508 -0.508004 -0.00431343 0.99999 -0.000743639 0.169222 -0.00136827 0.000737743 0.999999 -0.151198 0 0 0 1 
0.999989 0.00440201 0.00139282 -0.518332 -0.00440094 0.99999 -0.000766564 0.172905 -0.00139618 0.000760426 0.999999 -0.15453 0 0 0 1 
0.999989 0.0044958 0.00142256 -0.529399 -0.00449468 0.99999 -0.000790763 0.176843 -0.0014261 0.00078436 0.999999 -0.158087 0 0 0 1 
0.999988 0.0045896 0.00145229 -0.540466 -0.00458842 0.999989 -0.000814965 0.18078 -0.00145602 0.000808292 0.999999 -0.161645 0 0 0 1 
0.999988 0.00468339 0.00148203 -0.551533 -0.00468215 0.999989 -0.000839169 0.184718 -0.00148594 0.00083222 0.999999 -0.165202 0 0 0 1 
0.999987 0.00477719 0.00151176 -0.5626 -0.00477588 0.999988 -0.000863377 0.188655 -0.00151587 0.000856146 0.999998 -0.16876 0 0 0 1 
0.999987 0.00487098 0.00154149 -0.573667 -0.00486962 0.999988 -0.000887587 0.192593 -0.00154579 0.000880069 0.999998 -0.172317 0 0 0 1 
0.999986 0.00496936 0.00157269 -0.58528 -0.00496793 0.999987 -0.000913219 0.196734 -0.00157721 0.000905394 0.999998 -0.176056 0 0 0 1 
0.999986 0.00506774 0.0016039 -0.596893 -0.00506624 0.999987 -0.000938854 0.200876 -0.00160863 0.000930715 0.999998 -0.179796 0 0 0 1 
0.999985 0.00516612 0.0016351 -0.608507 -0.00516455 0.999986 -0.000964493 0.205017 -0.00164006 0.000956034 0.999998 -0.183535 0 0 0 1 
0.999985 0.00526451 0.0016663 -0.62012 -0.00526286 0.999986 -0.000990134 0.209159 -0.00167149 0.000981349 0.999998 -0.187275 0 0 0 1 
0.999984 0.00536289 0.00169749 -0.631733 -0.00536117 0.999985 -0.00101578 0.2133 -0.00170292 0.00100666 0.999998 -0.191014 0 0 0 1 
0.999984 0.00546336 0.00172938 -0.643598 -0.00546155 0.999985 -0.00104722 0.217692 -0.00173507 0.00103776 0.999998 -0.195009 0 0 0 1 
0.999983 0.00556383 0.00176125 -0.655463 -0.00556194 0.999984 -0.00107867 0.222084 -0.00176723 0.00106885 0.999998 -0.199004 0 0 0 1 
0.999982 0.0056643 0.00179313 -0.667327 -0.00566232 0.999983 -0.00111011 0.226477 -0.00179939 0.00109994 0.999998 -0.202999 0 0 0 1 
0.999982 0.00576478 0.001825 -0.679192 -0.0057627 0.999983 -0.00114156 0.230869 -0.00183155 0.00113103 0.999998 -0.206994 0 0 0 1 
0.999981 0.00586525 0.00185687 -0.691057 -0.00586308 0.999982 -0.00117302 0.235261 -0.00186372 0.00116211 0.999998 -0.210989 0 0 0 1 
0.99998 0.00597031 0.00189023 -0.70347 -0.00596804 0.999981 -0.00120591 0.239858 -0.00189739 0.00119461 0.999997 -0.215166 0 0 0 1 
0.99998 0.00607538 0.00192358 -0.715882 -0.006073 0.999981 -0.0012388 0.244456 -0.00193107 0.0012271 0.999997 -0.219344 0 0 0 1 
0.999979 0.00618044 0.00195692 -0.728295 -0.00617796 0.99998 -0.0012717 0.249053 -0.00196474 0.00125959 0.999997 -0.223521 0 0 0 1 
0.999978 0.0062855 0.00199027 -0.740707 -0.00628291 0.999979 -0.0013046 0.253651 -0.00199843 0.00129207 0.999997 -0.227699 0 0 0 1 
0.999978 0.00639057 0.00202361 -0.75312 -0.00638787 0.999979 -0.00133751 0.258248 -0.00203211 0.00132455 0.999997 -0.231876 0 0 0 1 
0.999977 0.00650185 0.00205895 -0.766273 -0.00649903 0.999978 -0.00137184 0.263107 -0.00206782 0.00135843 0.999997 -0.236283 0 0 0 1 
0.999976 0.00661313 0.00209429 -0.779426 -0.00661019 0.999977 -0.00140618 0.267966 -0.00210354 0.0013923 0.999997 -0.24069 0 0 0 1 
0.999975 0.00672441 0.00212962 -0.792579 -0.00672135 0.999976 -0.00144052 0.272826 -0.00213926 0.00142617 0.999997 -0.245098 0 0 0 1 
0.999974 0.00683569 0.00216495 -0.805732 -0.0068325 0.999976 -0.00147487 0.277685 -0.00217498 0.00146004 0.999997 -0.249505 0 0 0 1 
0.999973 0.00694697 0.00220028 -0.818885 -0.00694366 0.999975 -0.00150922 0.282544 -0.00221071 0.0014939 0.999996 -0.253912 0 0 0 1 
0.999973 0.00706047 0.00223635 -0.832307 -0.00705702 0.999974 -0.00154877 0.287642 -0.00224722 0.00153294 0.999996 -0.258558 0 0 0 1 
0.999972 0.00717398 0.00227241 -0.845729 -0.00717038 0.999973 -0.00158832 0.29274 -0.00228374 0.00157198 0.999996 -0.263204 0 0 0 1 
0.999971 0.00728748 0.00230847 -0.859152 -0.00728373 0.999972 -0.00162787 0.297839 -0.00232027 0.00161101 0.999996 -0.26785 0 0 0 1 
0.99997 0.00740098 0.00234452 -0.872574 -0.00739709 0.999971 -0.00166743 0.302937 -0.0023568 0.00165004 0.999996 -0.272496 0 0 0 1 
0.999969 0.00751449 0.00238057 -0.885996 -0.00751044 0.99997 -0.00170699 0.308035 -0.00239333 0.00168906 0.999996 -0.277142 0 0 0 1 
0.999968 0.00763238 0.00241805 -0.899944 -0.00762816 0.999969 -0.00174907 0.313366 -0.00243132 0.00173057 0.999996 -0.282 0 0 0 1 
0.999967 0.00775026 0.00245552 -0.913891 -0.00774588 0.999968 -0.00179116 0.318698 -0.00246933 0.00177208 0.999995 -0.286859 0 0 0 1 
0.999966 0.00786815 0.00249299 -0.927839 -0.00786359 0.999967 -0.00183326 0.324029 -0.00250733 0.00181359 0.999995 -0.291717 0 0 0 1 
0.999965 0.00798604 0.00253045 -0.941786 -0.00798131 0.999966 -0.00187535 0.329361 -0.00254534 0.00185509 0.999995 -0.296576 0 0 0 1 
0.999964 0.00810393 0.00256791 -0.955734 -0.00809902 0.999965 -0.00191745 0.334692 -0.00258336 0.00189659 0.999995 -0.301434 0 0 0 1 
0.999963 0.00822639 0.00260686 -0.970229 -0.00822129 0.999964 -0.00196116 0.340236 -0.0026229 0.00193966 0.999995 -0.30648 0 0 0 1 
0.999962 0.00834885 0.00264581 -0.984724 -0.00834356 0.999963 -0.00200487 0.34578 -0.00266245 0.00198272 0.999994 -0.311526 0 0 0 1 
0.999961 0.00847131 0.00268475 -0.99922 -0.00846582 0.999962 -0.00204859 0.351324 -0.00270201 0.00202578 0.999994 -0.316571 0 0 0 1 
0.999959 0.00859377 0.00272369 -1.01371 -0.00858809 0.999961 -0.00209231 0.356868 -0.00274156 0.00206884 0.999994 -0.321617 0 0 0 1 
0.999958 0.00871624 0.00276262 -1.02821 -0.00871035 0.99996 -0.00213604 0.362412 -0.00278113 0.00211189 0.999994 -0.326663 0 0 0 1 
0.999957 0.00884076 0.00280225 -1.04296 -0.00883464 0.999959 -0.00218584 0.368218 -0.00282146 0.00216099 0.999994 -0.331971 0 0 0 1 
0.999956 0.00896527 0.00284187 -1.05771 -0.00895894 0.999957 -0.00223565 0.374024 -0.00286179 0.00221009 0.999993 -0.337279 0 0 0 1 
0.999955 0.0090898 0.00288149 -1.07245 -0.00908322 0.999956 -0.00228546 0.37983 -0.00290214 0.00225919 0.999993 -0.342587 0 0 0 1 
0.999953 0.00921432 0.0029211 -1.0872 -0.00920751 0.999955 -0.00233528 0.385636 -0.00294248 0.00230827 0.999993 -0.347895 0 0 0 1 
0.999952 0.00933884 0.0029607 -1.10195 -0.0093318 0.999954 -0.0023851 0.391442 -0.00298284 0.00235736 0.999993 -0.353203 0 0 0 1 
0.999951 0.00946946 0.0030023 -1.11743 -0.00946216 0.999952 -0.00243704 0.39753 -0.00302523 0.00240851 0.999993 -0.358759 0 0 0 1 
0.999949 0.00960008 0.00304388 -1.13291 -0.00959252 0.999951 -0.00248898 0.403619 -0.00306763 0.00245965 0.999992 -0.364316 0 0 0 1 
0.999948 0.00973071 0.00308546 -1.14839 -0.00972288 0.99995 -0.00254092 0.409707 -0.00311003 0.00251079 0.999992 -0.369872 0 0 0 1 
0.999946 0.00986133 0.00312703 -1.16387 -0.00985324 0.999948 -0.00259287 0.415796 -0.00315244 0.00256192 0.999992 -0.375429 0 0 0 1 
0.999945 0.00999196 0.0031686 -1.17935 -0.0099836 0.999947 -0.00264483 0.421884 -0.00319486 0.00261305 0.999991 -0.380985 0 0 0 1 
0.999944 0.0101252 0.00321106 -1.19515 -0.0101166 0.999945 -0.00270009 0.428172 -0.00323822 0.00266745 0.999991 -0.386728 0 0 0 1 
0.999942 0.0102585 0.0032535 -1.21095 -0.0102495 0.999944 -0.00275535 0.434459 -0.00328159 0.00272185 0.999991 -0.39247 0 0 0 1 
0.999941 0.0103917 0.00329594 -1.22674 -0.0103825 0.999942 -0.00281062 0.440747 -0.00332496 0.00277624 0.999991 -0.398213 0 0 0 1 
0.999939 0.010525 0.00333838 -1.24254 -0.0105154 0.999941 -0.0028659 0.447034 -0.00336834 0.00283062 0.99999 -0.403955 0 0 0 1 
0.999937 0.0106582 0.0033808 -1.25834 -0.0106484 0.999939 -0.00292118 0.453322 -0.00341173 0.002885 0.99999 -0.409698 0 0 0 1 
0.999936 0.0107954 0.00342452 -1.27461 -0.0107852 0.999937 -0.00298152 0.459907 -0.0034565 0.00294439 0.99999 -0.415722 0 0 0 1 
0.999934 0.0109325 0.00346824 -1.29088 -0.010922 0.999936 -0.00304186 0.466492 -0.00350127 0.00300378 0.999989 -0.421746 0 0 0 1 
0.999933 0.0110697 0.00351194 -1.30715 -0.0110588 0.999934 -0.0031022 0.473077 -0.00354605 0.00306316 0.999989 -0.427769 0 0 0 1 
0.999931 0.0112068 0.00355564 -1.32342 -0.0111956 0.999932 -0.00316256 0.479662 -0.00359084 0.00312253 0.999989 -0.433793 0 0 0 1 
0.999929 0.011344 0.00359933 -1.33969 -0.0113324 0.999931 -0.00322291 0.486247 -0.00363564 0.0031819 0.999988 -0.439817 0 0 0 1 
0.999927 0.0114857 0.00364453 -1.35651 -0.0114737 0.999929 -0.00328514 0.493056 -0.003682 0.00324309 0.999988 -0.446035 0 0 0 1 
0.999926 0.0116274 0.00368972 -1.37333 -0.0116151 0.999927 -0.00334738 0.499865 -0.00372838 0.00330427 0.999988 -0.452253 0 0 0 1 
0.999924 0.0117691 0.00373491 -1.39015 -0.0117564 0.999925 -0.00340962 0.506673 -0.00377476 0.00336545 0.999987 -0.458471 0 0 0 1 
0.999922 0.0119108 0.00378008 -1.40697 -0.0118977 0.999923 -0.00347187 0.513482 -0.00382114 0.00342663 0.999987 -0.464689 0 0 0 1 
0.99992 0.0120525 0.00382525 -1.42379 -0.012039 0.999921 -0.00353413 0.520291 -0.00386754 0.00348779 0.999986 -0.470907 0 0 0 1 
0.999918 0.0121962 0.00387112 -1.44086 -0.0121823 0.999919 -0.00360281 0.527375 -0.00391475 0.00355536 0.999986 -0.477396 0 0 0 1 
0.999916 0.0123399 0.00391698 -1.45793 -0.0123255 0.999917 -0.00367151 0.534459 -0.00396196 0.00362292 0.999986 -0.483885 0 0 0 1 
0.999914 0.0124836 0.00396283 -1.475 -0.0124688 0.999915 -0.0037402 0.541544 -0.00400919 0.00369047 0.999985 -0.490373 0 0 0 1 
0.999912 0.0126273 0.00400868 -1.49207 -0.012612 0.999913 -0.00380891 0.548628 -0.00405643 0.00375802 0.999985 -0.496862 0 0 0 1 
0.99991 0.012771 0.00405451 -1.50914 -0.0127553 0.999911 -0.00387762 0.555712 -0.00410367 0.00382556 0.999984 -0.503351 0 0 0 1 
0.999908 0.0129192 0.00410184 -1.52675 -0.012903 0.999909 -0.00394861 0.563032 -0.00415248 0.00389532 0.999984 -0.510045 0 0 0 1 
0.999906 0.0130674 0.00414916 -1.54436 -0.0130507 0.999907 -0.0040196 0.570352 -0.0042013 0.00396508 0.999983 -0.516738 0 0 0 1 
0.999904 0.0132156 0.00419647 -1.56198 -0.0131985 0.999905 -0.00409061 0.577671 -0.00425013 0.00403483 0.999983 -0.523432 0 0 0 1 
0.999902 0.0133638 0.00424377 -1.57959 -0.0133462 0.999902 -0.00416161 0.584991 -0.00429897 0.00410457 0.999982 -0.530125 0 0 0 1 
0.9999 0.013512 0.00429106 -1.5972 -0.0134939 0.9999 -0.00423263 0.592311 -0.00434783 0.0041743 0.999982 -0.536819 0 0 0 1 
0.999897 0.013664 0.00433965 -1.61528 -0.0136453 0.999898 -0.00430918 0.599945 -0.00439809 0.00424952 0.999981 -0.543806 0 0 0 1 
0.999895 0.0138161 0.00438823 -1.63336 -0.0137968 0.999895 -0.00438574 0.607578 -0.00444836 0.00432474 0.999981 -0.550793 0 0 0 1 
0.999893 0.0139681 0.0044368 -1.65144 -0.0139483 0.999893 -0.00446231 0.615212 -0.00449865 0.00439994 0.99998 -0.557781 0 0 0 1 
0.99989 0.0141201 0.00448535 -1.66952 -0.0140997 0.99989 -0.00453888 0.622845 -0.00454895 0.00447514 0.99998 -0.564768 0 0 0 1 
0.999888 0.0142721 0.00453389 -1.6876 -0.0142512 0.999888 -0.00461546 0.630479 -0.00459926 0.00455033 0.999979 -0.571755 0 0 0 1 
0.999885 0.0144284 0.00458387 -1.7062 -0.0144069 0.999885 -0.00469557 0.63838 -0.0046511 0.00462899 0.999978 -0.578981 0 0 0 1 
0.999883 0.0145847 0.00463384 -1.72479 -0.0145625 0.999883 -0.00477569 0.646281 -0.00470295 0.00470765 0.999978 -0.586206 0 0 0 1 
0.99988 0.0147409 0.00468379 -1.74339 -0.0147182 0.99988 -0.00485582 0.654181 -0.00475481 0.0047863 0.999977 -0.593432 0 0 0 1 
0.999878 0.0148972 0.00473373 -1.76198 -0.0148738 0.999877 -0.00493595 0.662082 -0.00480668 0.00486494 0.999977 -0.600657 0 0 0 1 
0.999875 0.0150535 0.00478366 -1.78058 -0.0150295 0.999874 -0.00501609 0.669983 -0.00485857 0.00494357 0.999976 -0.607883 0 0 0 1 
0.999873 0.0152105 0.0048339 -1.79927 -0.0151858 0.999872 -0.00510128 0.678075 -0.00491087 0.00502723 0.999975 -0.615293 0 0 0 1 
0.99987 0.0153674 0.00488412 -1.81796 -0.0153421 0.999869 -0.00518648 0.686168 -0.00496318 0.00511088 0.999975 -0.622703 0 0 0 1 
0.999867 0.0155244 0.00493433 -1.83666 -0.0154983 0.999866 -0.00527169 0.69426 -0.00501551 0.00519452 0.999974 -0.630113 0 0 0 1 
0.999865 0.0156813 0.00498453 -1.85535 -0.0156546 0.999863 -0.00535691 0.702353 -0.00506785 0.00527815 0.999973 -0.637523 0 0 0 1 
0.999862 0.0158383 0.00503471 -1.87404 -0.0158109 0.99986 -0.00544213 0.710445 -0.0051202 0.00536178 0.999973 -0.644933 0 0 0 1 
0.999859 0.016001 0.00508683 -1.89343 -0.0159729 0.999857 -0.00553142 0.718877 -0.00517461 0.00544939 0.999972 -0.652643 0 0 0 1 
0.999856 0.0161638 0.00513894 -1.91282 -0.0161348 0.999854 -0.00562071 0.727309 -0.00522904 0.00553699 0.999971 -0.660353 0 0 0 1 
0.999853 0.0163265 0.00519104 -1.93222 -0.0162968 0.999851 -0.00571001 0.73574 -0.00528349 0.00562458 0.99997 -0.668063 0 0 0 1 
0.99985 0.0164892 0.00524312 -1.95161 -0.0164588 0.999848 -0.00579932 0.744172 -0.00533795 0.00571216 0.999969 -0.675773 0 0 0 1 
0.999847 0.016652 0.00529518 -1.971 -0.0166207 0.999845 -0.00588864 0.752604 -0.00539242 0.00579973 0.999969 -0.683483 0 0 0 1 
0.999844 0.0168154 0.00534756 -1.99048 -0.0167833 0.999841 -0.00598318 0.761233 -0.00544732 0.0058925 0.999968 -0.691381 0 0 0 1 
0.999841 0.0169788 0.00539992 -2.00997 -0.0169459 0.999838 -0.00607773 0.769863 -0.00550224 0.00598526 0.999967 -0.69928 0 0 0 1 
0.999838 0.0171422 0.00545227 -2.02945 -0.0171085 0.999835 -0.00617229 0.778492 -0.00555718 0.00607801 0.999966 -0.707178 0 0 0 1 
0.999835 0.0173056 0.0055046 -2.04894 -0.017271 0.999831 -0.00626686 0.787122 -0.00561213 0.00617076 0.999965 -0.715077 0 0 0 1 
0.999832 0.017469 0.00555692 -2.06842 -0.0174336 0.999828 -0.00636144 0.795751 -0.00566709 0.00626349 0.999964 -0.722975 0 0 0 1 
0.999829 0.0176366 0.00561067 -2.08842 -0.0176003 0.999824 -0.00646008 0.804666 -0.00572362 0.00636023 0.999963 -0.731125 0 0 0 1 
0.999825 0.0178042 0.00566441 -2.10841 -0.0177669 0.999821 -0.00655874 0.813581 -0.00578017 0.00645696 0.999962 -0.739275 0 0 0 1 
0.999822 0.0179717 0.00571813 -2.12841 -0.0179336 0.999817 -0.0066574 0.822497 -0.00583673 0.00655367 0.999961 -0.747426 0 0 0 1 
0.999819 0.0181393 0.00577183 -2.1484 -0.0181002 0.999813 -0.00675608 0.831412 -0.00589331 0.00665038 0.999961 -0.755576 0 0 0 1 
0.999815 0.0183069 0.00582552 -2.1684 -0.0182669 0.99981 -0.00685476 0.840327 -0.0059499 0.00674708 0.99996 -0.763726 0 0 0 1 
0.999812 0.0184782 0.00588052 -2.18886 -0.0184372 0.999806 -0.00695961 0.849579 -0.00600798 0.00684988 0.999958 -0.772184 0 0 0 1 
0.999808 0.0186496 0.00593551 -2.20932 -0.0186075 0.999802 -0.00706447 0.858831 -0.00606608 0.00695267 0.999957 -0.780643 0 0 0 1 
0.999805 0.0188209 0.00599047 -2.22978 -0.0187778 0.999798 -0.00716934 0.868084 -0.0061242 0.00705546 0.999956 -0.789101 0 0 0 1 
0.999801 0.0189922 0.00604542 -2.25024 -0.0189481 0.999794 -0.00727422 0.877336 -0.00618233 0.00715823 0.999955 -0.79756 0 0 0 1 
0.999798 0.0191636 0.00610035 -2.2707 -0.0191184 0.99979 -0.00737911 0.886588 -0.00624048 0.00726099 0.999954 -0.806018 0 0 0 1 
0.999794 0.0193375 0.00615624 -2.29149 -0.0192913 0.999786 -0.0074877 0.896063 -0.00629972 0.00736739 0.999953 -0.81467 0 0 0 1 
0.99979 0.0195115 0.00621211 -2.31228 -0.0194641 0.999782 -0.00759629 0.905538 -0.00635897 0.00747378 0.999952 -0.823321 0 0 0 1 
0.999787 0.0196855 0.00626797 -2.33306 -0.019637 0.999777 -0.00770489 0.915013 -0.00641825 0.00758017 0.999951 -0.831973 0 0 0 1 
0.999783 0.0198594 0.0063238 -2.35385 -0.0198098 0.999773 -0.00781351 0.924488 -0.00647754 0.00768654 0.999949 -0.840624 0 0 0 1 
0.999779 0.0200334 0.00637962 -2.37464 -0.0199827 0.999769 -0.00792213 0.933963 -0.00653685 0.0077929 0.999948 -0.849276 0 0 0 1 
0.999775 0.0202094 0.00643621 -2.39569 -0.0201575 0.999765 -0.00803748 0.943734 -0.00659713 0.00790594 0.999947 -0.858202 0 0 0 1 
0.999771 0.0203854 0.00649278 -2.41674 -0.0203322 0.99976 -0.00815285 0.953505 -0.00665742 0.00801897 0.999946 -0.867128 0 0 0 1 
0.999767 0.0205614 0.00654934 -2.43778 -0.020507 0.999756 -0.00826822 0.963277 -0.00671774 0.00813199 0.999944 -0.876055 0 0 0 1 
0.999763 0.0207374 0.00660587 -2.45883 -0.0206817 0.999751 -0.0083836 0.973048 -0.00677808 0.00824499 0.999943 -0.884981 0 0 0 1 
0.999759 0.0209134 0.00666238 -2.47988 -0.0208565 0.999746 -0.00849899 0.982819 -0.00683843 0.00835799 0.999942 -0.893907 0 0 0 1 
0.999755 0.021092 0.00671987 -2.50126 -0.0210338 0.999742 -0.00861811 0.992815 -0.0068999 0.00847465 0.99994 -0.903026 0 0 0 1 
0.999751 0.0212707 0.00677733 -2.52264 -0.0212112 0.999737 -0.00873723 1.00281 -0.0069614 0.0085913 0.999939 -0.912146 0 0 0 1 
0.999747 0.0214493 0.00683478 -2.54402 -0.0213885 0.999732 -0.00885637 1.01281 -0.00702291 0.00870794 0.999937 -0.921265 0 0 0 1 
0.999742 0.021628 0.00689221 -2.5654 -0.0215658 0.999727 -0.00897552 1.0228 -0.00708445 0.00882457 0.999936 -0.930385 0 0 0 1 
0.999738 0.0218066 0.00694961 -2.58678 -0.0217431 0.999722 -0.00909467 1.0328 -0.007146 0.00894119 0.999934 -0.939504 0 0 0 1 
0.999734 0.0219889 0.00700833 -2.60861 -0.0219239 0.999717 -0.00922071 1.04316 -0.0072091 0.00906461 0.999933 -0.948948 0 0 0 1 
0.999729 0.0221712 0.00706702 -2.63045 -0.0221048 0.999712 -0.00934677 1.05352 -0.00727222 0.00918802 0.999931 -0.958393 0 0 0 1 
0.999725 0.0223536 0.00712569 -2.65228 -0.0222856 0.999707 -0.00947283 1.06387 -0.00733536 0.00931142 0.99993 -0.967837 0 0 0 1 
0.99972 0.0225359 0.00718434 -2.67412 -0.0224665 0.999702 -0.0095989 1.07423 -0.00739852 0.00943481 0.999928 -0.977282 0 0 0 1 
0.999716 0.0227182 0.00724297 -2.69595 -0.0226473 0.999696 -0.00972498 1.08459 -0.0074617 0.00955818 0.999926 -0.986726 0 0 0 1 
0.999711 0.0229029 0.00730252 -2.71809 -0.0228304 0.999691 -0.00985604 1.09521 -0.00752599 0.00968647 0.999925 -0.996397 0 0 0 1 
0.999706 0.0230876 0.00736204 -2.74023 -0.0230136 0.999685 -0.00998711 1.10583 -0.0075903 0.00981475 0.999923 -1.00607 0 0 0 1 
0.999702 0.0232723 0.00742154 -2.76237 -0.0231967 0.99968 -0.0101182 1.11644 -0.00765464 0.00994302 0.999921 -1.01574 0 0 0 1 
0.999697 0.023457 0.00748102 -2.78451 -0.0233798 0.999674 -0.0102493 1.12706 -0.007719 0.0100713 0.999919 -1.02541 0 0 0 1 
0.999692 0.0236418 0.00754047 -2.80665 -0.0235629 0.999668 -0.0103804 1.13768 -0.00778338 0.0101995 0.999918 -1.03508 0 0 0 1 
0.999687 0.0238273 0.00760033 -2.82891 -0.0237467 0.999663 -0.0105164 1.1485 -0.00784834 0.0103327 0.999916 -1.04493 0 0 0 1 
0.999682 0.0240128 0.00766016 -2.85116 -0.0239306 0.999657 -0.0106525 1.15932 -0.00791333 0.0104658 0.999914 -1.05477 0 0 0 1 
0.999677 0.0241983 0.00771997 -2.87342 -0.0241144 0.999651 -0.0107885 1.17014 -0.00797834 0.0105989 0.999912 -1.06462 0 0 0 1 
0.999672 0.0243838 0.00777975 -2.89567 -0.0242982 0.999645 -0.0109246 1.18096 -0.00804337 0.010732 0.99991 -1.07446 0 0 0 1 
0.999667 0.0245694 0.00783951 -2.91793 -0.0244819 0.999639 -0.0110607 1.19178 -0.00810843 0.0108651 0.999908 -1.08431 0 0 0 1 
0.999662 0.0247585 0.0079006 -2.94064 -0.0246692 0.999633 -0.011204 1.20297 -0.00817509 0.0110053 0.999906 -1.09449 0 0 0 1 
0.999657 0.0249477 0.00796166 -2.96335 -0.0248565 0.999627 -0.0113472 1.21416 -0.00824178 0.0111454 0.999904 -1.10466 0 0 0 1 
0.999652 0.0251369 0.0080227 -2.98605 -0.0250438 0.99962 -0.0114905 1.22536 -0.00830849 0.0112856 0.999902 -1.11484 0 0 0 1 
0.999647 0.025326 0.0080837 -3.00876 -0.0252311 0.999614 -0.0116338 1.23655 -0.00837522 0.0114257 0.9999 -1.12501 0 0 0 1 
0.999641 0.0255152 0.00814469 -3.03147 -0.0254184 0.999608 -0.0117771 1.24774 -0.00844198 0.0115659 0.999897 -1.13519 0 0 0 1 
0.999636 0.0257068 0.00820663 -3.05449 -0.025608 0.999601 -0.0119253 1.25919 -0.00850992 0.0117108 0.999895 -1.14559 0 0 0 1 
0.99963 0.0258984 0.00826855 -3.07752 -0.0257976 0.999594 -0.0120735 1.27065 -0.00857788 0.0118557 0.999893 -1.15599 0 0 0 1 
0.999625 0.0260901 0.00833044 -3.10054 -0.0259873 0.999588 -0.0122217 1.2821 -0.00864586 0.0120006 0.999891 -1.16638 0 0 0 1 
0.999619 0.0262817 0.0083923 -3.12357 -0.0261769 0.999581 -0.0123699 1.29356 -0.00871388 0.0121455 0.999888 -1.17678 0 0 0 1 
0.999614 0.0264734 0.00845413 -3.14659 -0.0263664 0.999574 -0.0125181 1.30501 -0.00878192 0.0122903 0.999886 -1.18718 0 0 0 1 
0.999608 0.0266656 0.00851631 -3.1697 -0.0265565 0.999567 -0.0126726 1.3167 -0.00885055 0.0124415 0.999883 -1.19779 0 0 0 1 
0.999602 0.0268578 0.00857847 -3.19281 -0.0267465 0.99956 -0.0128272 1.3284 -0.0089192 0.0125926 0.999881 -1.2084 0 0 0 1 
0.999597 0.02705 0.0086406 -3.21592 -0.0269366 0.999553 -0.0129817 1.34009 -0.00898789 0.0127437 0.999878 -1.21901 0 0 0 1 
0.999591 0.0272422 0.00870269 -3.23903 -0.0271266 0.999546 -0.0131363 1.35179 -0.0090566 0.0128948 0.999876 -1.22962 0 0 0 1 
0.999585 0.0274344 0.00876476 -3.26214 -0.0273166 0.999538 -0.0132909 1.36348 -0.00912534 0.0130459 0.999873 -1.24023 0 0 0 1 
0.999579 0.0276304 0.00882823 -3.28572 -0.0275102 0.999531 -0.0134522 1.37554 -0.00919577 0.0132036 0.999871 -1.25115 0 0 0 1 
0.999573 0.0278263 0.00889166 -3.30931 -0.0277038 0.999523 -0.0136135 1.3876 -0.00926624 0.0133613 0.999868 -1.26208 0 0 0 1 
0.999567 0.0280223 0.00895507 -3.33289 -0.0278975 0.999516 -0.0137748 1.39967 -0.00933673 0.013519 0.999865 -1.273 0 0 0 1 
0.999561 0.0282183 0.00901844 -3.35648 -0.0280911 0.999508 -0.0139361 1.41173 -0.00940726 0.0136766 0.999862 -1.28393 0 0 0 1 
0.999555 0.0284143 0.00908178 -3.38006 -0.0282846 0.9995 -0.0140974 1.42379 -0.00947781 0.0138343 0.999859 -1.29485 0 0 0 1 
0.999549 0.028611 0.00914556 -3.40376 -0.0284789 0.999493 -0.0142641 1.43607 -0.00954903 0.0139972 0.999856 -1.30596 0 0 0 1 
0.999543 0.0288078 0.00920932 -3.42746 -0.0286731 0.999485 -0.0144308 1.44835 -0.00962029 0.0141601 0.999853 -1.31707 0 0 0 1 
0.999536 0.0290045 0.00927304 -3.45115 -0.0288674 0.999477 -0.0145975 1.46064 -0.00969158 0.014323 0.99985 -1.32817 0 0 0 1 
0.99953 0.0292013 0.00933672 -3.47485 -0.0290616 0.999469 -0.0147642 1.47292 -0.00976289 0.0144859 0.999847 -1.33928 0 0 0 1 
0.999524 0.0293981 0.00940038 -3.49855 -0.0292558 0.99946 -0.0149309 1.4852 -0.00983424 0.0146487 0.999844 -1.35039 0 0 0 1 
0.999517 0.0295971 0.00946495 -3.52254 -0.0294521 0.999452 -0.0151039 1.49778 -0.00990679 0.0148178 0.999841 -1.36175 0 0 0 1 
0.999511 0.0297961 0.00952949 -3.54653 -0.0296484 0.999444 -0.0152768 1.51037 -0.00997938 0.0149868 0.999838 -1.37311 0 0 0 1 
0.999504 0.0299951 0.00959399 -3.57052 -0.0298447 0.999435 -0.0154499 1.52295 -0.010052 0.0151559 0.999835 -1.38448 0 0 0 1 
0.999497 0.0301941 0.00965846 -3.59451 -0.030041 0.999427 -0.0156229 1.53554 -0.0101246 0.0153249 0.999831 -1.39584 0 0 0 1 
0.999491 0.0303931 0.0097229 -3.6185 -0.0302373 0.999418 -0.0157959 1.54812 -0.0101973 0.0154939 0.999828 -1.4072 0 0 0 1 
0.999484 0.0305925 0.00978767 -3.64256 -0.0304338 0.999409 -0.0159765 1.56098 -0.0102706 0.0156704 0.999824 -1.4188 0 0 0 1 
0.999477 0.0307919 0.00985241 -3.66661 -0.0306302 0.9994 -0.0161571 1.57384 -0.010344 0.0158469 0.999821 -1.4304 0 0 0 1 
0.99947 0.0309913 0.00991711 -3.69067 -0.0308267 0.999391 -0.0163377 1.5867 -0.0104174 0.0160233 0.999817 -1.44201 0 0 0 1 
0.999464 0.0311907 0.00998178 -3.71472 -0.0310232 0.999382 -0.0165183 1.59956 -0.0104908 0.0161998 0.999814 -1.45361 0 0 0 1 
0.999457 0.0313901 0.0100464 -3.73878 -0.0312196 0.999373 -0.016699 1.61242 -0.0105643 0.0163762 0.99981 -1.46521 0 0 0 1 
0.99945 0.0315918 0.010112 -3.76314 -0.0314182 0.999364 -0.0168856 1.62558 -0.010639 0.0165586 0.999806 -1.47706 0 0 0 1 
0.999443 0.0317935 0.0101775 -3.7875 -0.0316169 0.999354 -0.0170722 1.63874 -0.0107138 0.0167409 0.999802 -1.48891 0 0 0 1 
0.999436 0.0319953 0.0102431 -3.81185 -0.0318155 0.999345 -0.0172589 1.65191 -0.0107885 0.0169233 0.999799 -1.50076 0 0 0 1 
0.999428 0.032197 0.0103085 -3.83621 -0.0320141 0.999335 -0.0174456 1.66507 -0.0108634 0.0171056 0.999795 -1.51261 0 0 0 1 
0.999421 0.0323988 0.010374 -3.86057 -0.0322126 0.999325 -0.0176322 1.67823 -0.0109382 0.0172879 0.999791 -1.52446 0 0 0 1 
0.999414 0.0326028 0.0104404 -3.88523 -0.0324134 0.999316 -0.0178251 1.6917 -0.0110144 0.0174763 0.999787 -1.53656 0 0 0 1 
0.999406 0.0328068 0.0105068 -3.90989 -0.0326141 0.999306 -0.018018 1.70517 -0.0110906 0.0176647 0.999782 -1.54866 0 0 0 1 
0.999399 0.0330109 0.0105731 -3.93454 -0.0328148 0.999296 -0.0182109 1.71863 -0.0111668 0.017853 0.999778 -1.56075 0 0 0 1 
0.999392 0.033215 0.0106394 -3.9592 -0.0330155 0.999285 -0.0184038 1.7321 -0.0112431 0.0180414 0.999774 -1.57285 0 0 0 1 
0.999384 0.033419 0.0107056 -3.98386 -0.0332162 0.999275 -0.0185968 1.74557 -0.0113194 0.0182297 0.99977 -1.58495 0 0 0 1 
0.999377 0.0336235 0.0107723 -4.00859 -0.0334171 0.999265 -0.0187973 1.75932 -0.0113964 0.0184256 0.999765 -1.59729 0 0 0 1 
0.999369 0.0338279 0.0108388 -4.03332 -0.033618 0.999254 -0.0189979 1.77308 -0.0114734 0.0186215 0.999761 -1.60962 0 0 0 1 
0.999361 0.0340324 0.0109054 -4.05805 -0.0338189 0.999244 -0.0191985 1.78683 -0.0115505 0.0188174 0.999756 -1.62196 0 0 0 1 
0.999354 0.0342368 0.0109719 -4.08278 -0.0340197 0.999233 -0.0193991 1.80059 -0.0116276 0.0190133 0.999752 -1.63429 0 0 0 1 
0.999346 0.0344413 0.0110383 -4.10751 -0.0342206 0.999222 -0.0195997 1.81434 -0.0117048 0.0192091 0.999747 -1.64663 0 0 0 1 
0.999338 0.0346464 0.0111052 -4.13233 -0.0344219 0.999211 -0.0198071 1.82836 -0.0117827 0.0194117 0.999742 -1.65918 0 0 0 1 
0.99933 0.0348514 0.011172 -4.15715 -0.0346231 0.9992 -0.0200145 1.84238 -0.0118606 0.0196143 0.999737 -1.67174 0 0 0 1 
0.999322 0.0350565 0.0112388 -4.18198 -0.0348244 0.999189 -0.020222 1.85641 -0.0119386 0.0198169 0.999732 -1.68429 0 0 0 1 
0.999314 0.0352615 0.0113056 -4.2068 -0.0350256 0.999178 -0.0204294 1.87043 -0.0120166 0.0200194 0.999727 -1.69685 0 0 0 1 
0.999306 0.0354666 0.0113723 -4.23162 -0.0352268 0.999166 -0.0206369 1.88445 -0.0120947 0.020222 0.999722 -1.7094 0 0 0 1 
0.999298 0.0356723 0.0114394 -4.25654 -0.0354285 0.999155 -0.0208509 1.89873 -0.0121736 0.020431 0.999717 -1.72216 0 0 0 1 
0.99929 0.035878 0.0115066 -4.28147 -0.0356301 0.999143 -0.021065 1.91302 -0.0122525 0.02064 0.999712 -1.73493 0 0 0 1 
0.999282 0.0360837 0.0115736 -4.30639 -0.0358318 0.999131 -0.021279 1.9273 -0.0123314 0.0208491 0.999707 -1.74769 0 0 0 1 
0.999274 0.0362894 0.0116407 -4.33132 -0.0360334 0.999119 -0.0214931 1.94159 -0.0124104 0.021058 0.999701 -1.76046 0 0 0 1 
0.999265 0.0364951 0.0117077 -4.35624 -0.036235 0.999108 -0.0217072 1.95587 -0.0124894 0.021267 0.999696 -1.77322 0 0 0 1 
0.999257 0.036703 0.0117757 -4.38146 -0.0364387 0.999095 -0.0219281 1.97048 -0.0125698 0.0214827 0.99969 -1.78624 0 0 0 1 
0.999248 0.036911 0.0118436 -4.40668 -0.0366424 0.999083 -0.0221491 1.9851 -0.0126503 0.0216984 0.999685 -1.79927 0 0 0 1 
0.99924 0.037119 0.0119115 -4.4319 -0.036846 0.999071 -0.02237 1.99971 -0.0127308 0.0219141 0.999679 -1.81229 0 0 0 1 
0.999231 0.037327 0.0119793 -4.45712 -0.0370497 0.999058 -0.022591 2.01433 -0.0128113 0.0221298 0.999673 -1.82532 0 0 0 1 
0.999223 0.037535 0.0120471 -4.48234 -0.0372533 0.999045 -0.022812 2.02894 -0.0128919 0.0223454 0.999667 -1.83834 0 0 0 1 
0.999214 0.0377418 0.0121148 -4.50744 -0.0374556 0.999033 -0.0230406 2.04379 -0.0129727 0.0225687 0.999661 -1.85155 0 0 0 1 
0.999205 0.0379486 0.0121824 -4.53254 -0.0376578 0.99902 -0.0232693 2.05864 -0.0130535 0.022792 0.999655 -1.86477 0 0 0 1 
0.999197 0.0381554 0.01225 -4.55764 -0.03786 0.999007 -0.0234979 2.07349 -0.0131344 0.0230153 0.999649 -1.87798 0 0 0 1 
0.999188 0.0383622 0.0123175 -4.58274 -0.0380622 0.998994 -0.0237266 2.08834 -0.0132153 0.0232385 0.999643 -1.8912 0 0 0 1 
0.999179 0.038569 0.012385 -4.60784 -0.0382644 0.99898 -0.0239553 2.10319 -0.0132963 0.0234617 0.999636 -1.90441 0 0 0 1 
0.99917 0.0387779 0.0124534 -4.63322 -0.0384685 0.998967 -0.0241918 2.1184 -0.0133787 0.0236927 0.99963 -1.91791 0 0 0 1 
0.999161 0.0389868 0.0125218 -4.6586 -0.0386726 0.998953 -0.0244284 2.13361 -0.0134611 0.0239236 0.999623 -1.93141 0 0 0 1 
0.999152 0.0391958 0.0125902 -4.68397 -0.0388766 0.99894 -0.0246649 2.14883 -0.0135436 0.0241546 0.999616 -1.94491 0 0 0 1 
0.999143 0.0394047 0.0126585 -4.70935 -0.0390807 0.998926 -0.0249015 2.16404 -0.0136261 0.0243855 0.99961 -1.95841 0 0 0 1 
0.999134 0.0396137 0.0127267 -4.73473 -0.0392847 0.998912 -0.0251381 2.17925 -0.0137087 0.0246164 0.999603 -1.97191 0 0 0 1 
0.999125 0.0398216 0.0127949 -4.76001 -0.0394875 0.998898 -0.0253819 2.19469 -0.0137915 0.0248544 0.999596 -1.98558 0 0 0 1 
0.999116 0.0400294 0.012863 -4.78529 -0.0396902 0.998883 -0.0256257 2.21013 -0.0138744 0.0250925 0.999589 -1.99925 0 0 0 1 
0.999106 0.0402373 0.0129311 -4.81056 -0.0398929 0.998869 -0.0258695 2.22556 -0.0139574 0.0253305 0.999582 -2.01293 0 0 0 1 
0.999097 0.0404452 0.0129991 -4.83584 -0.0400956 0.998855 -0.0261133 2.241 -0.0140404 0.0255685 0.999574 -2.0266 0 0 0 1 
0.999088 0.0406531 0.0130671 -4.86112 -0.0402983 0.99884 -0.0263571 2.25644 -0.0141234 0.0258065 0.999567 -2.04027 0 0 0 1 
