1 0.00050229 3.29225e-19 -0.0136683 -0.00050229 0.999999 0.00148216 -0.0444315 7.44475e-07 -0.00148216 0.999999 0.0403655 0 0 0 1 
0.999999 0.00100056 6.61925e-19 -0.0272272 -0.00100055 0.999995 0.00297887 -0.0892317 2.98053e-06 -0.00297887 0.999996 0.0811941 0 0 0 1 
0.999999 0.00149506 9.98306e-19 -0.0406837 -0.00149505 0.999989 0.00449102 -0.134426 6.71435e-06 -0.00449101 0.99999 0.122512 0 0 0 1 
0.999998 0.0019854 1.33803e-18 -0.0540267 -0.00198536 0.99998 0.00601705 -0.179965 1.19462e-05 -0.00601704 0.999982 0.164279 0 0 0 1 
0.999997 0.00247059 1.68047e-18 -0.0672298 -0.00247052 0.999968 0.00755408 -0.225763 1.8663e-05 -0.00755405 0.999971 0.206417 0 0 0 1 
0.999996 0.00295197 2.02649e-18 -0.0803292 -0.00295185 0.999954 0.00910604 -0.271934 2.68808e-05 -0.009106 0.999959 0.249036 0 0 0 1 
0.999994 0.00342958 2.37614e-18 -0.0933258 -0.00342938 0.999937 0.010673 -0.31848 3.66039e-05 -0.0106729 0.999943 0.292141 0 0 0 1 
0.999992 0.00390208 2.72843e-18 -0.106184 -0.00390179 0.999917 0.0122505 -0.365267 4.78026e-05 -0.0122504 0.999925 0.335611 0 0 0 1 
0.99999 0.00437787 3.08435e-18 -0.119131 -0.00437745 0.999895 0.0138431 -0.412424 6.06032e-05 -0.0138429 0.999904 0.379569 0 0 0 1 
0.999988 0.00484183 3.44305e-18 -0.131756 -0.00484125 0.999869 0.0154468 -0.459837 7.47906e-05 -0.0154466 0.999881 0.423912 0 0 0 1 
0.999986 0.00530078 3.80434e-18 -0.144245 -0.00530001 0.99984 0.0170607 -0.507478 9.04349e-05 -0.0170604 0.999854 0.468616 0 0 0 1 
0.999983 0.00576474 4.17055e-18 -0.15687 -0.00576373 0.999809 0.0186952 -0.555649 0.000107773 -0.0186949 0.999825 0.51397 0 0 0 1 
0.999981 0.0062156 4.53848e-18 -0.169139 -0.00621432 0.999774 0.0203361 -0.603929 0.000126401 -0.0203357 0.999793 0.559579 0 0 0 1 
0.999978 0.00666906 4.9093e-18 -0.181478 -0.00666744 0.999736 0.0219884 -0.652468 0.000146642 -0.0219879 0.999758 0.605588 0 0 0 1 
0.999975 0.00711906 5.28384e-18 -0.193724 -0.00711707 0.999695 0.0236559 -0.701372 0.000168408 -0.0236553 0.99972 0.652103 0 0 0 1 
0.999971 0.00756456 5.66118e-18 -0.205847 -0.00756213 0.99965 0.0253344 -0.750519 0.000191643 -0.0253337 0.999679 0.699009 0 0 0 1 
0.999968 0.0080046 6.04044e-18 -0.217821 -0.00800167 0.999603 0.02702 -0.799792 0.000216284 -0.0270191 0.999635 0.746197 0 0 0 1 
0.999964 0.00844141 6.42353e-18 -0.229708 -0.00843793 0.999552 0.0287211 -0.849438 0.000242447 -0.0287201 0.999587 0.793907 0 0 0 1 
0.999961 0.00888148 6.80978e-18 -0.241683 -0.00887737 0.999497 0.0304347 -0.899364 0.000270306 -0.0304335 0.999537 0.842056 0 0 0 1 
0.999957 0.00930885 7.19771e-18 -0.253313 -0.00930404 0.99944 0.0321543 -0.949379 0.000299319 -0.0321529 0.999483 0.890457 0 0 0 1 
0.999953 0.00974049 7.58963e-18 -0.265058 -0.0097349 0.999378 0.03389 -0.999777 0.000330105 -0.0338883 0.999426 0.939403 0 0 0 1 
0.999948 0.0101756 7.98469e-18 -0.276899 -0.0101691 0.999313 0.035638 -1.05045 0.000362638 -0.0356362 0.999365 0.988789 0 0 0 1 
0.999944 0.0105986 8.38176e-18 -0.288409 -0.0105912 0.999244 0.0373933 -1.10124 0.000396315 -0.0373912 0.999301 1.03847 0 0 0 1 
0.999939 0.0110251 8.7819e-18 -0.300015 -0.0110166 0.999172 0.0391605 -1.15229 0.000431749 -0.0391582 0.999233 1.08858 0 0 0 1 
0.999934 0.0114477 9.1849e-18 -0.311515 -0.0114381 0.999096 0.0409388 -1.20357 0.000468656 -0.0409361 0.999162 1.13911 0 0 0 1 
0.99993 0.0118734 9.59022e-18 -0.323099 -0.0118626 0.999016 0.0427257 -1.255 0.000507299 -0.0427227 0.999087 1.18996 0 0 0 1 
0.999924 0.0122964 9.99957e-18 -0.33461 -0.0122842 0.998933 0.0445286 -1.30681 0.000547542 -0.0445253 0.999008 1.24138 0 0 0 1 
0.999919 0.0127226 1.04112e-17 -0.346208 -0.0127089 0.998845 0.0463398 -1.35876 0.000589563 -0.0463361 0.998926 1.29313 0 0 0 1 
0.999914 0.013137 1.08247e-17 -0.357484 -0.0131217 0.998754 0.0481577 -1.41081 0.000632647 -0.0481536 0.99884 1.34516 0 0 0 1 
0.999908 0.0135633 1.12418e-17 -0.369086 -0.0135464 0.998658 0.0499895 -1.46316 0.000678025 -0.0499849 0.99875 1.3977 0 0 0 1 
0.999902 0.0139861 1.16616e-17 -0.38059 -0.0139673 0.998558 0.0518318 -1.51572 0.000724926 -0.0518268 0.998656 1.45064 0 0 0 1 
0.999896 0.0144052 1.20839e-17 -0.391995 -0.0143845 0.998454 0.0536829 -1.56843 0.000773314 -0.0536773 0.998558 1.50393 0 0 0 1 
0.99989 0.014837 1.25103e-17 -0.403744 -0.0148141 0.998346 0.0555505 -1.62151 0.000824202 -0.0555444 0.998456 1.5578 0 0 0 1 
0.999884 0.0152563 1.29371e-17 -0.415154 -0.0152311 0.998234 0.0574178 -1.67448 0.000875982 -0.0574111 0.99835 1.61177 0 0 0 1 
0.999877 0.015689 1.3369e-17 -0.42693 -0.0156614 0.998117 0.0593058 -1.72793 0.000930451 -0.0592985 0.99824 1.66644 0 0 0 1 
0.99987 0.0161179 1.38024e-17 -0.4386 -0.0160877 0.997996 0.0611981 -1.78141 0.000986383 -0.0611902 0.998126 1.72134 0 0 0 1 
0.999848 0.0174251 1.51199e-17 -0.474171 -0.017386 0.997605 0.0669406 -1.94306 0.00116645 -0.0669305 0.997757 1.8886 0 0 0 1 
0.999815 0.0192245 1.69159e-17 -0.523138 -0.0191707 0.997019 0.0747414 -2.16111 0.00143687 -0.0747276 0.997203 2.1174 0 0 0 1 
0.999777 0.0211094 1.87569e-17 -0.574429 -0.0210371 0.996352 0.0827069 -2.38193 0.00174589 -0.0826885 0.996574 2.3529 0 0 0 1 
0.999733 0.02311 2.06426e-17 -0.628869 -0.0230145 0.9956 0.090833 -2.60526 0.00209915 -0.0908088 0.995866 2.59511 0 0 0 1 
0.999681 0.0252484 2.2573e-17 -0.68706 -0.0251241 0.994758 0.0991194 -2.83095 0.00250261 -0.0990878 0.995076 2.84411 0 0 0 1 
0.99962 0.0275725 2.45494e-17 -0.750304 -0.0274125 0.99382 0.10757 -3.05891 0.00296597 -0.107529 0.994198 3.10015 0 0 0 1 
0.999547 0.0300878 2.65697e-17 -0.818749 -0.029884 0.992779 0.116174 -3.28873 0.00349542 -0.116121 0.993229 3.36303 0 0 0 1 
0.999461 0.0328415 2.8634e-17 -0.893683 -0.0325842 0.99163 0.124932 -3.52021 0.00410296 -0.124865 0.992165 3.63287 0 0 0 1 
0.999357 0.0358464 3.07411e-17 -0.975454 -0.0355239 0.990366 0.133838 -3.75298 0.00479761 -0.133752 0.991003 3.90956 0 0 0 1 
0.999234 0.0391416 3.28901e-17 -1.06512 -0.03874 0.988981 0.142887 -3.98675 0.00559283 -0.142778 0.989739 4.1931 0 0 0 1 
0.999086 0.0427393 3.50767e-17 -1.16302 -0.0422423 0.987468 0.152061 -4.22081 0.00649899 -0.151922 0.988371 4.48298 0 0 0 1 
0.99891 0.0466757 3.73015e-17 -1.27014 -0.046064 0.985819 0.161364 -4.45503 0.00753178 -0.161188 0.986895 4.7794 0 0 0 1 
0.998701 0.0509623 3.95595e-17 -1.38679 -0.0502137 0.98403 0.170775 -4.68866 0.00870307 -0.170553 0.98531 5.08178 0 0 0 1 
0.998452 0.0556255 4.18482e-17 -1.51368 -0.0547141 0.982092 0.180284 -4.9212 0.0100284 -0.180005 0.983615 5.38986 0 0 0 1 
0.998158 0.060666 4.41622e-17 -1.65084 -0.0595624 0.980001 0.189871 -5.15192 0.0115187 -0.189522 0.981809 5.703 0 0 0 1 
0.997813 0.0661075 4.64989e-17 -1.79892 -0.0647782 0.977749 0.199528 -5.38034 0.0131903 -0.199092 0.979892 6.02093 0 0 0 1 
0.997408 0.0719489 4.88514e-17 -1.95787 -0.0703564 0.975332 0.209229 -5.60561 0.0150538 -0.208687 0.977867 6.34278 0 0 0 1 
0.996938 0.0781931 5.12159e-17 -2.12779 -0.0762956 0.972746 0.21896 -5.82718 0.0171212 -0.21829 0.975734 6.6681 0 0 0 1 
0.996394 0.0848451 5.35869e-17 -2.30881 -0.0825964 0.969986 0.228704 -6.04438 0.0194045 -0.22788 0.973496 6.99619 0 0 0 1 
0.995769 0.0918908 5.5957e-17 -2.50053 -0.0892405 0.96705 0.238434 -6.25638 0.0219099 -0.237425 0.971159 7.32606 0 0 0 1 
0.995056 0.0993202 5.83215e-17 -2.7027 -0.096214 0.963936 0.248135 -6.46265 0.0246448 -0.246908 0.968726 7.65709 0 0 0 1 
0.994246 0.107123 6.06757e-17 -2.91504 -0.103502 0.960641 0.257791 -6.66269 0.0276154 -0.256308 0.966201 7.98863 0 0 0 1 
0.993334 0.115274 6.30114e-17 -3.13685 -0.111078 0.957169 0.267374 -6.85572 0.0308214 -0.265592 0.963593 8.31952 0 0 0 1 
0.992314 0.123749 6.53245e-17 -3.36747 -0.118912 0.95352 0.276873 -7.04139 0.0342629 -0.274745 0.960906 8.64917 0 0 0 1 
0.99118 0.13252 6.76082e-17 -3.60614 -0.126974 0.9497 0.286263 -7.21914 0.0379356 -0.283738 0.958151 8.97656 0 0 0 1 
0.989931 0.141553 6.98578e-17 -3.85193 -0.13523 0.945714 0.295529 -7.38865 0.041833 -0.292554 0.955334 9.30097 0 0 0 1 
0.988562 0.150817 7.20671e-17 -4.10403 -0.143647 0.941569 0.304652 -7.54953 0.0459465 -0.301167 0.952464 9.62144 0 0 0 1 
0.987075 0.16026 7.42309e-17 -4.361 -0.152175 0.937279 0.31361 -7.70153 0.0502592 -0.309557 0.949552 9.93711 0 0 0 1 
0.98547 0.169847 7.63451e-17 -4.62188 -0.160778 0.932852 0.322392 -7.84454 0.0547573 -0.317708 0.946606 10.2473 0 0 0 1 
0.983751 0.179539 7.84041e-17 -4.88562 -0.16942 0.928305 0.330977 -7.97836 0.0594233 -0.325599 0.943639 10.551 0 0 0 1 
0.981925 0.189269 8.04004e-17 -5.1504 -0.178039 0.923663 0.339335 -8.10277 0.0642256 -0.333201 0.940666 10.8471 0 0 0 1 
0.979997 0.199013 8.23319e-17 -5.41555 -0.186614 0.918939 0.347458 -8.21791 0.0691488 -0.340508 0.937695 11.1351 0 0 0 1 
0.977981 0.208696 8.41905e-17 -5.67904 -0.195078 0.914164 0.355315 -8.32368 0.0741528 -0.347491 0.934747 11.4135 0 0 0 1 
0.975882 0.2183 8.59739e-17 -5.9404 -0.203419 0.909356 0.362895 -8.42024 0.0792202 -0.354143 0.93183 11.682 0 0 0 1 
0.973719 0.227754 8.76739e-17 -6.19764 -0.211576 0.904552 0.370165 -8.50761 0.0843065 -0.360437 0.928966 11.9392 0 0 0 1 
0.971503 0.237027 8.9286e-17 -6.44998 -0.219527 0.899777 0.377105 -8.5859 0.0893841 -0.366359 0.92617 12.1843 0 0 0 1 
0.969252 0.246071 9.0804e-17 -6.6961 -0.227238 0.895067 0.38369 -8.65526 0.0944151 -0.371892 0.923462 12.4161 0 0 0 1 
0.96698 0.254853 9.22226e-17 -6.93506 -0.234683 0.890452 0.389896 -8.71585 0.099366 -0.377021 0.920859 12.6337 0 0 0 1 
0.964707 0.263327 9.35331e-17 -7.16566 -0.241836 0.885973 0.395687 -8.76769 0.104195 -0.381722 0.918385 12.8359 0 0 0 1 
0.962444 0.271481 9.47318e-17 -7.38755 -0.248692 0.881653 0.401049 -8.81101 0.108877 -0.385987 0.916056 13.0218 0 0 0 1 
0.960211 0.279276 9.58113e-17 -7.59967 -0.255229 0.877532 0.405951 -8.84591 0.113372 -0.389798 0.913895 13.1903 0 0 0 1 
0.958021 0.286698 9.67672e-17 -7.80164 -0.261445 0.873637 0.410372 -8.87257 0.117653 -0.393145 0.911918 13.3407 0 0 0 1 
0.955889 0.293729 9.75914e-17 -7.99297 -0.267337 0.87 0.414284 -8.89095 0.121687 -0.39601 0.910148 13.4718 0 0 0 1 
0.953827 0.300356 9.82788e-17 -8.1733 -0.272904 0.866649 0.417664 -8.90117 0.125448 -0.398379 0.908601 13.5827 0 0 0 1 
0.951844 0.306584 9.88267e-17 -8.34276 -0.278161 0.8636 0.420503 -8.90335 0.128919 -0.400253 0.907291 13.673 0 0 0 1 
0.949951 0.312399 9.92288e-17 -8.50101 -0.283107 0.860878 0.422775 -8.89747 0.132075 -0.401615 0.906235 13.7417 0 0 0 1 
0.948153 0.317816 9.94832e-17 -8.6484 -0.287763 0.858495 0.424474 -8.8836 0.134905 -0.402466 0.90544 13.7887 0 0 0 1 
0.946453 0.322843 9.95887e-17 -8.78521 -0.292145 0.856457 0.425597 -8.86181 0.137401 -0.402807 0.904913 13.8138 0 0 0 1 
0.944857 0.327483 9.95419e-17 -8.91148 -0.296262 0.854777 0.426128 -8.83202 0.13955 -0.40263 0.904663 13.8165 0 0 0 1 
0.943363 0.331761 9.93462e-17 -9.0279 -0.300139 0.853446 0.426082 -8.79444 0.141358 -0.40195 0.904685 13.7973 0 0 0 1 
0.941974 0.335686 9.89983e-17 -9.13468 -0.30379 0.852471 0.425447 -8.74884 0.142816 -0.40076 0.904984 13.756 0 0 0 1 
0.940686 0.339279 9.85051e-17 -9.23247 -0.307233 0.851835 0.424246 -8.69552 0.143938 -0.399082 0.905547 13.6934 0 0 0 1 
0.939497 0.342556 9.78665e-17 -9.32164 -0.310483 0.851534 0.422481 -8.63437 0.144723 -0.39692 0.906372 13.6098 0 0 0 1 
0.938402 0.345546 9.70916e-17 -9.40301 -0.313562 0.851542 0.420184 -8.56568 0.145193 -0.394301 0.907439 13.5066 0 0 0 1 
0.937397 0.348263 9.61825e-17 -9.47694 -0.316481 0.85185 0.417362 -8.4894 0.145352 -0.391234 0.90874 13.384 0 0 0 1 
0.93648 0.350722 9.5147e-17 -9.54384 -0.319247 0.852438 0.414041 -8.40578 0.145213 -0.387741 0.910258 13.2435 0 0 0 1 
0.93564 0.352955 9.39933e-17 -9.60463 -0.321885 0.853277 0.410253 -8.31498 0.144801 -0.383849 0.911972 13.0862 0 0 0 1 
0.934876 0.354975 9.27289e-17 -9.6596 -0.324399 0.854348 0.406024 -8.21722 0.144128 -0.379582 0.913863 12.9133 0 0 0 1 
0.93418 0.356803 9.13622e-17 -9.70932 -0.326799 0.855625 0.401382 -8.11273 0.143214 -0.374963 0.915911 12.7262 0 0 0 1 
0.933548 0.358453 8.99031e-17 -9.75424 -0.329094 0.857084 0.396363 -8.00187 0.142078 -0.370024 0.918094 12.5263 0 0 0 1 
0.932971 0.35995 8.83608e-17 -9.79498 -0.331295 0.858698 0.391002 -7.88493 0.140741 -0.364793 0.92039 12.3151 0 0 0 1 
0.932449 0.361302 8.67439e-17 -9.83176 -0.333402 0.860445 0.385327 -7.76224 0.139219 -0.359297 0.92278 12.0938 0 0 0 1 
0.931971 0.362534 8.50643e-17 -9.86528 -0.335431 0.862296 0.379383 -7.63428 0.137539 -0.353573 0.92524 11.8643 0 0 0 1 
0.931536 0.363649 8.33274e-17 -9.89563 -0.337378 0.864238 0.373188 -7.50128 0.135709 -0.347638 0.927756 11.6273 0 0 0 1 
0.931136 0.364672 8.15467e-17 -9.92347 -0.339256 0.866238 0.366794 -7.36387 0.133759 -0.341535 0.930302 11.3848 0 0 0 1 
0.930769 0.365608 7.97287e-17 -9.94894 -0.341064 0.868283 0.360223 -7.22239 0.1317 -0.335284 0.932866 11.1378 0 0 0 1 
0.930427 0.366477 7.78831e-17 -9.97258 -0.342814 0.870349 0.353513 -7.07732 0.129554 -0.328918 0.93543 10.8876 0 0 0 1 
0.930111 0.367279 7.60168e-17 -9.99439 -0.3445 0.872426 0.346689 -6.92911 0.127331 -0.322459 0.93798 10.6354 0 0 0 1 
0.929811 0.368037 7.41402e-17 -10.015 -0.346139 0.874488 0.339793 -6.77834 0.125056 -0.315943 0.9405 10.3824 0 0 0 1 
0.929528 0.368752 7.22589e-17 -10.0345 -0.347726 0.876528 0.332845 -6.62542 0.122737 -0.309389 0.942982 10.1296 0 0 0 1 
0.929255 0.369439 7.03818e-17 -10.0532 -0.349272 0.878528 0.325881 -6.47092 0.120393 -0.302827 0.945411 9.8782 0 0 0 1 
0.928992 0.3701 6.85134e-17 -10.0712 -0.350774 0.880481 0.31892 -6.31525 0.118032 -0.296274 0.947782 9.62876 0 0 0 1 
0.928733 0.370748 6.66629e-17 -10.0888 -0.352242 0.882374 0.311997 -6.15907 0.115672 -0.289762 0.950083 9.38253 0 0 0 1 
0.928474 0.371398 6.48369e-17 -10.1065 -0.353684 0.884192 0.305143 -6.00292 0.113329 -0.283318 0.952306 9.14045 0 0 0 1 
0.928217 0.372039 6.30388e-17 -10.1239 -0.355093 0.885937 0.29837 -5.84721 0.111005 -0.276952 0.95445 8.90291 0 0 0 1 
0.927957 0.372687 6.12753e-17 -10.1416 -0.356478 0.887599 0.291706 -5.6925 0.108715 -0.27069 0.956508 8.67079 0 0 0 1 
0.927695 0.373339 5.95509e-17 -10.1593 -0.357837 0.889174 0.28517 -5.53931 0.106465 -0.264551 0.958477 8.44466 0 0 0 1 
0.927425 0.374009 5.7875e-17 -10.1775 -0.359179 0.890651 0.278803 -5.3885 0.104275 -0.258569 0.960348 8.22575 0 0 0 1 
0.927151 0.374687 5.6246e-17 -10.196 -0.360497 0.892038 0.272599 -5.24012 0.102139 -0.252741 0.962128 8.01376 0 0 0 1 
0.926868 0.375388 5.46748e-17 -10.2151 -0.361801 0.893321 0.266605 -5.0952 0.10008 -0.247108 0.963806 7.81013 0 0 0 1 
0.926578 0.376103 5.31619e-17 -10.2345 -0.363084 0.894506 0.260824 -4.954 0.0980965 -0.241674 0.965386 7.61483 0 0 0 1 
0.92628 0.376835 5.17134e-17 -10.2545 -0.36435 0.89559 0.255281 -4.81722 0.0961989 -0.236462 0.966867 7.42859 0 0 0 1 
0.925975 0.377586 5.03328e-17 -10.2749 -0.365596 0.896573 0.249993 -4.68533 0.0943938 -0.231487 0.968248 7.25181 0 0 0 1 
0.925664 0.378346 4.90232e-17 -10.2956 -0.366818 0.897459 0.244974 -4.55887 0.0926849 -0.226764 0.96953 7.0848 0 0 0 1 
0.925351 0.379112 4.77879e-17 -10.3164 -0.36801 0.898251 0.240237 -4.43831 0.0910766 -0.222303 0.970714 6.92789 0 0 0 1 
0.925034 0.379884 4.6631e-17 -10.3374 -0.369172 0.898949 0.235801 -4.32423 0.089577 -0.218124 0.971801 6.78154 0 0 0 1 
0.924715 0.380659 4.55554e-17 -10.3585 -0.370302 0.899556 0.231679 -4.21708 0.0881908 -0.214237 0.972792 6.64606 0 0 0 1 
0.924403 0.381418 4.45615e-17 -10.3792 -0.371384 0.900083 0.227871 -4.11718 0.0869142 -0.210645 0.973691 6.52133 0 0 0 1 
0.924097 0.382158 4.36521e-17 -10.3993 -0.372413 0.900532 0.22439 -4.02497 0.0857524 -0.207358 0.974499 6.40765 0 0 0 1 
0.923803 0.382868 4.28285e-17 -10.4186 -0.373381 0.900911 0.22124 -3.94077 0.0847058 -0.204382 0.975219 6.30507 0 0 0 1 
0.923525 0.383538 4.20915e-17 -10.4368 -0.374277 0.901226 0.218424 -3.86487 0.0837739 -0.20172 0.975854 6.21359 0 0 0 1 
0.923272 0.384148 4.14399e-17 -10.4534 -0.375085 0.90149 0.215935 -3.79738 0.0829509 -0.199367 0.976408 6.13293 0 0 0 1 
0.923047 0.384686 4.08739e-17 -10.4681 -0.375794 0.90171 0.213772 -3.73848 0.0822351 -0.197321 0.976884 6.06301 0 0 0 1 
0.922861 0.385133 4.03912e-17 -10.4802 -0.376385 0.9019 0.211923 -3.68818 0.0816185 -0.195575 0.977286 6.00341 0 0 0 1 
0.922719 0.385472 3.99901e-17 -10.4895 -0.376845 0.902069 0.210378 -3.64645 0.081095 -0.19412 0.97762 5.9538 0 0 0 1 
0.922639 0.385664 3.96643e-17 -10.4947 -0.377138 0.902242 0.209106 -3.613 0.0806448 -0.19293 0.977893 5.91322 0 0 0 1 
0.922621 0.385707 3.94134e-17 -10.4959 -0.377263 0.902422 0.208104 -3.58782 0.0802672 -0.192001 0.978107 5.88154 0 0 0 1 
0.922684 0.385556 3.92286e-17 -10.4918 -0.377179 0.902636 0.207328 -3.57035 0.0799364 -0.191298 0.978272 5.85746 0 0 0 1 
0.922835 0.385196 3.91062e-17 -10.482 -0.376873 0.902894 0.20676 -3.56034 0.0796431 -0.190805 0.978392 5.84044 0 0 0 1 
0.923089 0.384586 3.90371e-17 -10.4654 -0.376309 0.903222 0.206355 -3.55712 0.0793613 -0.190484 0.978477 5.82915 0 0 0 1 
0.923456 0.383705 3.90153e-17 -10.4414 -0.375469 0.903633 0.206086 -3.56023 0.0790764 -0.190311 0.978534 5.82274 0 0 0 1 
0.923953 0.382507 3.90298e-17 -10.4088 -0.374311 0.904155 0.205899 -3.56885 0.0787579 -0.190241 0.978573 5.81965 0 0 0 1 
0.924589 0.380966 3.90726e-17 -10.3668 -0.372814 0.904806 0.205757 -3.5823 0.0783865 -0.190241 0.978603 5.81876 0 0 0 1 
0.925382 0.379036 3.91317e-17 -10.3143 -0.370938 0.905611 0.205604 -3.59962 0.0779315 -0.190263 0.978635 5.81837 0 0 0 1 
0.926335 0.376701 3.91997e-17 -10.2508 -0.368668 0.906582 0.205407 -3.62014 0.0773771 -0.190276 0.978677 5.8175 0 0 0 1 
0.927465 0.373909 3.92633e-17 -10.1748 -0.365959 0.907747 0.205105 -3.64279 0.0766907 -0.190228 0.97874 5.8143 0 0 0 1 
0.928777 0.370638 3.93136e-17 -10.0858 -0.362793 0.909118 0.20466 -3.66671 0.0758547 -0.190083 0.978833 5.80755 0 0 0 1 
0.930278 0.366855 3.93392e-17 -9.98287 -0.359139 0.910711 0.204021 -3.6909 0.0748462 -0.189796 0.978966 5.79575 0 0 0 1 
0.931973 0.362527 3.93297e-17 -9.86509 -0.354968 0.912541 0.203144 -3.71437 0.0736451 -0.189325 0.979149 5.77744 0 0 0 1 
0.93386 0.357639 3.92766e-17 -9.73208 -0.350267 0.91461 0.201995 -3.73621 0.0722413 -0.188635 0.979387 5.75155 0 0 0 1 
0.935937 0.352168 3.91707e-17 -9.5832 -0.345014 0.916924 0.200538 -3.75547 0.0706229 -0.187691 0.979686 5.71686 0 0 0 1 
0.938201 0.346091 3.90027e-17 -9.41784 -0.339188 0.919487 0.198735 -3.77112 0.0687804 -0.186453 0.980053 5.67217 0 0 0 1 
0.940639 0.339409 3.87669e-17 -9.23599 -0.332787 0.922287 0.196569 -3.78235 0.0667172 -0.184901 0.98049 5.61682 0 0 0 1 
0.94324 0.332111 3.84559e-17 -9.0374 -0.3258 0.925318 0.194015 -3.78818 0.0644344 -0.183003 0.980999 5.54991 0 0 0 1 
0.945988 0.324201 3.80648e-17 -8.82217 -0.318229 0.928562 0.191058 -3.78776 0.0619412 -0.180739 0.981579 5.4709 0 0 0 1 
0.948863 0.315688 3.75895e-17 -8.5905 -0.310077 0.932 0.18769 -3.78028 0.0592514 -0.178092 0.982228 5.37939 0 0 0 1 
0.951845 0.306578 3.70253e-17 -8.34262 -0.30135 0.935612 0.183899 -3.76484 0.0563795 -0.175044 0.982945 5.27493 0 0 0 1 
0.954906 0.296908 3.6372e-17 -8.07946 -0.292075 0.939362 0.179697 -3.74084 0.0533536 -0.171594 0.983722 5.15776 0 0 0 1 
0.958023 0.286691 3.5626e-17 -7.80143 -0.282263 0.943226 0.175078 -3.70741 0.0501932 -0.167729 0.984555 5.0276 0 0 0 1 
0.96117 0.275958 3.47869e-17 -7.50936 -0.271938 0.947171 0.170049 -3.6639 0.0469264 -0.163446 0.985436 4.88464 0 0 0 1 
0.964311 0.264771 3.38574e-17 -7.20495 -0.261158 0.951152 0.164637 -3.60988 0.0435912 -0.158762 0.986354 4.7296 0 0 0 1 
0.967428 0.253147 3.28352e-17 -6.88863 -0.249933 0.955146 0.158839 -3.5446 0.0402095 -0.153665 0.987305 4.56241 0 0 0 1 
0.970485 0.241163 3.17253e-17 -6.56254 -0.238336 0.959105 0.152689 -3.46784 0.0368231 -0.148183 0.988274 4.38413 0 0 0 1 
0.973463 0.228843 3.05271e-17 -6.22728 -0.226384 0.963005 0.146192 -3.37904 0.033455 -0.142312 0.989256 4.19492 0 0 0 1 
0.976334 0.216268 2.9246e-17 -5.8851 -0.214157 0.966804 0.139381 -3.27809 0.0301437 -0.136082 0.990239 3.99591 0 0 0 1 
0.979078 0.203486 2.78849e-17 -5.53727 -0.201698 0.970475 0.132275 -3.16481 0.0269162 -0.129508 0.991213 3.78778 0 0 0 1 
0.981675 0.190564 2.64492e-17 -5.18563 -0.189072 0.973987 0.124904 -3.03926 0.0238022 -0.122615 0.992169 3.57154 0 0 0 1 
0.98411 0.17756 2.49433e-17 -4.83176 -0.176334 0.977317 0.117291 -2.9015 0.0208262 -0.115428 0.993098 3.34809 0 0 0 1 
0.986368 0.164555 2.33755e-17 -4.47789 -0.163566 0.980439 0.109477 -2.75203 0.0180151 -0.107985 0.993989 3.11881 0 0 0 1 
0.988443 0.15159 2.17494e-17 -4.12507 -0.150807 0.983341 0.101477 -2.59099 0.0153829 -0.100305 0.994838 2.88435 0 0 0 1 
0.990328 0.138746 2.00747e-17 -3.77555 -0.13814 0.986005 0.0933351 -2.41922 0.0129499 -0.0924324 0.995635 2.64623 0 0 0 1 
0.992021 0.126074 1.83581e-17 -3.43073 -0.125617 0.988424 0.0850785 -2.23735 0.0107262 -0.0843997 0.996374 2.40546 0 0 0 1 
0.993521 0.113645 1.66091e-17 -3.09251 -0.11331 0.990591 0.0767472 -2.04638 0.00872195 -0.07625 0.997051 2.1634 0 0 0 1 
0.994833 0.101521 1.48375e-17 -2.7626 -0.101284 0.992505 0.0683808 -1.84746 0.0069421 -0.0680275 0.997659 1.92139 0 0 0 1 
0.995965 0.0897419 1.30512e-17 -2.44206 -0.0895802 0.99417 0.0600087 -1.64162 0.0053853 -0.0597666 0.998198 1.68043 0 0 0 1 
0.996924 0.078376 1.12618e-17 -2.13277 -0.0782713 0.995592 0.0516782 -1.43039 0.00405033 -0.0515193 0.998664 1.44203 0 0 0 1 
0.997722 0.0674628 9.47908e-18 -1.8358 -0.0673992 0.996781 0.0434261 -1.21518 0.00292965 -0.0433272 0.999057 1.20732 0 0 0 1 
0.998372 0.0570383 7.71244e-18 -1.55213 -0.0570028 0.99775 0.0352881 -0.99742 0.00201277 -0.0352306 0.999377 0.977381 0 0 0 1 
0.998887 0.0471579 5.9742e-18 -1.28326 -0.0471403 0.998515 0.0273132 -0.778981 0.00128803 -0.0272828 0.999627 0.753613 0 0 0 1 
0.999284 0.0378366 4.27324e-18 -1.02961 -0.0378294 0.999093 0.0195346 -0.561364 0.000739123 -0.0195206 0.999809 0.53692 0 0 0 1 
0.999576 0.0291256 2.62211e-18 -0.792566 -0.0291235 0.999504 0.0120032 -0.346591 0.000349599 -0.0119981 0.999928 0.328653 0 0 0 1 
0.999779 0.0210256 1.02834e-18 -0.572148 -0.0210253 0.999768 0.00474692 -0.136086 9.98068e-05 -0.00474587 0.999989 0.129483 0 0 0 1 
0.999908 0.0135753 -4.95746e-19 -0.369413 -0.0135753 0.999905 -0.00218313 0.0680663 -2.96367e-05 0.00218293 0.999998 -0.0593304 0 0 0 1 
0.999977 0.00676285 -1.94375e-18 -0.184031 -0.00676259 0.999939 -0.00876241 0.264539 -5.92588e-05 0.00876221 0.999962 -0.237286 0 0 0 1 
1 0.00061163 -3.30554e-18 -0.0166437 -0.000611562 0.999888 -0.0149483 0.451495 -9.14284e-06 0.0149483 0.999888 -0.403422 0 0 0 1 
0.999988 -0.00487423 -4.57249e-18 0.132638 0.00487318 0.999774 -0.0207043 0.627286 0.000100918 0.0207041 0.999786 -0.556969 0 0 0 1 
0.999953 -0.00971396 -5.73987e-18 0.264337 0.00971068 0.999615 -0.0260106 0.790808 0.000252666 0.0260094 0.999662 -0.697618 0 0 0 1 
0.999903 -0.0139071 -6.80009e-18 0.378441 0.0139005 0.999428 -0.0308337 0.940581 0.000428809 0.0308308 0.999525 -0.824703 0 0 0 1 
0.999847 -0.0174668 -7.74793e-18 0.475308 0.017456 0.99923 -0.0351502 1.07547 0.000613962 0.0351448 0.999382 -0.937823 0 0 0 1 
0.999792 -0.0204165 -8.57989e-18 0.555576 0.0204011 0.999033 -0.0389438 1.19462 0.000795097 0.0389356 0.999241 -1.03676 0 0 0 1 
0.99974 -0.022781 -9.29274e-18 0.619916 0.0227607 0.99885 -0.0421989 1.29726 0.000961331 0.0421879 0.999109 -1.1213 0 0 0 1 
0.999698 -0.0245776 -9.883e-18 0.668806 0.0245528 0.99869 -0.0448986 1.38261 0.0011035 0.044885 0.998992 -1.19116 0 0 0 1 
0.999666 -0.0258535 -1.03515e-17 0.703525 0.0258248 0.998559 -0.0470451 1.45057 0.00121628 0.0470294 0.998893 -1.24655 0 0 0 1 
0.999646 -0.0266204 -1.06953e-17 0.724394 0.0265889 0.998463 -0.0486241 1.50054 0.00129439 0.0486069 0.998817 -1.28721 0 0 0 1 
0.999637 -0.0269353 -1.09171e-17 0.732964 0.0269021 0.998405 -0.0496459 1.53279 0.00133723 0.0496279 0.998767 -1.31348 0 0 0 1 
0.99964 -0.0268221 -1.10165e-17 0.729883 0.0267884 0.998384 -0.0501084 1.54721 0.00134401 0.0500904 0.998744 -1.32537 0 0 0 1 
0.999653 -0.0263312 -1.09971e-17 0.716525 0.0262982 0.998402 -0.0500257 1.54427 0.00131724 0.0500083 0.998748 -1.32327 0 0 0 1 
0.999675 -0.0254872 -1.08593e-17 0.693558 0.0254561 0.998455 -0.0494001 1.52406 0.00125907 0.049384 0.998779 -1.30721 0 0 0 1 
0.999703 -0.0243506 -1.06088e-17 0.662628 0.0243222 0.998539 -0.0482567 1.48746 0.00117508 0.0482424 0.998835 -1.27782 0 0 0 1 
0.999737 -0.022947 -1.02476e-17 0.624434 0.0229221 0.99865 -0.0466049 1.43487 0.00106944 0.0465927 0.998913 -1.23528 0 0 0 1 
0.999773 -0.0213281 -9.78112e-18 0.580382 0.021307 0.998783 -0.0444703 1.36721 0.000948469 0.0444602 0.999011 -1.18017 0 0 0 1 
0.999809 -0.0195189 -9.21198e-18 0.531148 0.0195018 0.998933 -0.0418655 1.285 0.000817166 0.0418575 0.999123 -1.11272 0 0 0 1 
0.999846 -0.0175707 -8.5469e-18 0.478134 0.0175575 0.999092 -0.0388224 1.18938 0.000682137 0.0388164 0.999246 -1.03366 0 0 0 1 
0.999879 -0.0155246 -7.79108e-18 0.422455 0.0155148 0.999254 -0.0353664 1.08129 0.000549048 0.0353621 0.999374 -0.943508 0 0 0 1 
0.99991 -0.0133957 -6.94753e-18 0.364523 0.013389 0.999414 -0.0315133 0.961355 0.000422141 0.0315105 0.999503 -0.842564 0 0 0 1 
0.999937 -0.0112231 -6.02204e-18 0.305403 0.0112189 0.999565 -0.0272915 0.830594 0.000306295 0.0272898 0.999628 -0.731436 0 0 0 1 
0.999959 -0.00902836 -5.01884e-18 0.24568 0.00902603 0.999701 -0.0227227 0.689817 0.000205149 0.0227218 0.999742 -0.61056 0 0 0 1 
0.999977 -0.00684814 -3.94406e-18 0.186352 0.00684705 0.999817 -0.0178373 0.540085 0.000122152 0.0178368 0.999841 -0.480604 0 0 0 1 
0.999989 -0.00468463 -2.80034e-18 0.127478 0.00468426 0.999909 -0.0126496 0.381965 5.92589e-05 0.0126495 0.99992 -0.341818 0 0 0 1 
0.999997 -0.0025711 -1.59348e-18 0.0699649 0.00257104 0.999971 -0.0071888 0.216457 1.84832e-05 0.00718877 0.999974 -0.194846 0 0 0 1 
1 -0.000506523 -3.25885e-19 0.0137835 0.000506523 0.999999 -0.00146818 0.0440781 7.43665e-07 0.00146818 0.999999 -0.0399197 0 0 0 1 
