0.999996 0.0027928 0.000762419 -0.290099 -0.00279476 0.999993 0.00257894 -0.0812068 -0.000755211 -0.00258106 0.999996 0.160589 0 0 0 1 
0.999983 0.0055877 0.00151963 -0.580767 -0.00559546 0.999971 0.0051483 -0.161069 -0.00149082 -0.00515671 0.999986 0.319579 0 0 0 1 
0.999962 0.00838522 0.00227142 -0.872036 -0.0084025 0.999935 0.0077077 -0.2396 -0.00220664 -0.00772649 0.999968 0.476841 0 0 0 1 
0.999933 0.0111849 0.00301831 -1.1639 -0.0112153 0.999884 0.0102579 -0.316801 -0.00290322 -0.0102911 0.999943 0.632581 0 0 0 1 
0.999895 0.0139786 0.0037573 -1.45546 -0.0140256 0.99982 0.0127898 -0.392449 -0.00357784 -0.0128411 0.999911 0.786004 0 0 0 1 
0.999849 0.0167753 0.00449118 -1.74766 -0.0168422 0.999741 0.0153121 -0.466798 -0.00423316 -0.0153854 0.999873 0.937749 0 0 0 1 
0.999795 0.019575 0.00521999 -2.04053 -0.0196652 0.999648 0.0178249 -0.539859 -0.00486922 -0.0179239 0.999827 1.0878 0 0 0 1 
0.999732 0.0223692 0.00594118 -2.33313 -0.0224856 0.999541 0.0203198 -0.611414 -0.00548391 -0.0204479 0.999776 1.23557 0 0 0 1 
0.999661 0.0251581 0.00666116 -2.6249 -0.025304 0.99942 0.0227961 -0.681473 -0.00608379 -0.0229569 0.999718 1.38055 0 0 0 1 
0.999582 0.0279507 0.00736971 -2.91799 -0.0281287 0.999285 0.0252636 -0.750302 -0.00665831 -0.0254603 0.999654 1.52424 0 0 0 1 
0.999495 0.0307381 0.00807091 -3.21085 -0.0309509 0.999137 0.0277135 -0.817679 -0.00721208 -0.0279493 0.999583 1.66568 0 0 0 1 
0.999399 0.0335302 0.00877326 -3.50389 -0.0337806 0.998974 0.030153 -0.883836 -0.00775323 -0.0304313 0.999507 1.80474 0 0 0 1 
0.999296 0.0363173 0.00946189 -3.79734 -0.0366077 0.998799 0.0325757 -0.948587 -0.00826746 -0.0328991 0.999424 1.94197 0 0 0 1 
0.999184 0.0390918 0.0101467 -4.0891 -0.0394245 0.99861 0.0349714 -1.01175 -0.00876553 -0.0353429 0.999337 2.07567 0 0 0 1 
0.999064 0.0418707 0.0108268 -4.38166 -0.042248 0.998408 0.0373581 -1.07374 -0.00924537 -0.0377805 0.999243 2.20762 0 0 0 1 
0.998937 0.0446456 0.0114996 -4.67409 -0.0450697 0.998194 0.0397273 -1.13438 -0.00970514 -0.0402034 0.999144 2.33717 0 0 0 1 
0.998802 0.047408 0.0121623 -4.96546 -0.0478807 0.997967 0.0420707 -1.19351 -0.0101431 -0.0426026 0.999041 2.46369 0 0 0 1 
0.998658 0.0501756 0.0128204 -5.25767 -0.0506989 0.997726 0.0444051 -1.25153 -0.0105632 -0.0449955 0.998931 2.58838 0 0 0 1 
0.998507 0.0529318 0.0134746 -5.54829 -0.0535074 0.997474 0.0467126 -1.3081 -0.010968 -0.0473638 0.998817 2.70939 0 0 0 1 
0.998349 0.0556841 0.0141155 -5.8394 -0.0563135 0.99721 0.0490041 -1.3634 -0.0113473 -0.0497181 0.998699 2.82858 0 0 0 1 
0.998182 0.0584337 0.0147554 -6.12987 -0.0591186 0.996933 0.0512776 -1.41748 -0.0117138 -0.0520567 0.998575 2.94479 0 0 0 1 
0.998009 0.0611724 0.0153916 -6.41878 -0.0619143 0.996645 0.0535246 -1.47018 -0.0120657 -0.054371 0.998448 3.05733 0 0 0 1 
0.997827 0.0639083 0.0160142 -6.70824 -0.0647082 0.996345 0.0557554 -1.52171 -0.0123925 -0.0566705 0.998316 3.16784 0 0 0 1 
0.997639 0.0666333 0.0166334 -6.99615 -0.0674926 0.996035 0.05796 -1.57192 -0.0127053 -0.0589458 0.99818 3.27475 0 0 0 1 
0.997443 0.0693558 0.0172455 -7.28405 -0.0702754 0.995713 0.0601482 -1.62098 -0.013 -0.0612063 0.99804 3.37923 0 0 0 1 
0.997241 0.0720596 0.0178514 -7.56947 -0.0730405 0.995381 0.0623017 -1.66866 -0.0132795 -0.0634337 0.997898 3.47936 0 0 0 1 
0.99703 0.0747701 0.0184527 -7.85588 -0.0758134 0.995037 0.064447 -1.7154 -0.0135424 -0.0656545 0.997751 3.57758 0 0 0 1 
0.996813 0.0774621 0.0190479 -8.13982 -0.0785685 0.994684 0.066558 -1.76081 -0.013791 -0.0678425 0.997601 3.6715 0 0 0 1 
0.996589 0.0801519 0.0196299 -8.42438 -0.0813217 0.994321 0.0686537 -1.80518 -0.0140157 -0.0700159 0.997447 3.76344 0 0 0 1 
0.996359 0.0828243 0.0202118 -8.70593 -0.0840584 0.993949 0.0707141 -1.84831 -0.0142327 -0.0721556 0.997292 3.85045 0 0 0 1 
0.996122 0.0854947 0.020787 -8.98752 -0.0867937 0.993566 0.0727589 -1.89044 -0.0144328 -0.0742809 0.997133 3.9351 0 0 0 1 
0.995878 0.0881559 0.0213523 -9.26824 -0.0895199 0.993174 0.0747789 -1.9315 -0.0146144 -0.0763821 0.996972 4.01644 0 0 0 1 
0.995627 0.0908081 0.0219206 -9.54692 -0.0922381 0.992773 0.076773 -1.97154 -0.0147906 -0.0784592 0.996808 4.09369 0 0 0 1 
0.995371 0.0934423 0.0224702 -9.82434 -0.0949375 0.992365 0.078735 -2.01044 -0.0149414 -0.0805038 0.996642 4.16751 0 0 0 1 
0.995108 0.0960761 0.0230254 -10.1007 -0.0976378 0.991946 0.0806799 -2.04849 -0.0150886 -0.0825333 0.996474 4.23789 0 0 0 1 
0.994839 0.0986928 0.0235682 -10.3753 -0.10032 0.991521 0.0825921 -2.08548 -0.0152172 -0.0845302 0.996305 4.30435 0 0 0 1 
0.993996 0.106482 0.0251678 -11.1899 -0.108308 0.990199 0.0881736 -2.19101 -0.0155322 -0.0903701 0.995787 4.48168 0 0 0 1 
0.992793 0.116706 0.0272282 -12.2519 -0.118794 0.988342 0.0952294 -2.31994 -0.0157969 -0.0977776 0.995083 4.66404 0 0 0 1 
0.991506 0.126737 0.029214 -13.2836 -0.129084 0.986391 0.101838 -2.43723 -0.0159097 -0.104744 0.994372 4.78332 0 0 0 1 
0.990144 0.136551 0.0311328 -14.2796 -0.139149 0.984368 0.107972 -2.54477 -0.0159024 -0.11124 0.993666 4.83613 0 0 0 1 
0.988712 0.146151 0.0329979 -15.2385 -0.148994 0.982286 0.113642 -2.64465 -0.0158044 -0.117276 0.992974 4.82327 0 0 0 1 
0.98722 0.155512 0.0348279 -16.1535 -0.158593 0.980169 0.118819 -2.73893 -0.0156594 -0.122824 0.992305 4.74077 0 0 0 1 
0.985673 0.164642 0.0366262 -17.0249 -0.167954 0.978025 0.123524 -2.82953 -0.0154841 -0.127906 0.991665 4.59174 0 0 0 1 
0.984081 0.17352 0.0384145 -17.8467 -0.17706 0.975875 0.127738 -2.91845 -0.0153227 -0.132506 0.991064 4.37398 0 0 0 1 
0.982446 0.182162 0.0402052 -18.6195 -0.185926 0.973726 0.13149 -3.00741 -0.0151964 -0.136657 0.990502 4.09156 0 0 0 1 
0.980777 0.190554 0.042016 -19.3386 -0.194543 0.971592 0.134769 -3.09824 -0.0151416 -0.140353 0.989986 3.74383 0 0 0 1 
0.97908 0.198693 0.0438541 -20.0026 -0.202908 0.969483 0.137589 -3.19239 -0.0151779 -0.143609 0.989518 3.33399 0 0 0 1 
0.977356 0.206595 0.0457498 -20.6106 -0.211043 0.967403 0.139972 -3.29135 -0.0153411 -0.146458 0.989098 2.86525 0 0 0 1 
0.975611 0.214257 0.0477104 -21.1615 -0.218946 0.965359 0.141929 -3.39632 -0.0156484 -0.148914 0.988726 2.34096 0 0 0 1 
0.973848 0.221685 0.0497586 -21.6538 -0.226628 0.963356 0.143476 -3.50844 -0.0161286 -0.151001 0.988402 1.76459 0 0 0 1 
0.972067 0.228892 0.0519026 -22.0891 -0.234102 0.961393 0.14464 -3.62847 -0.0167917 -0.15275 0.988122 1.14162 0 0 0 1 
0.970268 0.235891 0.0541699 -22.4672 -0.241386 0.959468 0.145444 -3.7572 -0.0176654 -0.154195 0.987882 0.476525 0 0 0 1 
0.968454 0.242686 0.0565677 -22.7887 -0.248485 0.957584 0.145904 -3.89517 -0.0187596 -0.155357 0.98768 -0.225875 0 0 0 1 
0.966619 0.249305 0.0591202 -23.0569 -0.25543 0.955731 0.14606 -4.04257 -0.0200897 -0.156285 0.987508 -0.958601 0 0 0 1 
0.964762 0.255752 0.0618422 -23.2723 -0.262229 0.953909 0.145924 -4.1998 -0.0216714 -0.156999 0.987361 -1.71756 0 0 0 1 
0.962883 0.262039 0.0647422 -23.4374 -0.268893 0.952114 0.14552 -4.36682 -0.0235099 -0.157528 0.987235 -2.49688 0 0 0 1 
0.960974 0.268192 0.0678424 -23.5564 -0.275451 0.950334 0.144885 -4.54338 -0.0256159 -0.157918 0.98712 -3.28953 0 0 0 1 
0.959027 0.274231 0.0711632 -23.6329 -0.281927 0.948561 0.144046 -4.72924 -0.0280007 -0.158207 0.987009 -4.08968 0 0 0 1 
0.957043 0.280158 0.0747075 -23.6694 -0.288321 0.946794 0.143014 -4.92405 -0.0306662 -0.15841 0.986897 -4.8926 0 0 0 1 
0.955008 0.286003 0.0785 -23.672 -0.294669 0.945015 0.141832 -5.12699 -0.0336195 -0.158582 0.986773 -5.69058 0 0 0 1 
0.95292 0.291768 0.0825463 -23.6434 -0.300971 0.943225 0.140508 -5.33754 -0.0368638 -0.158737 0.986632 -6.47949 0 0 0 1 
0.95077 0.297476 0.0868639 -23.5894 -0.307254 0.94141 0.139077 -5.55467 -0.0404025 -0.158919 0.986465 -7.25265 0 0 0 1 
0.948552 0.303123 0.0914607 -23.5128 -0.313515 0.939569 0.137544 -5.77767 -0.0442408 -0.159142 0.986264 -8.00633 0 0 0 1 
0.946259 0.308727 0.0963439 -23.42 -0.319773 0.937691 0.135943 -6.00506 -0.0483714 -0.159446 0.986021 -8.73381 0 0 0 1 
0.94388 0.314297 0.10153 -23.3158 -0.326042 0.935768 0.134297 -6.23558 -0.0527998 -0.159863 0.985726 -9.42982 0 0 0 1 
0.941415 0.319819 0.107019 -23.2018 -0.332307 0.933804 0.132602 -6.46831 -0.0575259 -0.160396 0.985375 -10.0922 0 0 0 1 
0.938863 0.325287 0.112802 -23.0834 -0.338564 0.931796 0.130885 -6.70127 -0.0625329 -0.161073 0.984959 -10.7149 0 0 0 1 
0.936218 0.330697 0.118893 -22.9623 -0.344812 0.929745 0.129149 -6.93351 -0.0678307 -0.161907 0.984472 -11.2959 0 0 0 1 
0.933481 0.336035 0.125278 -22.8433 -0.351037 0.927651 0.127422 -7.16268 -0.0733957 -0.162923 0.983905 -11.8291 0 0 0 1 
0.930654 0.341278 0.131959 -22.7256 -0.357219 0.925525 0.125691 -7.38817 -0.0792359 -0.164113 0.983254 -12.315 0 0 0 1 
0.927742 0.346405 0.138921 -22.6129 -0.363338 0.92337 0.123986 -7.60753 -0.085326 -0.165503 0.982511 -12.7478 0 0 0 1 
0.924754 0.351383 0.14615 -22.5038 -0.369362 0.921203 0.122299 -7.81982 -0.0916605 -0.167079 0.981674 -13.1277 0 0 0 1 
0.921701 0.356182 0.15363 -22.3986 -0.375261 0.919035 0.120641 -8.02342 -0.0982212 -0.168846 0.980736 -13.4523 0 0 0 1 
0.918594 0.360768 0.161341 -22.2963 -0.381 0.916883 0.119017 -8.21713 -0.104993 -0.1708 0.979696 -13.7207 0 0 0 1 
0.915458 0.365091 0.169248 -22.1944 -0.386527 0.914772 0.117428 -8.39977 -0.111951 -0.17292 0.978553 -13.9328 0 0 0 1 
0.912308 0.369115 0.177335 -22.0895 -0.391806 0.912723 0.115871 -8.57094 -0.119088 -0.17519 0.977306 -14.0897 0 0 0 1 
0.909169 0.372799 0.185563 -21.9796 -0.396791 0.910758 0.114356 -8.72956 -0.126371 -0.177598 0.975956 -14.1909 0 0 0 1 
0.906061 0.376105 0.193906 -21.8612 -0.401442 0.908901 0.112886 -8.8754 -0.133785 -0.180123 0.974504 -14.238 0 0 0 1 
0.903019 0.378979 0.202315 -21.7284 -0.405698 0.907187 0.111449 -9.00861 -0.1413 -0.182719 0.972958 -14.2344 0 0 0 1 
0.900072 0.381385 0.210751 -21.5776 -0.409514 0.905642 0.110051 -9.12915 -0.148893 -0.185359 0.971325 -14.1821 0 0 0 1 
0.897243 0.383294 0.219182 -21.4043 -0.412854 0.904289 0.108686 -9.23776 -0.156545 -0.188008 0.969611 -14.0849 0 0 0 1 
0.894567 0.384666 0.227557 -21.2039 -0.415669 0.903158 0.107356 -9.33479 -0.164224 -0.190625 0.967829 -13.9463 0 0 0 1 
0.892071 0.385475 0.235834 -20.9716 -0.417919 0.902274 0.106047 -9.42151 -0.171909 -0.193161 0.96599 -13.772 0 0 0 1 
0.889779 0.385705 0.243978 -20.7036 -0.419578 0.901654 0.104756 -9.49893 -0.179579 -0.195577 0.964106 -13.5665 0 0 0 1 
0.887722 0.385331 0.251933 -20.3957 -0.420601 0.901326 0.103472 -9.56803 -0.187203 -0.197818 0.962197 -13.3356 0 0 0 1 
0.885913 0.384354 0.259673 -20.0456 -0.42098 0.901296 0.102186 -9.63022 -0.194766 -0.199845 0.960275 -13.0852 0 0 0 1 
0.884388 0.382751 0.267133 -19.6482 -0.420665 0.901591 0.10087 -9.68692 -0.202236 -0.201582 0.958366 -12.8235 0 0 0 1 
0.883144 0.380546 0.274301 -19.204 -0.419671 0.902203 0.0995278 -9.73892 -0.209601 -0.203014 0.956479 -12.5544 0 0 0 1 
0.882209 0.377729 0.281121 -18.7096 -0.417963 0.903149 0.098124 -9.78759 -0.21683 -0.204064 0.954643 -12.2869 0 0 0 1 
0.881574 0.374331 0.287582 -18.1657 -0.415559 0.904417 0.0966488 -9.83383 -0.223916 -0.20471 0.952867 -12.0263 0 0 0 1 
0.881255 0.370356 0.293641 -17.5708 -0.412439 0.906011 0.0950712 -9.87847 -0.230832 -0.204891 0.951176 -11.7804 0 0 0 1 
0.881248 0.365834 0.299277 -16.9263 -0.408617 0.907917 0.0933789 -9.92168 -0.237558 -0.20458 0.949586 -11.5543 0 0 0 1 
0.881548 0.360788 0.304475 -16.232 -0.404097 0.910125 0.0915302 -9.96449 -0.244087 -0.203726 0.948113 -11.3564 0 0 0 1 
0.882147 0.355249 0.309216 -15.49 -0.398895 0.912618 0.0895092 -10.0066 -0.250398 -0.202305 0.94677 -11.1912 0 0 0 1 
0.883039 0.349242 0.313484 -14.7013 -0.393018 0.915379 0.0872792 -10.0481 -0.256475 -0.200276 0.945574 -11.0658 0 0 0 1 
0.884202 0.342808 0.317284 -13.869 -0.386498 0.918381 0.0848268 -10.0883 -0.262308 -0.197634 0.944529 -10.9834 0 0 0 1 
0.885625 0.335975 0.320607 -12.9945 -0.379349 0.921603 0.0821105 -10.1272 -0.267886 -0.194341 0.943647 -10.9507 0 0 0 1 
0.88729 0.328776 0.323454 -12.0808 -0.371596 0.925017 0.079115 -10.1634 -0.273189 -0.190392 0.942931 -10.9706 0 0 0 1 
0.889172 0.32125 0.32584 -11.1307 -0.363273 0.928593 0.0758111 -10.1964 -0.278219 -0.185778 0.94238 -11.0472 0 0 0 1 
0.891261 0.313415 0.327758 -10.146 -0.354392 0.932308 0.0721751 -10.2247 -0.28295 -0.180481 0.942001 -11.1838 0 0 0 1 
0.893522 0.305319 0.329238 -9.13058 -0.345002 0.936121 0.068192 -10.2471 -0.287387 -0.174519 0.941781 -11.3819 0 0 0 1 
0.895942 0.296983 0.330285 -8.08664 -0.335125 0.940008 0.0638444 -10.2621 -0.29151 -0.167888 0.941719 -11.6436 0 0 0 1 
0.898496 0.288436 0.330922 -7.01642 -0.324794 0.943936 0.059111 -10.2683 -0.29532 -0.160593 0.941805 -11.9707 0 0 0 1 
0.901166 0.279703 0.33116 -5.92301 -0.314041 0.947873 0.0539913 -10.2637 -0.298796 -0.152653 0.942029 -12.3627 0 0 0 1 
0.903922 0.270817 0.331033 -4.80888 -0.302908 0.951786 0.048472 -10.247 -0.301946 -0.144087 0.942373 -12.8203 0 0 0 1 
0.906752 0.261794 0.330552 -3.67637 -0.291424 0.955647 0.0425541 -10.2163 -0.304751 -0.134917 0.942828 -13.3423 0 0 0 1 
0.90963 0.252664 0.32975 -2.5279 -0.279631 0.959424 0.0362358 -10.1701 -0.307214 -0.125169 0.943373 -13.9279 0 0 0 1 
0.912544 0.243438 0.328635 -1.36524 -0.267554 0.963091 0.0295193 -10.1065 -0.30932 -0.114865 0.943995 -14.5759 0 0 0 1 
0.915468 0.23415 0.327248 -0.191675 -0.255247 0.966616 0.0224224 -10.0243 -0.311073 -0.104056 0.944672 -15.2827 0 0 0 1 
0.918386 0.224819 0.325611 0.991157 -0.242747 0.969974 0.0149464 -9.9225 -0.312474 -0.0927677 0.945386 -16.0475 0 0 0 1 
0.921289 0.215457 0.323735 2.18096 -0.230085 0.973145 0.00711599 -9.79917 -0.313508 -0.0810423 0.946121 -16.8659 0 0 0 1 
0.92416 0.206085 0.321646 3.3758 -0.217301 0.976104 -0.00105618 -9.65365 -0.314178 -0.068918 0.946859 -17.7356 0 0 0 1 
0.926989 0.196721 0.319361 4.5734 -0.204434 0.978834 -0.00954529 -9.48493 -0.314479 -0.05644 0.947585 -18.6527 0 0 0 1 
0.929755 0.187404 0.316914 5.7694 -0.191553 0.981311 -0.0183123 -9.29321 -0.314424 -0.0436801 0.948277 -19.6118 0 0 0 1 
0.932464 0.17812 0.3143 6.96475 -0.178656 0.983531 -0.0273512 -9.07718 -0.313996 -0.0306477 0.94893 -20.6112 0 0 0 1 
0.935093 0.168922 0.311555 8.15408 -0.165824 0.985475 -0.0366139 -8.83798 -0.313215 -0.0174259 0.949522 -21.6451 0 0 0 1 
0.937646 0.159808 0.308678 9.33658 -0.153075 0.98714 -0.0460766 -8.57521 -0.312071 -0.00404722 0.95005 -22.7096 0 0 0 1 
0.940113 0.150808 0.305686 10.509 -0.140461 0.988518 -0.0557012 -8.28991 -0.310576 0.00942844 0.950502 -23.8001 0 0 0 1 
0.942494 0.141939 0.302588 11.6691 -0.12802 0.989609 -0.0654549 -7.98296 -0.308734 0.0229535 0.950871 -24.9124 0 0 0 1 
0.944786 0.133217 0.299386 12.8143 -0.11579 0.990415 -0.0752987 -7.65548 -0.306548 0.0364751 0.951156 -26.0415 0 0 0 1 
0.946993 0.124661 0.296082 13.9422 -0.103809 0.990942 -0.0851973 -7.30889 -0.304021 0.0499454 0.951355 -27.1832 0 0 0 1 
0.949111 0.116293 0.292685 15.0498 -0.0921186 0.991195 -0.095112 -6.94535 -0.301168 0.0633101 0.951467 -28.3329 0 0 0 1 
0.951144 0.108131 0.289194 16.1349 -0.0807562 0.991187 -0.105007 -6.56698 -0.298 0.0765223 0.951494 -29.4865 0 0 0 1 
0.953099 0.100182 0.285599 17.1955 -0.0697455 0.990932 -0.114843 -6.17544 -0.294514 0.0895371 0.951443 -30.6389 0 0 0 1 
0.954979 0.0924629 0.281898 18.2289 -0.0591215 0.990446 -0.124583 -5.77343 -0.290724 0.102308 0.951322 -31.7863 0 0 0 1 
0.95679 0.0849859 0.278085 19.2334 -0.0489109 0.989747 -0.134193 -5.36344 -0.286638 0.114793 0.951137 -32.9245 0 0 0 1 
0.958537 0.0777603 0.274153 20.2068 -0.0391379 0.988856 -0.143638 -4.94809 -0.282267 0.126952 0.950899 -34.0492 0 0 0 1 
0.96023 0.0707852 0.270087 21.1479 -0.0298157 0.987795 -0.152882 -4.5296 -0.277612 0.138749 0.950621 -35.1563 0 0 0 1 
0.961875 0.0640669 0.265881 22.0551 -0.0209622 0.986586 -0.161894 -4.11068 -0.272686 0.150148 0.950315 -36.242 0 0 0 1 
0.963478 0.0575999 0.261518 22.9274 -0.0125838 0.985253 -0.170643 -3.6935 -0.26749 0.16112 0.949994 -37.3023 0 0 0 1 
0.965046 0.051382 0.256993 23.7639 -0.00468707 0.98382 -0.1791 -3.28045 -0.262037 0.171635 0.949673 -38.3334 0 0 0 1 
0.96659 0.0453859 0.252276 24.5646 0.00274337 0.982311 -0.187235 -2.8725 -0.256311 0.181671 0.949368 -39.3306 0 0 0 1 
0.96811 0.0396172 0.247373 25.3287 0.00969929 0.98075 -0.195027 -2.47242 -0.250338 0.191207 0.94909 -40.2916 0 0 0 1 
0.969615 0.0340369 0.242257 26.057 0.0162103 0.979158 -0.202451 -2.0804 -0.244099 0.200226 0.948855 -41.2114 0 0 0 1 
0.971105 0.0286352 0.236929 26.7494 0.0222848 0.977558 -0.209487 -1.6981 -0.23761 0.208713 0.948673 -42.0871 0 0 0 1 
0.972586 0.0233708 0.231367 27.4073 0.02796 0.975967 -0.216118 -1.32522 -0.230858 0.216662 0.948558 -42.9148 0 0 0 1 
0.974055 0.0182252 0.225574 28.0308 0.0332557 0.974405 -0.222328 -0.96258 -0.223853 0.224062 0.948518 -43.6913 0 0 0 1 
0.975517 0.0131492 0.219532 28.6216 0.0382196 0.972886 -0.228106 -0.608943 -0.216579 0.230911 0.948564 -44.4124 0 0 0 1 
0.976966 0.00811371 0.213242 29.1809 0.042886 0.971424 -0.233443 -0.263967 -0.209043 0.237211 0.9487 -45.0754 0 0 0 1 
0.9784 0.00306918 0.206697 29.7102 0.0473076 0.97003 -0.238334 0.0741753 -0.201234 0.242964 0.948933 -45.6764 0 0 0 1 
0.979813 -0.00200653 0.199907 30.2103 0.051517 0.968713 -0.242779 0.406037 -0.193165 0.248177 0.94926 -46.2135 0 0 0 1 
0.981199 -0.00716644 0.192864 30.6828 0.0555728 0.967477 -0.246779 0.734264 -0.184823 0.252857 0.949686 -46.6826 0 0 0 1 
0.98255 -0.0124363 0.185582 31.1284 0.0595144 0.966327 -0.250338 1.06024 -0.17622 0.257015 0.950205 -47.0821 0 0 0 1 
0.983856 -0.0178534 0.178068 31.5482 0.0633915 0.965264 -0.253469 1.38635 -0.167358 0.260666 0.950813 -47.4093 0 0 0 1 
0.985108 -0.0234494 0.17033 31.9426 0.0672494 0.964286 -0.256184 1.71487 -0.15824 0.263823 0.951503 -47.6623 0 0 0 1 
0.986293 -0.0292386 0.16239 32.3115 0.0711209 0.96339 -0.2585 2.04735 -0.148887 0.266506 0.952264 -47.8399 0 0 0 1 
0.987401 -0.0352392 0.154263 32.6547 0.0750414 0.96257 -0.260437 2.38576 -0.139312 0.268732 0.953087 -47.9411 0 0 0 1 
0.98842 -0.041469 0.145964 32.972 0.0790461 0.96182 -0.262018 2.73219 -0.129525 0.270522 0.953961 -47.9647 0 0 0 1 
0.989339 -0.0479195 0.137521 33.2618 0.0831483 0.961133 -0.263268 3.0873 -0.11956 0.271896 0.954871 -47.9113 0 0 0 1 
0.990147 -0.0545925 0.128955 33.5231 0.087369 0.960498 -0.264216 3.45242 -0.109437 0.27288 0.955803 -47.781 0 0 0 1 
0.990833 -0.0614748 0.120294 33.7544 0.0917157 0.959906 -0.264892 3.82798 -0.0991866 0.273497 0.956745 -47.5748 0 0 0 1 
0.991391 -0.0685454 0.111563 33.9535 0.0961873 0.95935 -0.265323 4.21386 -0.0888412 0.27377 0.957683 -47.294 0 0 0 1 
0.991812 -0.0757868 0.102788 34.1187 0.100785 0.958817 -0.26554 4.61009 -0.0784307 0.273726 0.958605 -46.9401 0 0 0 1 
0.992093 -0.0831562 0.0940054 34.2479 0.105488 0.958302 -0.265574 5.01497 -0.0680015 0.27339 0.959497 -46.5165 0 0 0 1 
0.99223 -0.09063 0.085238 34.3393 0.110288 0.957796 -0.26545 5.42782 -0.0575828 0.272789 0.960349 -46.0249 0 0 0 1 
0.992224 -0.0981691 0.0765129 34.3908 0.115163 0.957292 -0.265196 5.84676 -0.0472112 0.271945 0.961154 -45.4682 0 0 0 1 
0.992077 -0.105718 0.0678753 34.4011 0.120077 0.956788 -0.264836 6.26871 -0.0369444 0.270888 0.961902 -44.8515 0 0 0 1 
0.991793 -0.113251 0.0593367 34.3685 0.125014 0.956279 -0.264389 6.69218 -0.0268001 0.269637 0.962589 -44.1763 0 0 0 1 
0.99138 -0.120708 0.0509449 34.2926 0.129931 0.955766 -0.263875 7.1133 -0.0168397 0.268219 0.963211 -43.4487 0 0 0 1 
0.990846 -0.128061 0.0427077 34.1723 0.134809 0.955248 -0.263303 7.52997 -0.00707762 0.26665 0.963767 -42.6705 0 0 0 1 
0.990204 -0.135255 0.0346698 34.0079 0.139607 0.954728 -0.262686 7.93831 0.00242947 0.264953 0.964258 -41.8474 0 0 0 1 
0.989466 -0.142256 0.026848 33.7995 0.144297 0.954212 -0.262028 8.33535 0.0116563 0.263142 0.964687 -40.9827 0 0 0 1 
0.988647 -0.149018 0.0192704 33.5478 0.148845 0.953704 -0.26133 8.71759 0.0205646 0.261232 0.965057 -40.081 0 0 0 1 
0.987762 -0.15551 0.0119568 33.2541 0.153225 0.953213 -0.260591 9.08212 0.0291271 0.259234 0.965375 -39.1459 0 0 0 1 
0.98683 -0.161686 0.00493838 32.9199 0.157402 0.952747 -0.259802 9.42521 0.0373014 0.257158 0.965649 -38.1828 0 0 0 1 
0.985866 -0.167528 -0.0017793 32.5467 0.161359 0.952316 -0.258954 9.74467 0.0450763 0.255006 0.965888 -37.1936 0 0 0 1 
0.984889 -0.172996 -0.00816879 32.137 0.165067 0.951931 -0.258032 10.0373 0.0524147 0.252785 0.966102 -36.1836 0 0 0 1 
0.983915 -0.178069 -0.0142211 31.6926 0.168506 0.951602 -0.257022 10.3009 0.0593004 0.250491 0.966301 -35.1555 0 0 0 1 
0.982963 -0.182721 -0.0199162 31.2167 0.171657 0.951339 -0.255905 10.5332 0.0657061 0.248126 0.966497 -34.1137 0 0 0 1 
0.98205 -0.186926 -0.0252405 30.7116 0.174501 0.951156 -0.254659 10.7322 0.0716101 0.245683 0.966702 -33.0617 0 0 0 1 
0.981189 -0.190673 -0.0301933 30.1795 0.177025 0.951063 -0.25326 10.8965 0.0770056 0.243151 0.966927 -32.0016 0 0 0 1 
0.980398 -0.19394 -0.0347561 29.6236 0.179216 0.95107 -0.251689 11.025 0.081868 0.240526 0.967184 -30.9376 0 0 0 1 
0.979688 -0.196714 -0.0389285 29.0459 0.181061 0.951188 -0.249918 11.1166 0.0861906 0.237793 0.967484 -29.8719 0 0 0 1 
0.979071 -0.198986 -0.04271 28.4486 0.182552 0.951424 -0.247925 11.1709 0.0899688 0.234939 0.967837 -28.8066 0 0 0 1 
0.97856 -0.200742 -0.0460875 27.8345 0.183679 0.951788 -0.245684 11.1877 0.0931846 0.231952 0.968254 -27.7454 0 0 0 1 
0.97816 -0.201976 -0.0490726 27.2046 0.184434 0.952287 -0.243174 11.1669 0.0958464 0.228812 0.968741 -26.6892 0 0 0 1 
0.977882 -0.202677 -0.0516509 26.5618 0.184809 0.952926 -0.24037 11.1089 0.097937 0.225508 0.969306 -25.6415 0 0 0 1 
0.977729 -0.202846 -0.0538381 25.9062 0.184798 0.953709 -0.237254 11.0144 0.0994719 0.222021 0.969955 -24.6027 0 0 0 1 
0.977707 -0.202474 -0.0556258 25.2401 0.184394 0.954638 -0.233804 10.8841 0.100442 0.218335 0.970691 -23.5759 0 0 0 1 
0.977814 -0.201561 -0.0570341 24.5628 0.18359 0.955716 -0.230004 10.719 0.100868 0.21443 0.971517 -22.5608 0 0 0 1 
0.978053 -0.200106 -0.058058 23.8758 0.182381 0.95694 -0.225838 10.5205 0.10075 0.210293 0.972433 -21.5595 0 0 0 1 
0.978421 -0.198106 -0.0587053 23.1794 0.180756 0.958309 -0.221293 10.2897 0.100097 0.205907 0.973439 -20.5733 0 0 0 1 
0.978914 -0.195568 -0.058994 22.4728 0.178714 0.959817 -0.216361 10.0285 0.0989366 0.201256 0.974529 -19.6017 0 0 0 1 
0.979528 -0.19249 -0.0589294 21.7557 0.176243 0.961459 -0.211031 9.73817 0.0972795 0.196325 0.975701 -18.6459 0 0 0 1 
0.980255 -0.188878 -0.0585235 21.0279 0.17334 0.963226 -0.205301 9.42082 0.0951483 0.191103 0.976947 -17.7063 0 0 0 1 
0.981087 -0.184738 -0.0577925 20.2882 0.169997 0.965108 -0.199168 9.0782 0.09257 0.185577 0.97826 -16.7822 0 0 0 1 
0.982014 -0.180078 -0.056753 19.5352 0.166209 0.967092 -0.192633 8.71227 0.0895742 0.179735 0.979628 -15.8735 0 0 0 1 
0.983025 -0.174903 -0.0554152 18.7684 0.161969 0.969166 -0.1857 8.32513 0.0861859 0.173572 0.981043 -14.9804 0 0 0 1 
0.984107 -0.169227 -0.0538076 17.9855 0.157274 0.971312 -0.178375 7.9189 0.0824498 0.167077 0.98249 -14.1011 0 0 0 1 
0.985248 -0.163061 -0.0519336 17.1866 0.152123 0.973515 -0.17067 7.49597 0.0783876 0.160252 0.983959 -13.2364 0 0 0 1 
0.986433 -0.156417 -0.0498276 16.3687 0.146511 0.975755 -0.162594 7.05837 0.074052 0.153088 0.985434 -12.384 0 0 0 1 
0.987649 -0.149312 -0.0474999 15.5316 0.140441 0.978013 -0.154165 6.60871 0.0694742 0.14559 0.986903 -11.5441 0 0 0 1 
0.988878 -0.141763 -0.0449786 14.6733 0.133915 0.980268 -0.1454 6.14926 0.0647033 0.137759 0.98835 -10.715 0 0 0 1 
0.990108 -0.133788 -0.0422744 13.7937 0.126939 0.982499 -0.13632 5.6827 0.0597724 0.129605 0.989763 -9.89698 0 0 0 1 
0.991322 -0.125408 -0.0394224 12.8906 0.11952 0.984683 -0.126946 5.21135 0.0547386 0.121133 0.991126 -9.08787 0 0 0 1 
0.992505 -0.116647 -0.0364338 11.9644 0.11167 0.986797 -0.117306 4.73797 0.0496362 0.112358 0.992427 -8.28819 0 0 0 1 
0.993643 -0.107528 -0.0333385 11.0138 0.103402 0.988821 -0.107426 4.26502 0.0445171 0.103295 0.993654 -7.49663 0 0 0 1 
0.994722 -0.0980766 -0.0301486 10.0395 0.0947331 0.990733 -0.0973355 3.79517 0.0394155 0.0939657 0.994795 -6.71412 0 0 0 1 
0.995729 -0.0883202 -0.0268941 9.04065 0.0856832 0.992511 -0.0870648 3.33085 0.0343822 0.0843886 0.99584 -5.9395 0 0 0 1 
0.996651 -0.0782867 -0.0236007 8.01723 0.0762742 0.994137 -0.0766462 2.87446 0.0294627 0.0745895 0.996779 -5.17294 0 0 0 1 
0.997479 -0.0680057 -0.0202752 6.97132 0.0665331 0.995591 -0.0661159 2.42855 0.0246821 0.0646002 0.997606 -4.41637 0 0 0 1 
0.998201 -0.0575056 -0.0169434 5.90317 0.0564861 0.996859 -0.0555071 1.99521 0.0200822 0.0544502 0.998315 -3.67021 0 0 0 1 
0.998811 -0.0468178 -0.0136196 4.81465 0.0461647 0.997926 -0.0448579 1.57659 0.0156915 0.0441758 0.998901 -2.93637 0 0 0 1 
0.999299 -0.0359716 -0.0103301 3.70633 0.0355993 0.998781 -0.0342025 1.17445 0.0115478 0.0338108 0.999362 -2.21573 0 0 0 1 
0.999662 -0.0249994 -0.00707758 2.58175 0.0248263 0.999414 -0.0235821 0.790587 0.00766297 0.0233984 0.999697 -1.5118 0 0 0 1 
0.999895 -0.0139295 -0.00388929 1.44167 0.0138778 0.999819 -0.0130314 0.426241 0.00407011 0.012976 0.999908 -0.826034 0 0 0 1 
0.999996 -0.00279181 -0.000767903 0.289644 0.00278981 0.999993 -0.00258939 0.0825881 0.000775127 0.00258724 0.999996 -0.162223 0 0 0 1 
