1 1.56858e-08 -4.96543e-05 -0.00242842 1.56858e-08 1 0.0006318 0.0308991 4.96543e-05 -0.0006318 1 0.0178845 0 0 0 1 
1 6.54338e-08 -0.000101416 -0.00496082 6.54338e-08 0.999999 0.00129041 0.0631213 0.000101416 -0.00129041 0.999999 0.0365069 0 0 0 1 
1 1.53615e-07 -0.000155389 -0.0076025 1.53615e-07 0.999998 0.00197717 0.0967339 0.000155389 -0.00197717 0.999998 0.0559026 0 0 0 1 
1 2.84278e-07 -0.000211385 -0.0103443 2.84278e-07 0.999996 0.00268966 0.13162 0.000211385 -0.00268966 0.999996 0.0760005 0 0 0 1 
1 4.6196e-07 -0.000269467 -0.0131893 4.6196e-07 0.999994 0.00342868 0.167821 0.000269467 -0.00342868 0.999994 0.0968205 0 0 0 1 
1 6.91519e-07 -0.000329689 -0.0161406 6.91519e-07 0.999991 0.00419495 0.205372 0.000329689 -0.00419495 0.999991 0.11838 0 0 0 1 
1 9.7791e-07 -0.000392059 -0.0191984 9.7791e-07 0.999988 0.00498855 0.24428 0.000392059 -0.00498855 0.999987 0.140677 0 0 0 1 
1 1.32552e-06 -0.000456452 -0.0223569 1.32552e-06 0.999983 0.00580788 0.284469 0.000456452 -0.00580788 0.999983 0.163665 0 0 0 1 
1 1.7407e-06 -0.000523074 -0.0256263 1.7407e-06 0.999978 0.00665558 0.326068 0.000523074 -0.00665558 0.999978 0.187414 0 0 0 1 
1 2.22731e-06 -0.000591686 -0.0289951 2.22731e-06 0.999972 0.00752859 0.368932 0.000591686 -0.00752859 0.999971 0.211836 0 0 0 1 
1 2.79036e-06 -0.000662263 -0.032462 2.79036e-06 0.999964 0.0084266 0.413045 0.000662263 -0.0084266 0.999964 0.236918 0 0 0 1 
1 3.44003e-06 -0.000735326 -0.036053 3.44003e-06 0.999956 0.00935626 0.458737 0.000735326 -0.00935626 0.999956 0.262841 0 0 0 1 
1 4.17615e-06 -0.000810189 -0.0397345 4.17615e-06 0.999947 0.0103088 0.50558 0.000810189 -0.0103088 0.999947 0.289359 0 0 0 1 
1 5.00822e-06 -0.000887235 -0.0435254 5.00822e-06 0.999936 0.0112891 0.553815 0.000887235 -0.0112891 0.999936 0.316604 0 0 0 1 
1 5.94204e-06 -0.000966414 -0.0474235 5.94204e-06 0.999924 0.0122966 0.603415 0.000966414 -0.0122966 0.999924 0.344554 0 0 0 1 
0.999999 6.98273e-06 -0.00104763 -0.0514241 6.98273e-06 0.999911 0.01333 0.654319 0.00104763 -0.01333 0.999911 0.37317 0 0 0 1 
0.999999 8.13537e-06 -0.00113079 -0.0555231 8.13537e-06 0.999896 0.0143881 0.706474 0.00113079 -0.0143881 0.999896 0.402417 0 0 0 1 
0.999999 9.40953e-06 -0.00121612 -0.0597315 9.40953e-06 0.99988 0.0154738 0.760021 0.00121612 -0.0154738 0.99988 0.43237 0 0 0 1 
0.999999 1.0814e-05 -0.00130372 -0.0640547 1.0814e-05 0.999862 0.0165884 0.815029 0.00130372 -0.0165884 0.999862 0.46306 0 0 0 1 
0.999999 1.23465e-05 -0.00139302 -0.0684649 1.23465e-05 0.999843 0.0177247 0.871145 0.00139302 -0.0177247 0.999842 0.494284 0 0 0 1 
0.999999 1.40238e-05 -0.00148463 -0.0729918 1.40238e-05 0.999822 0.0188903 0.928745 0.00148463 -0.0188903 0.99982 0.526247 0 0 0 1 
0.999999 1.58528e-05 -0.00157846 -0.0776319 1.58528e-05 0.999798 0.0200843 0.987786 0.00157846 -0.0200843 0.999797 0.558918 0 0 0 1 
0.999999 1.78333e-05 -0.00167415 -0.0823669 1.78333e-05 0.999773 0.0213018 1.04803 0.00167415 -0.0213018 0.999772 0.592162 0 0 0 1 
0.999998 1.99792e-05 -0.00177201 -0.0872126 1.99792e-05 0.999746 0.0225469 1.10969 0.00177201 -0.0225469 0.999744 0.626084 0 0 0 1 
0.999998 2.22941e-05 -0.00187184 -0.0921595 2.22941e-05 0.999716 0.0238172 1.17263 0.00187184 -0.0238172 0.999715 0.660611 0 0 0 1 
0.999998 2.47894e-05 -0.0019738 -0.0972158 2.47894e-05 0.999685 0.0251145 1.23697 0.0019738 -0.0251145 0.999683 0.695793 0 0 0 1 
0.999998 2.74747e-05 -0.00207794 -0.102384 2.74747e-05 0.99965 0.0264396 1.30273 0.00207794 -0.0264396 0.999648 0.731641 0 0 0 1 
0.999998 3.03558e-05 -0.00218415 -0.107659 3.03558e-05 0.999614 0.027791 1.36985 0.00218415 -0.027791 0.999611 0.768115 0 0 0 1 
0.999997 3.34315e-05 -0.00229211 -0.113025 3.34315e-05 0.999575 0.0291647 1.43813 0.00229211 -0.0291647 0.999572 0.805096 0 0 0 1 
0.999997 3.67295e-05 -0.00240248 -0.118516 3.67295e-05 0.999533 0.0305691 1.50799 0.00240248 -0.0305691 0.99953 0.842807 0 0 0 1 
0.999997 4.02426e-05 -0.00251473 -0.124104 4.02426e-05 0.999488 0.0319973 1.57909 0.00251473 -0.0319973 0.999485 0.881058 0 0 0 1 
0.999997 4.39841e-05 -0.002629 -0.129797 4.39841e-05 0.99944 0.0334513 1.65154 0.002629 -0.0334513 0.999437 0.919897 0 0 0 1 
0.999996 4.79734e-05 -0.0027456 -0.135612 4.79734e-05 0.99939 0.0349349 1.72552 0.0027456 -0.0349349 0.999386 0.959421 0 0 0 1 
0.999996 5.21953e-05 -0.00286383 -0.141512 5.21953e-05 0.999336 0.0364392 1.8006 0.00286383 -0.0364392 0.999332 0.999384 0 0 0 1 
0.999996 5.66872e-05 -0.00298447 -0.147539 5.66872e-05 0.999279 0.0379743 1.87728 0.00298447 -0.0379743 0.999274 1.04005 0 0 0 1 
0.999995 6.14382e-05 -0.00310698 -0.153663 6.14382e-05 0.999218 0.039533 1.95521 0.00310698 -0.039533 0.999213 1.08122 0 0 0 1 
0.999994 7.73819e-05 -0.00348671 -0.172683 7.73819e-05 0.999015 0.0443648 2.19721 0.00348671 -0.0443648 0.999009 1.20809 0 0 0 1 
0.999992 0.000102945 -0.00402127 -0.199546 0.000102945 0.99869 0.0511665 2.53901 0.00402127 -0.0511665 0.998682 1.38473 0 0 0 1 
0.999989 0.000134007 -0.00458755 -0.228115 0.000134007 0.998295 0.0583718 2.90253 0.00458755 -0.0583718 0.998284 1.56936 0 0 0 1 
0.999987 0.000171225 -0.005185 -0.258383 0.000171225 0.997821 0.0659738 3.28766 0.005185 -0.0659738 0.997808 1.76137 0 0 0 1 
0.999983 0.00021523 -0.0058124 -0.290308 0.00021523 0.997261 0.0739567 3.69386 0.0058124 -0.0739567 0.997245 1.95992 0 0 0 1 
0.999979 0.000266732 -0.0064695 -0.323897 0.000266732 0.996606 0.0823176 4.12125 0.0064695 -0.0823176 0.996585 2.16448 0 0 0 1 
0.999974 0.000326304 -0.00715419 -0.359064 0.000326304 0.995848 0.0910297 4.56872 0.00715419 -0.0910297 0.995822 2.37394 0 0 0 1 
0.999969 0.000394585 -0.00786548 -0.395778 0.000394585 0.994979 0.10008 5.03586 0.00786548 -0.10008 0.994948 2.58752 0 0 0 1 
0.999963 0.000472074 -0.00860105 -0.43394 0.000472074 0.993993 0.109439 5.52144 0.00860105 -0.109439 0.993956 2.8041 0 0 0 1 
0.999956 0.000559307 -0.00935945 -0.473495 0.000559307 0.992883 0.119089 6.02473 0.00935945 -0.119089 0.992839 3.0228 0 0 0 1 
0.999948 0.000656593 -0.0101377 -0.514302 0.000656593 0.991646 0.128991 6.54396 0.0101377 -0.128991 0.991594 3.24234 0 0 0 1 
0.99994 0.000764284 -0.0109337 -0.556276 0.000764284 0.990275 0.13912 7.07804 0.0109337 -0.13912 0.990215 3.4618 0 0 0 1 
0.999931 0.000882488 -0.0117443 -0.599263 0.000882488 0.988771 0.149434 7.62499 0.0117443 -0.149434 0.988702 3.67994 0 0 0 1 
0.999921 0.00101124 -0.0125667 -0.64312 0.00101124 0.987133 0.159898 8.18303 0.0125667 -0.159898 0.987054 3.89569 0 0 0 1 
0.99991 0.00115033 -0.0133971 -0.687665 0.00115033 0.985363 0.170464 8.74983 0.0133971 -0.170464 0.985273 4.10789 0 0 0 1 
0.999898 0.0012995 -0.0142324 -0.732734 0.0012995 0.983465 0.181092 9.32327 0.0142324 -0.181092 0.983363 4.31553 0 0 0 1 
0.999885 0.00145818 -0.0150686 -0.778115 0.00145818 0.981446 0.191732 9.90071 0.0150686 -0.191732 0.981332 4.51754 0 0 0 1 
0.999872 0.00162566 -0.0159018 -0.823603 0.00162566 0.979315 0.202334 10.4795 0.0159018 -0.202334 0.979187 4.71297 0 0 0 1 
0.999858 0.00180112 -0.0167285 -0.868994 0.00180112 0.977083 0.212853 11.057 0.0167285 -0.212853 0.976941 4.90105 0 0 0 1 
0.999844 0.00198341 -0.0175443 -0.914048 0.00198341 0.974763 0.223233 11.6303 0.0175443 -0.223233 0.974607 5.08092 0 0 0 1 
0.999829 0.00217128 -0.0183452 -0.958531 0.00217128 0.972373 0.233424 12.1963 0.0183452 -0.233424 0.972202 5.25195 0 0 0 1 
0.999814 0.00236336 -0.0191275 -1.00222 0.00236336 0.969929 0.243378 12.7523 0.0191275 -0.243378 0.969743 5.41363 0 0 0 1 
0.999799 0.00255803 -0.0198871 -1.04488 0.00255803 0.967452 0.253043 13.295 0.0198871 -0.253043 0.967251 5.5655 0 0 0 1 
0.999784 0.0027536 -0.0206202 -1.08626 0.0027536 0.964963 0.26237 13.8216 0.0206202 -0.26237 0.964747 5.70725 0 0 0 1 
0.999768 0.00294828 -0.0213231 -1.12615 0.00294828 0.962486 0.271315 14.3291 0.0213231 -0.271315 0.962254 5.83871 0 0 0 1 
0.999753 0.00314021 -0.0219925 -1.16432 0.00314021 0.960044 0.279831 14.8147 0.0219925 -0.279831 0.959797 5.95977 0 0 0 1 
0.999738 0.00332751 -0.022625 -1.20055 0.00332751 0.957661 0.287879 15.2757 0.022625 -0.287879 0.957399 6.07047 0 0 0 1 
0.999724 0.00350823 -0.0232175 -1.23464 0.00350823 0.955361 0.295419 15.7095 0.0232175 -0.295419 0.955086 6.17087 0 0 0 1 
0.999711 0.00368049 -0.0237673 -1.2664 0.00368049 0.95317 0.302414 16.1136 0.0237673 -0.302414 0.95288 6.26115 0 0 0 1 
0.999698 0.00384254 -0.024272 -1.29567 0.00384254 0.951108 0.308836 16.4861 0.024272 -0.308836 0.950806 6.34159 0 0 0 1 
0.999686 0.00399249 -0.0247288 -1.32226 0.00399249 0.9492 0.314649 16.8243 0.0247288 -0.314649 0.948886 6.41236 0 0 0 1 
0.999676 0.00412887 -0.0251364 -1.34605 0.00412887 0.947464 0.319834 17.127 0.0251364 -0.319834 0.94714 6.47386 0 0 0 1 
0.999666 0.00425001 -0.0254923 -1.36688 0.00425001 0.945923 0.324363 17.3922 0.0254923 -0.324363 0.945589 6.52629 0 0 0 1 
0.999658 0.00435485 -0.0257959 -1.3847 0.00435485 0.944589 0.328226 17.6188 0.0257959 -0.328226 0.944247 6.57007 0 0 0 1 
0.999651 0.00444202 -0.0260453 -1.39936 0.00444202 0.94348 0.3314 17.8054 0.0260453 -0.3314 0.943131 6.60539 0 0 0 1 
0.999645 0.00451074 -0.0262401 -1.41083 0.00451074 0.942606 0.333878 17.9514 0.0262401 -0.333878 0.942251 6.63255 0 0 0 1 
0.999642 0.00456028 -0.0263795 -1.41905 0.00456028 0.941975 0.335651 18.0559 0.0263795 -0.335651 0.941617 6.65177 0 0 0 1 
0.999639 0.00459018 -0.0264632 -1.42399 0.00459018 0.941595 0.336717 18.1188 0.0264632 -0.336717 0.941234 6.66323 0 0 0 1 
0.999638 0.00460018 -0.0264911 -1.42564 0.00460018 0.941468 0.337072 18.1398 0.0264911 -0.337072 0.941106 6.66704 0 0 0 1 
0.999639 0.0045903 -0.0264636 -1.42401 0.0045903 0.941593 0.336721 18.1191 0.0264636 -0.336721 0.941232 6.66328 0 0 0 1 
0.999642 0.00456079 -0.0263809 -1.41914 0.00456079 0.941969 0.33567 18.057 0.0263809 -0.33567 0.94161 6.65197 0 0 0 1 
0.999645 0.00451213 -0.026244 -1.41106 0.00451213 0.942588 0.333928 17.9543 0.026244 -0.333928 0.942233 6.6331 0 0 0 1 
0.999651 0.00444501 -0.0260539 -1.39986 0.00444501 0.943442 0.331508 17.8118 0.0260539 -0.331508 0.943093 6.60658 0 0 0 1 
0.999657 0.00436033 -0.0258117 -1.38562 0.00436033 0.944519 0.328427 17.6306 0.0258117 -0.328427 0.944177 6.57232 0 0 0 1 
0.999665 0.00425922 -0.0255191 -1.36845 0.00425922 0.945806 0.324705 17.4122 0.0255191 -0.324705 0.945471 6.53019 0 0 0 1 
0.999674 0.00414292 -0.025178 -1.34848 0.00414292 0.947286 0.320363 17.158 0.025178 -0.320363 0.94696 6.48005 0 0 0 1 
0.999685 0.00401293 -0.0247904 -1.32585 0.00401293 0.94894 0.315432 16.87 0.0247904 -0.315432 0.948624 6.42175 0 0 0 1 
0.999696 0.00387078 -0.0243587 -1.30071 0.00387078 0.950748 0.30994 16.5502 0.0243587 -0.30994 0.950444 6.35518 0 0 0 1 
0.999708 0.00371812 -0.0238855 -1.27325 0.00371812 0.952691 0.303918 16.2008 0.0238855 -0.303918 0.952399 6.28021 0 0 0 1 
0.99972 0.00355675 -0.0233738 -1.24366 0.00355675 0.954744 0.297408 15.8243 0.0233738 -0.297408 0.954464 6.19682 0 0 0 1 
0.999734 0.00338842 -0.0228266 -1.21213 0.00338842 0.956886 0.290444 15.4231 0.0228266 -0.290444 0.95662 6.10498 0 0 0 1 
0.999747 0.00321487 -0.0222469 -1.17887 0.00321487 0.959094 0.283069 14.9999 0.0222469 -0.283069 0.958841 6.00474 0 0 0 1 
0.999761 0.00303795 -0.0216386 -1.14412 0.00303795 0.961345 0.275329 14.5577 0.0216386 -0.275329 0.961106 5.89628 0 0 0 1 
0.999775 0.00285934 -0.0210051 -1.10808 0.00285934 0.963618 0.267268 14.0992 0.0210051 -0.267268 0.963393 5.77979 0 0 0 1 
0.999789 0.00268064 -0.02035 -1.07099 0.00268064 0.965892 0.258933 13.6272 0.02035 -0.258933 0.965681 5.65557 0 0 0 1 
0.999803 0.00250344 -0.0196773 -1.03307 0.00250344 0.968146 0.250373 13.1448 0.0196773 -0.250373 0.96795 5.52405 0 0 0 1 
0.999817 0.00232912 -0.0189906 -0.994558 0.00232912 0.970364 0.241635 12.6547 0.0189906 -0.241635 0.970181 5.38571 0 0 0 1 
0.99983 0.00215894 -0.0182937 -0.955664 0.00215894 0.97253 0.232769 12.1598 0.0182937 -0.232769 0.97236 5.24112 0 0 0 1 
0.999843 0.00199406 -0.0175907 -0.916619 0.00199406 0.974628 0.223823 11.663 0.0175907 -0.223823 0.974471 5.09098 0 0 0 1 
0.999856 0.00183537 -0.0168849 -0.877613 0.00183537 0.976647 0.214843 11.1667 0.0168849 -0.214843 0.976503 4.93598 0 0 0 1 
0.999868 0.00168369 -0.0161801 -0.838854 0.00168369 0.978577 0.205875 10.6735 0.0161801 -0.205875 0.978444 4.77694 0 0 0 1 
0.999879 0.00153965 -0.0154798 -0.800529 0.00153965 0.98041 0.196964 10.1859 0.0154798 -0.196964 0.980289 4.61472 0 0 0 1 
0.99989 0.00140371 -0.0147871 -0.762809 0.00140371 0.982139 0.18815 9.70595 0.0147871 -0.18815 0.982029 4.45019 0 0 0 1 
0.9999 0.00127617 -0.0141051 -0.72585 0.00127617 0.983762 0.179473 9.23569 0.0141051 -0.179473 0.983662 4.28427 0 0 0 1 
0.999909 0.00115721 -0.0134368 -0.689802 0.00115721 0.985276 0.170969 8.77701 0.0134368 -0.170969 0.985185 4.11789 0 0 0 1 
0.999918 0.00104689 -0.0127848 -0.654796 0.00104689 0.986679 0.162673 8.3316 0.0127848 -0.162673 0.986597 3.95199 0 0 0 1 
0.999926 0.000945109 -0.0121514 -0.620942 0.000945109 0.987974 0.154614 7.90084 0.0121514 -0.154614 0.9879 3.78745 0 0 0 1 
0.999933 0.000851732 -0.011539 -0.588352 0.000851732 0.989163 0.146822 7.48616 0.011539 -0.146822 0.989096 3.6252 0 0 0 1 
0.99994 0.000766497 -0.0109494 -0.557109 0.000766497 0.990247 0.13932 7.08863 0.0109494 -0.13932 0.990187 3.46608 0 0 0 1 
0.999946 0.000689099 -0.0103845 -0.527292 0.000689099 0.991232 0.132132 6.70925 0.0103845 -0.132132 0.991178 3.31095 0 0 0 1 
0.999951 0.000619166 -0.00984566 -0.498965 0.000619166 0.992122 0.125276 6.34881 0.00984566 -0.125276 0.992073 3.16055 0 0 0 1 
0.999956 0.000556316 -0.00933448 -0.472189 0.000556316 0.992921 0.118771 6.00811 0.00933448 -0.118771 0.992878 3.01567 0 0 0 1 
0.999961 0.000500095 -0.00885185 -0.446997 0.000500095 0.993637 0.112631 5.68757 0.00885185 -0.112631 0.993598 2.87694 0 0 0 1 
0.999965 0.000450086 -0.00839895 -0.423435 0.000450086 0.994273 0.106868 5.38778 0.00839895 -0.106868 0.994238 2.74503 0 0 0 1 
0.999968 0.000405842 -0.0079766 -0.40153 0.000405842 0.994836 0.101494 5.10905 0.0079766 -0.101494 0.994804 2.62052 0 0 0 1 
0.999971 0.00036693 -0.00758551 -0.381305 0.00036693 0.995331 0.0965178 4.85171 0.00758551 -0.0965178 0.995302 2.50394 0 0 0 1 
0.999974 0.000332934 -0.00722636 -0.362781 0.000332934 0.995764 0.0919479 4.61601 0.00722636 -0.0919479 0.995738 2.3958 0 0 0 1 
0.999976 0.000303475 -0.00689991 -0.345983 0.000303475 0.996139 0.0877941 4.40228 0.00689991 -0.0877941 0.996115 2.29659 0 0 0 1 
0.999978 0.000278144 -0.0066062 -0.330904 0.000278144 0.996461 0.084057 4.21041 0.0066062 -0.084057 0.996439 2.2066 0 0 0 1 
0.99998 0.000256641 -0.00634615 -0.317579 0.000256641 0.996735 0.0807481 4.04087 0.00634615 -0.0807481 0.996714 2.12635 0 0 0 1 
0.999981 0.000238637 -0.00611986 -0.306005 0.000238637 0.996964 0.0778688 3.89359 0.00611986 -0.0778688 0.996945 2.05607 0 0 0 1 
0.999982 0.00022387 -0.00592776 -0.296193 0.00022387 0.997151 0.0754246 3.76875 0.00592776 -0.0754246 0.997134 1.99608 0 0 0 1 
0.999983 0.000212101 -0.00577006 -0.288149 0.000212101 0.997301 0.073418 3.66639 0.00577006 -0.073418 0.997285 1.94662 0 0 0 1 
0.999984 0.000203147 -0.00564711 -0.281883 0.000203147 0.997415 0.0718536 3.58667 0.00564711 -0.0718536 0.997399 1.90792 0 0 0 1 
0.999985 0.000196869 -0.00555928 -0.277411 0.000196869 0.997495 0.070736 3.52976 0.00555928 -0.070736 0.99748 1.88019 0 0 0 1 
0.999985 0.00019315 -0.00550659 -0.274729 0.00019315 0.997542 0.0700656 3.49564 0.00550659 -0.0700656 0.997527 1.86353 0 0 0 1 
0.999985 0.000191931 -0.00548921 -0.273845 0.000191931 0.997558 0.0698445 3.48439 0.00548921 -0.0698445 0.997543 1.85803 0 0 0 1 
0.999985 0.000193196 -0.00550724 -0.274762 0.000193196 0.997542 0.0700739 3.49606 0.00550724 -0.0700739 0.997527 1.86374 0 0 0 1 
0.999985 0.00019697 -0.00556071 -0.277484 0.00019697 0.997494 0.0707543 3.53069 0.00556071 -0.0707543 0.997478 1.88065 0 0 0 1 
0.999984 0.000203323 -0.00564956 -0.282008 0.000203323 0.997413 0.0718848 3.58826 0.00564956 -0.0718848 0.997397 1.90869 0 0 0 1 
0.999983 0.000212359 -0.00577357 -0.288328 0.000212359 0.997298 0.0734626 3.66867 0.00577357 -0.0734626 0.997281 1.94772 0 0 0 1 
0.999982 0.000224218 -0.00593236 -0.296428 0.000224218 0.997147 0.0754831 3.77174 0.00593236 -0.0754831 0.997129 1.99752 0 0 0 1 
0.999981 0.00023908 -0.00612551 -0.306294 0.00023908 0.996958 0.0779408 3.89727 0.00612551 -0.0779408 0.996939 2.05783 0 0 0 1 
0.99998 0.000257151 -0.00635243 -0.317901 0.000257151 0.996728 0.0808281 4.04496 0.00635243 -0.0808281 0.996708 2.12829 0 0 0 1 
0.999978 0.000278641 -0.00661209 -0.331207 0.000278641 0.996455 0.084132 4.21426 0.00661209 -0.084132 0.996433 2.20842 0 0 0 1 
0.999976 0.000303807 -0.00690368 -0.346177 0.000303807 0.996134 0.0878421 4.40474 0.00690368 -0.0878421 0.99611 2.29774 0 0 0 1 
0.999974 0.000332885 -0.00722583 -0.362753 0.000332885 0.995764 0.0919412 4.61566 0.00722583 -0.0919412 0.995738 2.39564 0 0 0 1 
0.999971 0.000366103 -0.00757698 -0.380864 0.000366103 0.995342 0.0964092 4.8461 0.00757698 -0.0964092 0.995313 2.50139 0 0 0 1 
0.999968 0.000403681 -0.00795538 -0.400432 0.000403681 0.994864 0.101224 5.09508 0.00795538 -0.101224 0.994832 2.61423 0 0 0 1 
0.999965 0.000445815 -0.00835912 -0.421367 0.000445815 0.994327 0.106361 5.36145 0.00835912 -0.106361 0.994292 2.73335 0 0 0 1 
0.999961 0.000492629 -0.00878573 -0.443553 0.000492629 0.993732 0.111789 5.64375 0.00878573 -0.111789 0.993693 2.85779 0 0 0 1 
0.999957 0.000544224 -0.00923283 -0.466876 0.000544224 0.993075 0.117478 5.94052 0.00923283 -0.117478 0.993033 2.98661 0 0 0 1 
0.999953 0.000600601 -0.00969752 -0.491195 0.000600601 0.992358 0.123391 6.24995 0.00969752 -0.123391 0.992311 3.11878 0 0 0 1 
0.999948 0.00066167 -0.0101766 -0.516351 0.00066167 0.991581 0.129487 6.57002 0.0101766 -0.129487 0.991529 3.2532 0 0 0 1 
0.999943 0.000727275 -0.0106669 -0.542185 0.000727275 0.990746 0.135726 6.89874 0.0106669 -0.135726 0.990689 3.38884 0 0 0 1 
0.999937 0.000797124 -0.0111649 -0.568514 0.000797124 0.989857 0.142062 7.23375 0.0111649 -0.142062 0.989795 3.52458 0 0 0 1 
0.999932 0.000870811 -0.0116668 -0.595141 0.000870811 0.98892 0.148448 7.57255 0.0116668 -0.148448 0.988851 3.65931 0 0 0 1 
0.999926 0.000947802 -0.0121686 -0.621859 0.000947802 0.98794 0.154833 7.91251 0.0121686 -0.154833 0.987866 3.79196 0 0 0 1 
0.999919 0.00102746 -0.0126664 -0.648456 0.00102746 0.986927 0.161167 8.25093 0.0126664 -0.161167 0.986846 3.92148 0 0 0 1 
0.999913 0.001109 -0.013156 -0.674703 0.001109 0.985889 0.167396 8.5849 0.013156 -0.167396 0.985802 4.04686 0 0 0 1 
0.999906 0.00119153 -0.0136331 -0.700371 0.00119153 0.984839 0.173467 8.9115 0.0136331 -0.173467 0.984745 4.16714 0 0 0 1 
0.9999 0.00127406 -0.0140936 -0.725226 0.00127406 0.983789 0.179326 9.22775 0.0140936 -0.179326 0.983689 4.28143 0 0 0 1 
0.999893 0.00135551 -0.0145333 -0.749032 0.00135551 0.982753 0.184921 9.53065 0.0145333 -0.184921 0.982646 4.38889 0 0 0 1 
0.999887 0.0014347 -0.0149479 -0.771551 0.0014347 0.981745 0.190197 9.81718 0.0149479 -0.190197 0.981632 4.48875 0 0 0 1 
0.999881 0.00151042 -0.0153336 -0.792553 0.00151042 0.980781 0.195104 10.0844 0.0153336 -0.195104 0.980663 4.58033 0 0 0 1 
0.999876 0.00158148 -0.0156865 -0.811823 0.00158148 0.979877 0.199595 10.3296 0.0156865 -0.199595 0.979753 4.66303 0 0 0 1 
0.999871 0.0016466 -0.0160028 -0.829135 0.0016466 0.979049 0.20362 10.5499 0.0160028 -0.20362 0.978919 4.73627 0 0 0 1 
0.999866 0.00170468 -0.0162796 -0.844311 0.00170468 0.97831 0.207141 10.743 0.0162796 -0.207141 0.978176 4.79963 0 0 0 1 
0.999862 0.00175455 -0.0165133 -0.857153 0.00175455 0.977675 0.210115 10.9064 0.0165133 -0.210115 0.977537 4.85265 0 0 0 1 
0.999859 0.00179524 -0.0167015 -0.867506 0.00179524 0.977158 0.212509 11.0381 0.0167015 -0.212509 0.977016 4.89499 0 0 0 1 
0.999857 0.00182589 -0.0168418 -0.875234 0.00182589 0.976768 0.214294 11.1364 0.0168418 -0.214294 0.976624 4.92636 0 0 0 1 
0.999855 0.00184575 -0.0169321 -0.880213 0.00184575 0.976515 0.215443 11.1998 0.0169321 -0.215443 0.97637 4.94647 0 0 0 1 
0.999854 0.00185436 -0.016971 -0.88236 0.00185436 0.976405 0.215938 11.2271 0.016971 -0.215938 0.97626 4.95511 0 0 0 1 
0.999854 0.00185134 -0.0169574 -0.881607 0.00185134 0.976444 0.215765 11.2175 0.0169574 -0.215765 0.976298 4.95208 0 0 0 1 
0.999856 0.00183658 -0.0168905 -0.877918 0.00183658 0.976631 0.214913 11.1706 0.0168905 -0.214913 0.976487 4.93721 0 0 0 1 
0.999858 0.0018102 -0.0167701 -0.871287 0.0018102 0.976967 0.213382 11.0862 0.0167701 -0.213382 0.976825 4.91036 0 0 0 1 
0.999861 0.00177253 -0.0165967 -0.861741 0.00177253 0.977446 0.211176 10.9648 0.0165967 -0.211176 0.977307 4.87146 0 0 0 1 
0.999865 0.00172406 -0.0163708 -0.849323 0.00172406 0.978063 0.208302 10.8067 0.0163708 -0.208302 0.977928 4.82039 0 0 0 1 
0.999869 0.0016656 -0.0160939 -0.834127 0.0016656 0.978807 0.204779 10.6134 0.0160939 -0.204779 0.978676 4.7572 0 0 0 1 
0.999874 0.00159795 -0.0157671 -0.816231 0.00159795 0.979668 0.20062 10.3857 0.0157671 -0.20062 0.979542 4.68177 0 0 0 1 
0.99988 0.00152224 -0.0153928 -0.795785 0.00152224 0.980631 0.195858 10.1255 0.0153928 -0.195858 0.980511 4.59429 0 0 0 1 
0.999887 0.00143963 -0.0149733 -0.772932 0.00143963 0.981682 0.19052 9.83476 0.0149733 -0.19052 0.981569 4.49482 0 0 0 1 
0.999894 0.00135142 -0.0145115 -0.747852 0.00135142 0.982805 0.184644 9.51564 0.0145115 -0.184644 0.982698 4.38361 0 0 0 1 
0.999901 0.00125899 -0.0140107 -0.720744 0.00125899 0.983981 0.178271 9.17072 0.0140107 -0.178271 0.983882 4.26098 0 0 0 1 
0.999909 0.00116367 -0.013474 -0.691801 0.00116367 0.985194 0.171442 8.80245 0.013474 -0.171442 0.985102 4.12723 0 0 0 1 
0.999916 0.00106688 -0.0129054 -0.661261 0.00106688 0.986425 0.164208 8.41386 0.0129054 -0.164208 0.986341 3.98295 0 0 0 1 
0.999924 0.000969947 -0.0123091 -0.629354 0.000969947 0.987658 0.15662 8.00788 0.0123091 -0.15662 0.987582 3.82871 0 0 0 1 
0.999931 0.000874111 -0.0116888 -0.596309 0.000874111 0.988878 0.148727 7.58741 0.0116888 -0.148727 0.988809 3.66516 0 0 0 1 
0.999939 0.000780601 -0.0110492 -0.562387 0.000780601 0.990068 0.14059 7.15579 0.0110492 -0.14059 0.990006 3.49321 0 0 0 1 
0.999946 0.000690444 -0.0103946 -0.527823 0.000690444 0.991215 0.13226 6.716 0.0103946 -0.13226 0.991161 3.31374 0 0 0 1 
0.999952 0.000604613 -0.00972973 -0.492884 0.000604613 0.992307 0.123801 6.27143 0.00972973 -0.123801 0.992259 3.12788 0 0 0 1 
0.999959 0.000523812 -0.00905862 -0.45778 0.000523812 0.993335 0.115262 5.82477 0.00905862 -0.115262 0.993294 2.93661 0 0 0 1 
0.999965 0.000448733 -0.00838635 -0.422781 0.000448733 0.99429 0.106708 5.37945 0.00838635 -0.106708 0.994255 2.74134 0 0 0 1 
0.99997 0.000379756 -0.00771663 -0.388079 0.000379756 0.995168 0.098186 4.93791 0.00771663 -0.098186 0.995138 2.54316 0 0 0 1 
0.999975 0.000317202 -0.00705392 -0.353903 0.000317202 0.995964 0.0897538 4.50305 0.00705392 -0.0897538 0.995939 2.3435 0 0 0 1 
0.999979 0.000261235 -0.0064026 -0.32047 0.000261235 0.996676 0.0814664 4.07764 0.0064026 -0.0814664 0.996656 2.14381 0 0 0 1 
0.999983 0.000211789 -0.00576581 -0.287932 0.000211789 0.997305 0.073364 3.66364 0.00576581 -0.073364 0.997289 1.94529 0 0 0 1 
0.999987 0.000168754 -0.0051475 -0.256479 0.000168754 0.997853 0.0654966 3.26343 0.0051475 -0.0654966 0.99784 1.7494 0 0 0 1 
0.99999 0.000131878 -0.004551 -0.226268 0.000131878 0.998322 0.0579067 2.87902 0.004551 -0.0579067 0.998312 1.55752 0 0 0 1 
0.999992 0.000100791 -0.00397901 -0.197418 0.000100791 0.998718 0.0506287 2.51194 0.00397901 -0.0506287 0.99871 1.37085 0 0 0 1 
0.999994 7.50692e-05 -0.00343424 -0.170052 7.50692e-05 0.999045 0.0436971 2.16373 0.00343424 -0.0436971 0.999039 1.19063 0 0 0 1 
0.999996 5.42392e-05 -0.00291934 -0.144285 5.42392e-05 0.99931 0.0371456 1.83587 0.00291934 -0.0371456 0.999306 1.01811 0 0 0 1 
0.999997 3.77556e-05 -0.0024358 -0.120174 3.77556e-05 0.99952 0.030993 1.52909 0.0024358 -0.030993 0.999517 0.854172 0 0 0 1 
0.999998 2.50945e-05 -0.0019859 -0.0978165 2.50945e-05 0.999681 0.0252686 1.24461 0.0019859 -0.0252686 0.999679 0.699965 0 0 0 1 
0.999999 1.56943e-05 -0.00157056 -0.0772408 1.56943e-05 0.9998 0.0199837 0.982808 0.00157056 -0.0199837 0.999799 0.556168 0 0 0 1 
0.999999 9.02867e-06 -0.00119125 -0.0585049 9.02867e-06 0.999885 0.0151574 0.744414 0.00119125 -0.0151574 0.999884 0.423648 0 0 0 1 
1 4.57975e-06 -0.000848434 -0.041616 4.57975e-06 0.999942 0.0107954 0.529521 0.000848434 -0.0107954 0.999941 0.302889 0 0 0 1 
1 1.87787e-06 -0.000543292 -0.0266188 1.87787e-06 0.999976 0.00691283 0.338697 0.000543292 -0.00691283 0.999976 0.194615 0 0 0 1 
1 4.83097e-07 -0.000275563 -0.013488 4.83097e-07 0.999994 0.00350625 0.171621 0.000275563 -0.00350625 0.999994 0.099004 0 0 0 1 
1 1.33932e-08 -4.58824e-05 -0.00224391 1.33932e-08 1 0.000583806 0.0285515 4.58824e-05 -0.000583806 1 0.0165266 0 0 0 1 
1 1.35818e-07 0.000146111 0.00714062 1.35818e-07 0.999998 -0.00185911 -0.0908569 -0.000146111 0.00185911 0.999998 -0.0527401 0 0 0 1 
1 5.7246e-07 0.000299969 0.0146515 5.7246e-07 0.999993 -0.00381679 -0.186425 -0.000299969 0.00381679 0.999993 -0.10846 0 0 0 1 
1 1.10419e-06 0.000416605 0.0203397 1.10419e-06 0.999986 -0.00530087 -0.258801 -0.000416605 0.00530087 0.999986 -0.150826 0 0 0 1 
1 1.56719e-06 0.000496322 0.0242245 1.56719e-06 0.99998 -0.00631517 -0.308231 -0.000496322 0.00631517 0.99998 -0.179844 0 0 0 1 
1 1.84888e-06 0.000539083 0.0263074 1.84888e-06 0.999976 -0.00685927 -0.334735 -0.000539083 0.00685927 0.999976 -0.195431 0 0 0 1 
1 1.89332e-06 0.000545523 0.0266211 1.89332e-06 0.999976 -0.00694121 -0.338725 -0.000545523 0.00694121 0.999976 -0.197779 0 0 0 1 
1 1.69345e-06 0.000515927 0.0251796 1.69345e-06 0.999978 -0.00656463 -0.320384 -0.000515927 0.00656463 0.999978 -0.186988 0 0 0 1 
1 1.29472e-06 0.000451117 0.0220218 1.29472e-06 0.999984 -0.00574 -0.280205 -0.000451117 0.00574 0.999983 -0.163383 0 0 0 1 
1 7.84172e-07 0.000351082 0.0171448 7.84172e-07 0.99999 -0.00446715 -0.21815 -0.000351082 0.00446715 0.99999 -0.127013 0 0 0 1 
1 2.98348e-07 0.000216553 0.0105805 2.98348e-07 0.999996 -0.00275542 -0.134625 -0.000216553 0.00275542 0.999996 -0.0782277 0 0 0 1 
1 1.4397e-08 4.75707e-05 0.00232568 1.4397e-08 1 -0.000605288 -0.0295919 -4.75707e-05 0.000605288 1 -0.0171524 0 0 0 1 
