1 -9.67486e-05 -0.000490589 -0.0295788 9.70755e-05 1 0.000666388 0.0378161 0.000490525 -0.000666435 1 0.0396228 0 0 0 1 
1 -0.000192114 -0.000977226 -0.0589005 0.000193442 0.999999 0.00135907 0.0768867 0.000976964 -0.00135925 0.999999 0.0796609 0 0 0 1 
0.999999 -0.000285979 -0.0014595 -0.0879382 0.000289014 0.999998 0.00207934 0.117272 0.0014589 -0.00207976 0.999997 0.120124 0 0 0 1 
0.999998 -0.000378567 -0.00193825 -0.116746 0.000384041 0.999996 0.00282487 0.158873 0.00193717 -0.00282561 0.999994 0.160992 0 0 0 1 
0.999997 -0.000469293 -0.00241089 -0.145164 0.000477962 0.999993 0.00359625 0.20169 0.00240919 -0.00359739 0.999991 0.202155 0 0 0 1 
0.999996 -0.000558606 -0.00287956 -0.173322 0.000571257 0.99999 0.00439436 0.245792 0.00287707 -0.00439599 0.999986 0.243731 0 0 0 1 
0.999994 -0.000646502 -0.00334424 -0.201219 0.000663952 0.999986 0.00521928 0.291187 0.00334082 -0.00522147 0.999981 0.28572 0 0 0 1 
0.999992 -0.000732604 -0.00380312 -0.228745 0.000755678 0.999981 0.00606929 0.337771 0.00379861 -0.00607212 0.999974 0.327991 0 0 0 1 
0.999991 -0.000815163 -0.00424846 -0.255418 0.000844662 0.999976 0.0069464 0.385551 0.00424269 -0.00694992 0.999967 0.370225 0 0 0 1 
0.999989 -0.000897987 -0.00469739 -0.282301 0.00093484 0.999969 0.00784891 0.434654 0.0046902 -0.00785321 0.999958 0.413185 0 0 0 1 
0.999986 -0.00097907 -0.00514077 -0.308826 0.00102416 0.999961 0.0087758 0.484924 0.00513197 -0.00878095 0.999948 0.456413 0 0 0 1 
0.999984 -0.00105684 -0.00557197 -0.33458 0.00111104 0.999952 0.00973317 0.536575 0.00556142 -0.0097392 0.999937 0.49974 0 0 0 1 
0.999981 -0.00113455 -0.00600518 -0.360447 0.00119884 0.999942 0.0107134 0.589417 0.00599268 -0.0107204 0.999925 0.543647 0 0 0 1 
0.999979 -0.00120821 -0.00642256 -0.385318 0.00128343 0.99993 0.01172 0.643401 0.00640796 -0.011728 0.999911 0.587377 0 0 0 1 
0.999976 -0.00128045 -0.00683614 -0.409938 0.00136756 0.999918 0.0127532 0.698691 0.00681925 -0.0127623 0.999895 0.631498 0 0 0 1 
0.999973 -0.00135084 -0.00724385 -0.43418 0.0014508 0.999904 0.0138117 0.755197 0.00722449 -0.0138219 0.999878 0.675875 0 0 0 1 
0.99997 -0.00141892 -0.0076435 -0.457909 0.00153265 0.999888 0.0148942 0.81283 0.00762151 -0.0149055 0.99986 0.720374 0 0 0 1 
0.999967 -0.00148553 -0.00803923 -0.481379 0.00161405 0.999871 0.0160037 0.871797 0.00801442 -0.0160162 0.99984 0.765256 0 0 0 1 
0.999963 -0.00154792 -0.00841863 -0.503819 0.00169205 0.999852 0.0171407 0.931961 0.00839085 -0.0171543 0.999818 0.809948 0 0 0 1 
0.99996 -0.0016103 -0.00880032 -0.526389 0.00177114 0.999831 0.0182994 0.99328 0.00876936 -0.0183143 0.999794 0.855179 0 0 0 1 
0.999957 -0.00166897 -0.00916807 -0.548077 0.00184738 0.999808 0.0194861 1.05586 0.00913379 -0.0195022 0.999768 0.900338 0 0 0 1 
0.999953 -0.00172344 -0.00951955 -0.568738 0.00192021 0.999784 0.0206998 1.11961 0.00948182 -0.0207171 0.99974 0.945286 0 0 0 1 
0.99995 -0.00177769 -0.00987266 -0.589485 0.00199394 0.999757 0.0219369 1.18461 0.00983127 -0.0219555 0.999711 0.990773 0 0 0 1 
0.999946 -0.00182777 -0.0102097 -0.609216 0.00206426 0.999729 0.0232002 1.25074 0.0101645 -0.0232201 0.999679 1.03603 0 0 0 1 
0.999943 -0.00187597 -0.0105409 -0.628571 0.00213365 0.999698 0.024488 1.31808 0.0104917 -0.0245091 0.999645 1.0815 0 0 0 1 
0.999939 -0.00191943 -0.0108533 -0.646745 0.00219895 0.999665 0.0258013 1.3865 0.0108002 -0.0258236 0.999608 1.12659 0 0 0 1 
0.999936 -0.00196131 -0.0111617 -0.664649 0.00226368 0.999629 0.0271419 1.45627 0.0111043 -0.0271654 0.999569 1.17203 0 0 0 1 
0.999932 -0.00199848 -0.0114515 -0.681379 0.00232427 0.999591 0.0285072 1.52709 0.0113898 -0.0285319 0.999528 1.21708 0 0 0 1 
0.999929 -0.00203546 -0.0117431 -0.69821 0.00238577 0.99955 0.0298948 1.59911 0.011677 -0.0299207 0.999484 1.26262 0 0 0 1 
0.999926 -0.00206577 -0.0120077 -0.713339 0.00244091 0.999507 0.0313107 1.67224 0.0119371 -0.0313377 0.999438 1.30745 0 0 0 1 
0.999923 -0.00209422 -0.0122666 -0.7281 0.00249502 0.99946 0.0327499 1.74651 0.0121914 -0.032778 0.999388 1.35245 0 0 0 1 
0.999919 -0.00212001 -0.0125165 -0.74228 0.0025472 0.999411 0.0342141 1.82197 0.0124365 -0.0342432 0.999336 1.39748 0 0 0 1 
0.999917 -0.00213975 -0.0127421 -0.754934 0.00259356 0.999359 0.0357058 1.89854 0.0126575 -0.0357359 0.999281 1.44191 0 0 0 1 
0.999914 -0.00215813 -0.0129643 -0.767359 0.00263936 0.999304 0.0372179 1.97615 0.0128749 -0.0372489 0.999223 1.48651 0 0 0 1 
0.999911 -0.00217093 -0.0131645 -0.778399 0.00267977 0.999245 0.0387588 2.05496 0.0130704 -0.0387906 0.999162 1.53065 0 0 0 1 
0.999908 -0.00218055 -0.0133532 -0.788707 0.00271745 0.999183 0.0403224 2.13481 0.0132544 -0.0403549 0.999097 1.57463 0 0 0 1 
0.999902 -0.00218431 -0.0138246 -0.813622 0.00280667 0.998976 0.0451605 2.38083 0.0137118 -0.0451948 0.998884 1.70476 0 0 0 1 
0.999897 -0.0021269 -0.0142152 -0.83179 0.0028628 0.998646 0.0519504 2.72341 0.0140855 -0.0519857 0.998548 1.87295 0 0 0 1 
0.999896 -0.00199296 -0.0143123 -0.831409 0.0028359 0.998247 0.0591193 3.08182 0.0141694 -0.0591537 0.998148 2.03363 0 0 0 1 
0.999899 -0.00177357 -0.0140773 -0.810103 0.00270825 0.997772 0.0666574 3.45489 0.0139278 -0.0666888 0.997677 2.18455 0 0 0 1 
0.999908 -0.00146444 -0.0134924 -0.766803 0.00246641 0.997214 0.0745476 3.84128 0.0133457 -0.074574 0.997126 2.32423 0 0 0 1 
0.999921 -0.00105255 -0.0125012 -0.698061 0.00208397 0.996565 0.0827824 4.2395 0.0123711 -0.0828019 0.996489 2.44969 0 0 0 1 
0.999938 -0.000537825 -0.0111044 -0.604024 0.00154989 0.995819 0.0913347 4.64785 0.0110088 -0.0913463 0.995758 2.56013 0 0 0 1 
0.999957 9.17573e-05 -0.00924947 -0.481558 0.000835419 0.994968 0.100187 5.06421 0.00921212 -0.100191 0.994926 2.65255 0 0 0 1 
0.999976 0.000837207 -0.00693283 -0.330616 -7.43664e-05 0.994008 0.10931 5.48649 0.00698281 -0.109306 0.993984 2.72596 0 0 0 1 
0.99999 0.00170823 -0.0041124 -0.148804 -0.00120811 0.992932 0.118679 5.91226 0.00428606 -0.118672 0.992924 2.77776 0 0 0 1 
0.999996 0.0027067 -0.000779658 0.0641317 -0.00258435 0.991738 0.128254 6.33869 0.00112036 -0.128251 0.991741 2.8066 0 0 0 1 
0.999988 0.00383887 0.0030923 0.309536 -0.00422891 0.990423 0.138005 6.7631 -0.0025329 -0.138016 0.990427 2.81054 0 0 0 1 
0.999959 0.00510638 0.00751119 0.587506 -0.0061612 0.988985 0.147888 7.18238 -0.00667328 -0.147929 0.988976 2.78829 0 0 0 1 
0.999901 0.00651345 0.0124962 0.898787 -0.00840505 0.987425 0.157862 7.59323 -0.0113108 -0.157952 0.987382 2.7381 0 0 0 1 
0.999805 0.00805768 0.0180376 1.24231 -0.0109731 0.985747 0.167877 7.99253 -0.0164278 -0.168042 0.985643 2.65948 0 0 0 1 
0.999661 0.00974156 0.0241477 1.61829 -0.0138855 0.983953 0.177885 8.37681 -0.0220274 -0.17816 0.983755 2.55104 0 0 0 1 
0.999458 0.0115624 0.0308167 2.02554 -0.0171525 0.982051 0.187833 8.74265 -0.0280918 -0.18826 0.981717 2.41229 0 0 0 1 
0.999185 0.0135159 0.0380285 2.46249 -0.0207801 0.980049 0.197666 9.08687 -0.0345981 -0.198295 0.979532 2.24312 0 0 0 1 
0.99883 0.0156004 0.0457778 2.9282 -0.0247767 0.977957 0.207331 9.40613 -0.0415343 -0.208223 0.977199 2.04297 0 0 0 1 
0.99838 0.0178084 0.054036 3.42027 -0.0291378 0.975788 0.216771 9.69736 -0.0488673 -0.217994 0.974726 1.8123 0 0 0 1 
0.997825 0.0201316 0.0627713 3.93618 -0.0338547 0.973555 0.225929 9.95783 -0.056563 -0.227562 0.972119 1.55182 0 0 0 1 
0.997153 0.0225625 0.0719545 4.47356 -0.0389167 0.971276 0.234753 10.1851 -0.0645911 -0.236884 0.969388 1.26217 0 0 0 1 
0.996354 0.0250904 0.081546 5.02946 -0.0443043 0.968967 0.243187 10.3767 -0.0729137 -0.245913 0.966545 0.944451 0 0 0 1 
0.99542 0.0277023 0.0914939 5.60032 -0.049989 0.966648 0.251183 10.5312 -0.081484 -0.254606 0.963606 0.600448 0 0 0 1 
0.994345 0.0303865 0.101755 6.18312 -0.0559424 0.964338 0.258693 10.6472 -0.0902655 -0.262922 0.960585 0.231556 0 0 0 1 
0.993125 0.0331276 0.11227 6.77403 -0.0621249 0.962059 0.265673 10.7238 -0.0992092 -0.270821 0.957504 -0.160006 0 0 0 1 
0.991758 0.0359132 0.122992 7.37005 -0.0684995 0.959832 0.272085 10.7604 -0.10828 -0.278267 0.954381 -0.572591 0 0 0 1 
0.990246 0.0387233 0.133844 7.96662 -0.0750107 0.957678 0.277895 10.7576 -0.117419 -0.285224 0.951241 -1.00302 0 0 0 1 
0.988593 0.0415421 0.144767 8.5603 -0.0816093 0.95562 0.283074 10.716 -0.126583 -0.29166 0.948109 -1.44896 0 0 0 1 
0.986806 0.0443563 0.155712 9.14833 -0.0882489 0.953676 0.287602 10.6362 -0.135742 -0.297549 0.945007 -1.90844 0 0 0 1 
0.984899 0.0471425 0.166588 9.72594 -0.0948594 0.951869 0.291457 10.5205 -0.14483 -0.302859 0.941966 -2.37755 0 0 0 1 
0.982881 0.0498898 0.177359 10.2913 -0.101398 0.950216 0.294632 10.3702 -0.153831 -0.307572 0.939008 -2.85477 0 0 0 1 
0.980774 0.0525736 0.18793 10.8397 -0.107788 0.948737 0.297118 10.1883 -0.162676 -0.311662 0.936164 -3.33579 0 0 0 1 
0.978591 0.055187 0.198278 11.3703 -0.113996 0.947446 0.298917 9.97656 -0.171362 -0.31512 0.933453 -3.81971 0 0 0 1 
0.976358 0.0577061 0.208313 11.879 -0.119947 0.946359 0.30003 9.73851 -0.179826 -0.317924 0.930907 -4.30225 0 0 0 1 
0.974094 0.0601216 0.218004 12.3646 -0.125601 0.945486 0.300469 9.47657 -0.188055 -0.320066 0.928544 -4.78192 0 0 0 1 
0.971824 0.0624183 0.227293 12.825 -0.130907 0.944837 0.300244 9.19395 -0.196014 -0.321538 0.926386 -5.25595 0 0 0 1 
0.96957 0.0645857 0.236143 13.2589 -0.135824 0.94442 0.299372 8.89355 -0.203683 -0.322336 0.924453 -5.72236 0 0 0 1 
0.967356 0.0666119 0.24451 13.665 -0.14031 0.944238 0.297871 8.57848 -0.211034 -0.322455 0.922761 -6.17884 0 0 0 1 
0.9652 0.0684934 0.252384 14.0432 -0.144346 0.944293 0.29576 8.2508 -0.218067 -0.321898 0.921319 -6.62471 0 0 0 1 
0.963126 0.07022 0.259726 14.3925 -0.147899 0.944584 0.293064 7.91372 -0.224754 -0.32067 0.920139 -7.05766 0 0 0 1 
0.96115 0.0717892 0.266526 14.7132 -0.150953 0.945107 0.289805 7.56931 -0.231091 -0.318779 0.919226 -7.47691 0 0 0 1 
0.959288 0.0731994 0.272779 15.0055 -0.153502 0.945853 0.286007 7.21956 -0.237073 -0.316235 0.918581 -7.88175 0 0 0 1 
0.957553 0.0744489 0.278477 15.2697 -0.155537 0.946813 0.281696 6.86646 -0.242694 -0.313052 0.918204 -8.27133 0 0 0 1 
0.955952 0.0755423 0.283637 15.5071 -0.157069 0.947976 0.276896 6.5111 -0.247964 -0.309249 0.918084 -8.64601 0 0 0 1 
0.954494 0.0764804 0.288258 15.7182 -0.1581 0.949326 0.271635 6.15515 -0.252876 -0.304847 0.918217 -9.00513 0 0 0 1 
0.953179 0.0772716 0.292369 15.9046 -0.158654 0.950845 0.265938 5.79919 -0.257448 -0.299872 0.918585 -9.34963 0 0 0 1 
0.952006 0.0779231 0.295993 16.068 -0.15875 0.952515 0.259832 5.44387 -0.261691 -0.294351 0.919171 -9.68015 0 0 0 1 
0.950976 0.0784413 0.29915 16.2093 -0.158412 0.954317 0.253346 5.09001 -0.265612 -0.288315 0.919959 -9.99697 0 0 0 1 
0.95008 0.0788386 0.301882 16.3307 -0.157675 0.956228 0.246508 4.73767 -0.269234 -0.281802 0.920924 -10.3016 0 0 0 1 
0.94931 0.0791247 0.30422 16.4338 -0.15657 0.958227 0.239347 4.38718 -0.272574 -0.274847 0.922043 -10.595 0 0 0 1 
0.948658 0.0793108 0.3062 16.5204 -0.155132 0.960291 0.231894 4.03868 -0.27565 -0.267489 0.923291 -10.8783 0 0 0 1 
0.948112 0.0794087 0.307861 16.5923 -0.153399 0.962399 0.224182 3.69239 -0.278483 -0.259775 0.924643 -11.1527 0 0 0 1 
0.947658 0.0794322 0.309248 16.6517 -0.151412 0.964528 0.216242 3.34814 -0.281102 -0.251747 0.92607 -11.42 0 0 0 1 
0.947286 0.079392 0.310396 16.7001 -0.149206 0.966659 0.208108 3.00619 -0.283525 -0.243451 0.927548 -11.6813 0 0 0 1 
0.946985 0.0792984 0.311337 16.739 -0.146816 0.968771 0.199818 2.66705 -0.285769 -0.234934 0.929054 -11.9373 0 0 0 1 
0.946737 0.0791669 0.312125 16.7708 -0.144286 0.970848 0.191404 2.33029 -0.287873 -0.226245 0.93056 -12.1902 0 0 0 1 
0.946532 0.0790061 0.312787 16.7968 -0.141647 0.972873 0.182904 1.99658 -0.289851 -0.21743 0.932046 -12.4407 0 0 0 1 
0.946357 0.0788278 0.313361 16.8186 -0.138933 0.974832 0.174355 1.66615 -0.291731 -0.208539 0.933491 -12.6899 0 0 0 1 
0.946202 0.0786402 0.313875 16.8376 -0.136173 0.976714 0.165792 1.3395 -0.293528 -0.199614 0.934877 -12.9384 0 0 0 1 
0.946053 0.0784549 0.31437 16.8555 -0.1334 0.978508 0.15725 1.0168 -0.295276 -0.190703 0.936186 -13.1879 0 0 0 1 
0.945904 0.0782776 0.314861 16.873 -0.130635 0.980206 0.148765 0.6989 -0.296984 -0.18185 0.937407 -13.4382 0 0 0 1 
0.945742 0.0781187 0.315387 16.892 -0.127908 0.981802 0.14037 0.385913 -0.298682 -0.173094 0.938524 -13.6907 0 0 0 1 
0.945562 0.077982 0.31596 16.9128 -0.125234 0.983294 0.132097 0.0787308 -0.30038 -0.164474 0.939532 -13.9452 0 0 0 1 
0.945354 0.0778759 0.316609 16.937 -0.122636 0.984678 0.123974 -0.222435 -0.302103 -0.156027 0.94042 -14.2027 0 0 0 1 
0.945113 0.0778038 0.317346 16.9649 -0.120127 0.985954 0.116034 -0.516802 -0.30386 -0.147787 0.941184 -14.463 0 0 0 1 
0.94483 0.0777724 0.318195 16.9977 -0.117725 0.987123 0.108296 -0.804235 -0.305676 -0.139781 0.941819 -14.727 0 0 0 1 
0.944504 0.0777822 0.319159 17.0354 -0.115438 0.988188 0.100791 -1.08379 -0.307549 -0.132041 0.942326 -14.9938 0 0 0 1 
0.944126 0.0778398 0.320262 17.0793 -0.113281 0.98915 0.0935361 -1.35553 -0.309506 -0.124589 0.9427 -15.2645 0 0 0 1 
0.943695 0.0779451 0.321503 17.1292 -0.111258 0.990015 0.0865525 -1.61872 -0.311547 -0.117449 0.942945 -15.5384 0 0 0 1 
0.943205 0.0781021 0.322899 17.1859 -0.10938 0.990787 0.0798556 -1.87328 -0.313687 -0.110639 0.943059 -15.8159 0 0 0 1 
0.942656 0.0783106 0.324448 17.2492 -0.107651 0.991471 0.0734637 -2.11866 -0.315928 -0.104178 0.943046 -16.0964 0 0 0 1 
0.942044 0.0785721 0.326158 17.3195 -0.106076 0.992072 0.0673865 -2.35479 -0.318277 -0.0980784 0.94291 -16.3799 0 0 0 1 
0.941364 0.0788897 0.328041 17.3974 -0.104662 0.992596 0.0616356 -2.58166 -0.32075 -0.0923548 0.942651 -16.6668 0 0 0 1 
0.940619 0.0792594 0.330082 17.482 -0.103407 0.993049 0.0562235 -2.79867 -0.323331 -0.0870178 0.942276 -16.9557 0 0 0 1 
0.939806 0.0796832 0.332289 17.5738 -0.102318 0.993435 0.0511569 -3.00593 -0.326031 -0.0820767 0.941789 -17.2469 0 0 0 1 
0.938925 0.0801591 0.334656 17.6723 -0.101395 0.993762 0.0464444 -3.20319 -0.328845 -0.07754 0.941195 -17.5394 0 0 0 1 
0.937975 0.0806872 0.337182 17.7776 -0.100641 0.994032 0.0420943 -3.39039 -0.331773 -0.0734179 0.940498 -17.8331 0 0 0 1 
0.936959 0.0812648 0.339859 17.8891 -0.100057 0.994252 0.0381082 -3.5675 -0.334808 -0.0697109 0.939704 -18.1272 0 0 0 1 
0.935874 0.0818921 0.342686 18.0069 -0.0996467 0.994425 0.0344956 -3.73445 -0.337951 -0.0664311 0.938816 -18.4212 0 0 0 1 
0.934724 0.0825654 0.34565 18.1302 -0.0994097 0.994555 0.0312593 -3.89113 -0.341188 -0.0635798 0.937843 -18.7141 0 0 0 1 
0.93351 0.0832832 0.348746 18.2588 -0.0993489 0.994647 0.0284038 -4.03756 -0.344513 -0.0611628 0.936787 -19.0053 0 0 0 1 
0.932233 0.0840433 0.351963 18.3922 -0.0994657 0.994703 0.0259319 -4.17374 -0.34792 -0.0591829 0.935655 -19.294 0 0 0 1 
0.930899 0.0848417 0.355287 18.5297 -0.0997609 0.994726 0.0238488 -4.29952 -0.35139 -0.0576446 0.934453 -19.5789 0 0 0 1 
0.929511 0.0856752 0.358705 18.6707 -0.100237 0.994717 0.0221592 -4.4148 -0.354912 -0.0565527 0.933188 -19.8588 0 0 0 1 
0.928071 0.0865418 0.362208 18.8147 -0.100895 0.994678 0.0208634 -4.51973 -0.358475 -0.0559078 0.931864 -20.1331 0 0 0 1 
0.926583 0.0874384 0.365784 18.9613 -0.101739 0.994611 0.0199632 -4.61432 -0.362067 -0.055712 0.930486 -20.4007 0 0 0 1 
0.925057 0.0883588 0.369408 19.1093 -0.102765 0.994515 0.0194627 -4.69829 -0.365662 -0.0559664 0.929063 -20.6598 0 0 0 1 
0.923496 0.0893003 0.373069 19.2582 -0.103977 0.994391 0.0193619 -4.77172 -0.369248 -0.0566714 0.927601 -20.9094 0 0 0 1 
0.921907 0.0902586 0.37675 19.4074 -0.105375 0.994238 0.0196615 -4.83456 -0.372804 -0.0578261 0.926106 -21.1482 0 0 0 1 
0.920298 0.0912295 0.380433 19.5561 -0.106957 0.994055 0.02036 -4.88679 -0.376314 -0.0594274 0.924584 -21.375 0 0 0 1 
0.918678 0.0922068 0.384094 19.7033 -0.108721 0.993841 0.0214558 -4.92824 -0.37975 -0.0614703 0.923045 -21.588 0 0 0 1 
0.917056 0.0931864 0.387717 19.8484 -0.110665 0.993593 0.0229457 -4.95888 -0.383095 -0.0639491 0.921493 -21.786 0 0 0 1 
0.915443 0.0941622 0.391277 19.9904 -0.112782 0.99331 0.0248257 -4.97855 -0.386322 -0.0668558 0.919938 -21.9674 0 0 0 1 
0.913848 0.0951289 0.394755 20.1287 -0.115068 0.992988 0.0270868 -4.98724 -0.38941 -0.0701769 0.918387 -22.1309 0 0 0 1 
0.912292 0.0960766 0.398111 20.2615 -0.117509 0.992627 0.0297267 -4.9843 -0.392319 -0.0739012 0.916856 -22.2739 0 0 0 1 
0.910779 0.0970034 0.401338 20.389 -0.1201 0.992222 0.0327305 -4.97007 -0.395042 -0.0780112 0.915345 -22.3963 0 0 0 1 
0.909331 0.0978975 0.404393 20.5092 -0.122823 0.991772 0.0360894 -4.94382 -0.397533 -0.0824857 0.913873 -22.4952 0 0 0 1 
0.907958 0.0987544 0.407258 20.6218 -0.125663 0.991275 0.0397873 -4.90555 -0.399776 -0.0873024 0.912446 -22.5699 0 0 0 1 
0.906683 0.0995636 0.409894 20.7252 -0.128599 0.990728 0.043812 -4.85459 -0.401732 -0.0924357 0.91108 -22.618 0 0 0 1 
0.905518 0.100319 0.412279 20.8188 -0.131611 0.990132 0.0481416 -4.79081 -0.403381 -0.0978537 0.909785 -22.6388 0 0 0 1 
0.904487 0.101007 0.414368 20.901 -0.134671 0.989485 0.0527613 -4.71332 -0.404682 -0.103525 0.908579 -22.6298 0 0 0 1 
0.903606 0.101623 0.416136 20.9709 -0.13775 0.988788 0.0576464 -4.62184 -0.405612 -0.109412 0.907473 -22.5901 0 0 0 1 
0.902898 0.102152 0.41754 21.0269 -0.140815 0.988044 0.0627741 -4.51553 -0.406135 -0.115474 0.906488 -22.5176 0 0 0 1 
0.902377 0.102589 0.418559 21.0685 -0.143835 0.987255 0.0681172 -4.39417 -0.406236 -0.121671 0.905632 -22.4122 0 0 0 1 
0.902067 0.102921 0.419146 21.094 -0.146768 0.986425 0.0736503 -4.25675 -0.405876 -0.127955 0.904927 -22.2715 0 0 0 1 
0.901981 0.10314 0.419275 21.1023 -0.149578 0.985561 0.0793411 -4.10297 -0.405038 -0.134278 0.904386 -22.0955 0 0 0 1 
0.902139 0.103235 0.418913 21.0922 -0.152223 0.984671 0.0851576 -3.93227 -0.403701 -0.140592 0.904024 -21.8832 0 0 0 1 
0.902554 0.103196 0.418026 21.0625 -0.15466 0.983762 0.0910677 -3.74409 -0.40184 -0.146845 0.903859 -21.6339 0 0 0 1 
0.903237 0.103016 0.416594 21.0122 -0.156849 0.982844 0.0970321 -3.53843 -0.399451 -0.152985 0.903899 -21.348 0 0 0 1 
0.904196 0.102688 0.41459 20.9401 -0.158749 0.98193 0.103013 -3.31516 -0.39652 -0.15896 0.904159 -21.0256 0 0 0 1 
0.90544 0.102202 0.411987 20.8451 -0.160319 0.981032 0.108973 -3.07423 -0.393035 -0.164717 0.90465 -20.6669 0 0 0 1 
0.906967 0.101555 0.408776 20.7263 -0.161522 0.980162 0.114865 -2.81632 -0.389002 -0.170205 0.905377 -20.2732 0 0 0 1 
0.908776 0.100741 0.404942 20.5828 -0.162323 0.979334 0.120648 -2.54203 -0.384419 -0.175373 0.906348 -19.8456 0 0 0 1 
0.91086 0.0997577 0.400477 20.4138 -0.162691 0.978563 0.126274 -2.25247 -0.379296 -0.180172 0.907564 -19.3858 0 0 0 1 
0.91321 0.0986026 0.39538 20.2187 -0.162603 0.977863 0.131698 -1.94894 -0.373641 -0.184558 0.909027 -18.8955 0 0 0 1 
0.915813 0.097274 0.389646 19.9965 -0.162033 0.977247 0.136872 -1.63307 -0.367466 -0.188485 0.910737 -18.3767 0 0 0 1 
0.918646 0.0957764 0.383296 19.7475 -0.160975 0.976727 0.141748 -1.30721 -0.360799 -0.191917 0.912684 -17.8325 0 0 0 1 
0.921693 0.0941096 0.376332 19.4708 -0.159413 0.976315 0.146278 -0.973455 -0.353652 -0.194815 0.914865 -17.2649 0 0 0 1 
0.924929 0.0922775 0.368769 19.1662 -0.157346 0.976021 0.150417 -0.634358 -0.346046 -0.197149 0.91727 -16.6765 0 0 0 1 
0.92832 0.0902909 0.360651 18.8348 -0.154788 0.975853 0.154116 -0.293503 -0.338027 -0.198894 0.91988 -16.0717 0 0 0 1 
0.931847 0.0881509 0.351981 18.4757 -0.151741 0.975817 0.157338 0.0467726 -0.3296 -0.200025 0.922688 -15.4518 0 0 0 1 
0.935469 0.0858724 0.342817 18.0905 -0.148234 0.975917 0.160038 0.382393 -0.320818 -0.200528 0.92567 -14.8216 0 0 0 1 
0.939166 0.0834587 0.333169 17.6788 -0.144282 0.976155 0.162187 0.710877 -0.311689 -0.200391 0.928813 -14.1824 0 0 0 1 
0.942899 0.0809263 0.323099 17.2425 -0.139923 0.976529 0.163748 1.02811 -0.302264 -0.199607 0.932091 -13.539 0 0 0 1 
0.94664 0.0782846 0.312641 16.7824 -0.135192 0.977035 0.164697 1.33117 -0.292568 -0.198175 0.935484 -12.8935 0 0 0 1 
0.950359 0.0755477 0.301845 16.2999 -0.13013 0.977669 0.165016 1.61671 -0.282637 -0.196103 0.938967 -12.2493 0 0 0 1 
0.954029 0.0727284 0.290757 15.7967 -0.12478 0.978421 0.16469 1.88183 -0.272505 -0.193399 0.942517 -11.6091 0 0 0 1 
0.957619 0.0698446 0.279443 15.2752 -0.119197 0.979281 0.163712 2.12345 -0.262218 -0.190083 0.946103 -10.9765 0 0 0 1 
0.961111 0.0669056 0.267934 14.7365 -0.113421 0.980237 0.162081 2.33959 -0.251794 -0.186167 0.949706 -10.3531 0 0 0 1 
0.964481 0.0639304 0.2563 14.1836 -0.10751 0.981277 0.159806 2.52783 -0.241285 -0.181684 0.953296 -9.7424 0 0 0 1 
0.967711 0.0609317 0.244586 13.6185 -0.101511 0.982384 0.156899 2.6867 -0.230717 -0.176661 0.956849 -9.14624 0 0 0 1 
0.970785 0.0579266 0.232854 13.0443 -0.0954783 0.983544 0.153382 2.81475 -0.220137 -0.171133 0.96034 -8.56742 0 0 0 1 
0.973689 0.0549305 0.221161 12.4636 -0.0894615 0.984739 0.149283 2.91117 -0.209585 -0.16514 0.963744 -8.00815 0 0 0 1 
0.976418 0.0519543 0.209544 11.8786 -0.0835011 0.985956 0.144635 2.97589 -0.199087 -0.158721 0.967043 -7.4696 0 0 0 1 
0.978962 0.0490152 0.198069 11.2929 -0.0776468 0.987176 0.139479 3.00877 -0.188693 -0.151924 0.970213 -6.95424 0 0 0 1 
0.981319 0.0461245 0.186777 10.7088 -0.0719348 0.988386 0.133861 3.01062 -0.178433 -0.144796 0.97324 -6.46306 0 0 0 1 
0.983491 0.0432924 0.175704 10.1287 -0.066397 0.989571 0.127829 2.98254 -0.168337 -0.137384 0.976109 -5.99693 0 0 0 1 
0.985476 0.0405334 0.164906 9.55611 -0.0610697 0.990719 0.121437 2.92579 -0.158453 -0.129744 0.978805 -5.55747 0 0 0 1 
0.987282 0.0378536 0.154404 8.99265 -0.0559722 0.991817 0.114741 2.84249 -0.148798 -0.121924 0.981322 -5.14446 0 0 0 1 
0.988912 0.0352663 0.144252 8.44175 -0.051132 0.992857 0.107802 2.73453 -0.13942 -0.113983 0.983651 -4.75922 0 0 0 1 
0.990377 0.0327741 0.134458 7.90455 -0.0465566 0.993829 0.100676 2.60454 -0.130329 -0.105967 0.985792 -4.40085 0 0 0 1 
0.991683 0.0303878 0.125064 7.38403 -0.0422638 0.994729 0.0934288 2.45509 -0.121566 -0.0979375 0.98774 -4.06998 0 0 0 1 
0.992843 0.0281071 0.11607 6.88074 -0.038251 0.995551 0.0861142 2.28919 -0.113133 -0.0899377 0.989501 -3.76507 0 0 0 1 
0.993866 0.0259389 0.107503 6.39694 -0.0345249 0.996293 0.0787926 2.10959 -0.10506 -0.0820208 0.991078 -3.48608 0 0 0 1 
0.994763 0.0238864 0.099376 5.93402 -0.0310842 0.996954 0.0715244 1.91942 -0.0973649 -0.0742389 0.992476 -3.23207 0 0 0 1 
0.995546 0.0219472 0.0916815 5.49213 -0.0279179 0.997536 0.0643571 1.7216 -0.0900431 -0.06663 0.993707 -3.00125 0 0 0 1 
0.996226 0.0201233 0.0844275 5.07233 -0.0250199 0.998041 0.0573452 1.51914 -0.0831081 -0.0592412 0.994778 -2.7925 0 0 0 1 
0.996814 0.0184139 0.0776123 4.67509 -0.0223794 0.998471 0.0505369 1.3149 -0.0765631 -0.0521128 0.995702 -2.6043 0 0 0 1 
0.997319 0.0168156 0.0712231 4.3002 -0.0199814 0.998833 0.0439724 1.11157 -0.0704005 -0.0452776 0.996491 -2.43471 0 0 0 1 
0.997751 0.0153249 0.0652469 3.94738 -0.0178109 0.999131 0.0376917 0.911768 -0.0646125 -0.0387691 0.997157 -2.2818 0 0 0 1 
0.99812 0.0139398 0.0596774 3.61671 -0.0158546 0.999371 0.031733 0.717923 -0.0591975 -0.0326195 0.997713 -2.14399 0 0 0 1 
0.998435 0.0126524 0.0544821 3.30666 -0.014092 0.999559 0.0261213 0.532195 -0.0541276 -0.0268482 0.998173 -2.01867 0 0 0 1 
0.9987 0.0114619 0.04966 3.01753 -0.0125121 0.999704 0.0208888 0.356562 -0.0494059 -0.021483 0.998548 -1.90469 0 0 0 1 
0.998926 0.0103582 0.0451694 2.74717 -0.0110932 0.99981 0.0160531 0.192866 -0.0449945 -0.016537 0.99885 -1.79918 0 0 0 1 
0.999116 0.00933827 0.0409998 2.49521 -0.00982296 0.999884 0.0116363 0.0426636 -0.0408864 -0.0120288 0.999091 -1.70076 0 0 0 1 
0.999276 0.00839354 0.0371156 2.25977 -0.00868316 0.999933 0.00764889 -0.0927285 -0.0370489 -0.00796563 0.999282 -1.6071 0 0 0 1 
0.99941 0.00752115 0.0335062 2.0404 -0.00766304 0.999962 0.00410825 -0.212046 -0.033474 -0.00436259 0.99943 -1.51698 0 0 0 1 
0.999524 0.00671055 0.0301274 1.83464 -0.00674422 0.999977 0.00101616 -0.31437 -0.0301198 -0.00121887 0.999546 -1.42792 0 0 0 1 
0.999619 0.00595885 0.0269681 1.64194 -0.00591738 0.999981 -0.00161739 -0.398846 -0.0269773 0.00145719 0.999635 -1.33892 0 0 0 1 
0.999698 0.00525759 0.0239929 1.46029 -0.00516803 0.999979 -0.00379316 -0.464851 -0.0240124 0.00366802 0.999705 -1.24806 0 0 0 1 
0.999765 0.00460426 0.0211918 1.28917 -0.00448856 0.999975 -0.00550397 -0.511727 -0.0212166 0.00540755 0.99976 -1.15453 0 0 0 1 
0.99982 0.00399045 0.0185292 1.1265 -0.0038658 0.99997 -0.00675787 -0.53924 -0.0185556 0.00668502 0.999805 -1.05668 0 0 0 1 
0.999866 0.00341039 0.0159803 0.970851 -0.00328996 0.999966 -0.0075562 -0.546993 -0.0160056 0.00750262 0.999844 -0.95326 0 0 0 1 
0.999904 0.00286366 0.0135443 0.822195 -0.00275685 0.999965 -0.00789811 -0.534766 -0.0135664 0.00786001 0.999877 -0.844146 0 0 0 1 
0.999935 0.00234477 0.0111971 0.679118 -0.00225762 0.999967 -0.00778935 -0.502394 -0.011215 0.00776357 0.999907 -0.728313 0 0 0 1 
0.999958 0.00185209 0.00893211 0.541239 -0.00178751 0.999972 -0.00723279 -0.449773 -0.00894525 0.00721652 0.999934 -0.605518 0 0 0 1 
0.999976 0.00138058 0.0067272 0.407223 -0.00133863 0.99998 -0.00623683 -0.376886 -0.00673567 0.00622768 0.999958 -0.474955 0 0 0 1 
0.999989 0.000932752 0.00459353 0.277774 -0.000910692 0.999988 -0.00480209 -0.28373 -0.00459796 0.00479785 0.999978 -0.337242 0 0 0 1 
0.999997 0.000504289 0.00251174 0.151713 -0.000496914 0.999996 -0.00293614 -0.170277 -0.00251321 0.00293488 0.999993 -0.19174 0 0 0 1 
1 9.81584e-05 0.000494702 0.0298452 -9.78415e-05 1 -0.000640405 -0.0365807 -0.000494765 0.000640357 1 -0.0392202 0 0 0 1 
