0.999998 0.0014044 -0.00143149 -0.531886 -0.00140112 0.999996 0.00229098 -0.0426771 0.0014347 -0.00228897 0.999996 0.258901 0 0 0 1 
0.999992 0.0028078 -0.00282644 -1.06263 -0.00279501 0.999986 0.00451707 -0.0868908 0.00283908 -0.00450914 0.999986 0.510968 0 0 0 1 
0.999982 0.00421024 -0.00418567 -1.59226 -0.00418223 0.999969 0.00667943 -0.132671 0.00421366 -0.00666181 0.999969 0.756345 0 0 0 1 
0.999969 0.00561177 -0.00551 -2.12079 -0.00556327 0.999946 0.00877916 -0.180045 0.00555897 -0.00874824 0.999946 0.995169 0 0 0 1 
0.999952 0.00701243 -0.00680019 -2.64825 -0.00693863 0.999917 0.0108173 -0.229039 0.00687549 -0.0107696 0.999918 1.22757 0 0 0 1 
0.999932 0.00841226 -0.00805699 -3.17464 -0.00830876 0.999884 0.0127948 -0.279679 0.00816368 -0.012727 0.999886 1.45367 0 0 0 1 
0.999909 0.0098113 -0.0092811 -3.7 -0.00967411 0.999845 0.0147127 -0.331988 0.00942401 -0.0146216 0.999849 1.6736 0 0 0 1 
0.999882 0.0112096 -0.0104732 -4.22433 -0.0110351 0.999802 0.0165719 -0.385987 0.0106569 -0.0164544 0.999808 1.88746 0 0 0 1 
0.999853 0.0126071 -0.011634 -4.74766 -0.0123921 0.999754 0.0183732 -0.441698 0.0118627 -0.0182263 0.999764 2.09536 0 0 0 1 
0.99982 0.014004 -0.012764 -5.27001 -0.0137456 0.999703 0.0201175 -0.499141 0.0130419 -0.0199384 0.999716 2.29741 0 0 0 1 
0.999785 0.0154003 -0.0138639 -5.79138 -0.0150958 0.999648 0.0218054 -0.558334 0.0141949 -0.0215915 0.999666 2.4937 0 0 0 1 
0.999747 0.0167959 -0.0149344 -6.31181 -0.0164431 0.99959 0.0234379 -0.619295 0.0153219 -0.0231864 0.999614 2.68433 0 0 0 1 
0.999707 0.0181909 -0.0159758 -6.83129 -0.0177879 0.999529 0.0250156 -0.682041 0.0164234 -0.0247241 0.999559 2.8694 0 0 0 1 
0.999664 0.0195854 -0.0169889 -7.34985 -0.0191305 0.999465 0.0265392 -0.746588 0.0174996 -0.0262052 0.999503 3.04898 0 0 0 1 
0.999618 0.0209794 -0.0179741 -7.86751 -0.0204711 0.999398 0.0280093 -0.812951 0.0185509 -0.0276306 0.999446 3.22315 0 0 0 1 
0.99957 0.0223728 -0.0189319 -8.38428 -0.0218101 0.999329 0.0294265 -0.881144 0.0195776 -0.0290009 0.999388 3.392 0 0 0 1 
0.99952 0.0237658 -0.0198629 -8.90016 -0.0231477 0.999258 0.0307915 -0.951181 0.0205799 -0.0303169 0.999328 3.5556 0 0 0 1 
0.999468 0.0251584 -0.0207674 -9.41519 -0.0244842 0.999185 0.0321047 -1.02308 0.0215581 -0.0315791 0.999269 3.71402 0 0 0 1 
0.999413 0.0265505 -0.021646 -9.92936 -0.0258198 0.99911 0.0333667 -1.09684 0.0225126 -0.0327882 0.999209 3.86733 0 0 0 1 
0.999356 0.0279423 -0.022499 -10.4427 -0.0271548 0.999033 0.034578 -1.17249 0.0234434 -0.0339448 0.999149 4.0156 0 0 0 1 
0.999297 0.0293337 -0.023327 -10.9552 -0.0284894 0.998955 0.0357391 -1.25003 0.024351 -0.0350495 0.999089 4.15887 0 0 0 1 
0.999237 0.0307248 -0.0241303 -11.4669 -0.0298238 0.998876 0.0368505 -1.32947 0.0252354 -0.0361027 0.999029 4.29722 0 0 0 1 
0.999174 0.0321155 -0.0249093 -11.9778 -0.0311582 0.998795 0.0379124 -1.41083 0.0260969 -0.037105 0.998971 4.43069 0 0 0 1 
0.999109 0.0335059 -0.0256645 -12.4879 -0.0324928 0.998714 0.0389254 -1.49412 0.0269357 -0.0380568 0.998912 4.55934 0 0 0 1 
0.999042 0.0348961 -0.0263961 -12.9973 -0.0338278 0.998631 0.0398898 -1.57934 0.027752 -0.0389586 0.998855 4.68322 0 0 0 1 
0.998974 0.036286 -0.0271046 -13.5059 -0.0351634 0.998548 0.0408059 -1.6665 0.028546 -0.0398109 0.998799 4.80237 0 0 0 1 
0.998904 0.0376756 -0.0277903 -14.0137 -0.0364997 0.998464 0.0416741 -1.75562 0.0293178 -0.040614 0.998745 4.91684 0 0 0 1 
0.998831 0.0390651 -0.0284536 -14.5208 -0.0378369 0.99838 0.0424946 -1.84669 0.0300675 -0.0413684 0.998691 5.02667 0 0 0 1 
0.998758 0.0404543 -0.0290947 -15.0271 -0.0391751 0.998295 0.0432679 -1.93974 0.0307955 -0.0420743 0.99864 5.13189 0 0 0 1 
0.998682 0.0418433 -0.029714 -15.5328 -0.0405146 0.99821 0.043994 -2.03477 0.0315017 -0.0427322 0.99859 5.23256 0 0 0 1 
0.998605 0.0432322 -0.0303118 -16.0377 -0.0418554 0.998124 0.0446733 -2.13178 0.0321863 -0.0433423 0.998542 5.32869 0 0 0 1 
0.998526 0.0446209 -0.0308884 -16.5419 -0.0431976 0.998039 0.045306 -2.23078 0.0328494 -0.0439049 0.998496 5.42033 0 0 0 1 
0.998446 0.0460094 -0.0314441 -17.0454 -0.0445414 0.997953 0.0458923 -2.33179 0.0334912 -0.0444204 0.998451 5.50749 0 0 0 1 
0.998364 0.0473978 -0.0319792 -17.5483 -0.0458869 0.997867 0.0464323 -2.4348 0.0341118 -0.0448889 0.998409 5.59022 0 0 0 1 
0.998281 0.0487861 -0.0324939 -18.0505 -0.0472343 0.997781 0.0469262 -2.53983 0.0347111 -0.0453107 0.99837 5.66853 0 0 0 1 
0.998196 0.0501743 -0.0329885 -18.552 -0.0485835 0.997695 0.0473742 -2.64688 0.0352895 -0.0456861 0.998332 5.74244 0 0 0 1 
0.998109 0.0515624 -0.0334633 -19.0529 -0.0499348 0.997609 0.0477764 -2.75596 0.0358468 -0.0460151 0.998297 5.81199 0 0 0 1 
0.998021 0.0529504 -0.0339186 -19.5531 -0.0512881 0.997523 0.0481329 -2.86708 0.0363832 -0.0462981 0.998265 5.87718 0 0 0 1 
0.997931 0.0543382 -0.0343545 -20.0527 -0.0526437 0.997438 0.0484438 -2.98023 0.0368988 -0.0465351 0.998235 5.93804 0 0 0 1 
0.99784 0.0557261 -0.0347712 -20.5516 -0.0540015 0.997352 0.0487091 -3.09544 0.0373935 -0.0467263 0.998208 5.99458 0 0 0 1 
0.997748 0.0571138 -0.0351692 -21.05 -0.0553616 0.997267 0.048929 -3.21269 0.0378676 -0.0468718 0.998183 6.04681 0 0 0 1 
0.997654 0.0585015 -0.0355485 -21.5477 -0.0567241 0.997182 0.0491034 -3.33201 0.0383209 -0.0469717 0.998161 6.09474 0 0 0 1 
0.997559 0.0598891 -0.0359093 -22.0448 -0.0580891 0.997097 0.0492323 -3.45339 0.0387535 -0.0470262 0.998142 6.13839 0 0 0 1 
0.997462 0.0612767 -0.036252 -22.5414 -0.0594567 0.997012 0.0493158 -3.57684 0.0391656 -0.0470352 0.998125 6.17776 0 0 0 1 
0.997364 0.0626642 -0.0365766 -23.0373 -0.0608268 0.996927 0.0493538 -3.70237 0.0395569 -0.0469989 0.998111 6.21286 0 0 0 1 
0.997265 0.0640517 -0.0368834 -23.5327 -0.0621996 0.996843 0.0493464 -3.82999 0.0399277 -0.0469172 0.9981 6.24369 0 0 0 1 
0.997164 0.0654391 -0.0371726 -24.0274 -0.063575 0.996759 0.0492933 -3.95969 0.0402779 -0.0467903 0.998092 6.27026 0 0 0 1 
0.997062 0.0668265 -0.0374444 -24.5217 -0.0649531 0.996675 0.0491947 -4.09148 0.0406074 -0.046618 0.998087 6.29255 0 0 0 1 
0.996958 0.0682139 -0.037699 -25.0153 -0.066334 0.996591 0.0490504 -4.22537 0.0409164 -0.0464005 0.998085 6.31058 0 0 0 1 
0.996853 0.0696012 -0.0379364 -25.5084 -0.0677176 0.996507 0.0488603 -4.36137 0.0412047 -0.0461375 0.998085 6.32433 0 0 0 1 
0.996747 0.0709884 -0.038157 -26.001 -0.069104 0.996424 0.0486242 -4.49948 0.0414723 -0.0458292 0.998088 6.33381 0 0 0 1 
0.996639 0.0723757 -0.0383609 -26.493 -0.0704932 0.99634 0.0483421 -4.6397 0.0417193 -0.0454754 0.998094 6.339 0 0 0 1 
0.996531 0.0737629 -0.0385482 -26.9844 -0.0718853 0.996257 0.0480137 -4.78204 0.0419455 -0.0450761 0.998103 6.3399 0 0 0 1 
0.99642 0.07515 -0.0387191 -27.4754 -0.0732802 0.996173 0.047639 -4.9265 0.042151 -0.0446311 0.998114 6.3365 0 0 0 1 
0.996309 0.0765371 -0.0388737 -27.9658 -0.0746779 0.996089 0.0472176 -5.0731 0.0423356 -0.0441403 0.998128 6.32877 0 0 0 1 
0.996196 0.0779241 -0.0390123 -28.4557 -0.0760784 0.996005 0.0467495 -5.22183 0.0424994 -0.0436036 0.998145 6.31671 0 0 0 1 
0.996081 0.079311 -0.0391349 -28.9451 -0.0774818 0.995921 0.0462343 -5.3727 0.0426422 -0.0430209 0.998164 6.30031 0 0 0 1 
0.995966 0.0806979 -0.0392418 -29.4339 -0.0788879 0.995837 0.0456719 -5.52571 0.042764 -0.042392 0.998185 6.27954 0 0 0 1 
0.995849 0.0820847 -0.039333 -29.9223 -0.0802969 0.995752 0.0450619 -5.68087 0.0428648 -0.0417166 0.99821 6.25438 0 0 0 1 
0.995731 0.0834714 -0.0394086 -30.4102 -0.0817086 0.995667 0.0444042 -5.83819 0.0429443 -0.0409946 0.998236 6.22481 0 0 0 1 
0.99561 0.0848977 -0.0394199 -30.8869 -0.0831646 0.995577 0.0437019 -5.98782 0.0429558 -0.0402317 0.998267 6.1952 0 0 0 1 
0.995484 0.0864005 -0.0393206 -31.3416 -0.084703 0.995479 0.042966 -6.11966 0.0428551 -0.0394414 0.998302 6.17049 0 0 0 1 
0.995354 0.0879814 -0.0391168 -31.7767 -0.0863246 0.995373 0.0422017 -6.23435 0.0426488 -0.0386289 0.998343 6.15103 0 0 0 1 
0.995219 0.0896301 -0.0388129 -32.1899 -0.0880182 0.995257 0.0414209 -6.33085 0.0423413 -0.0378066 0.998388 6.13763 0 0 0 1 
0.995077 0.0913522 -0.0384138 -32.5848 -0.0897889 0.995132 0.0406253 -6.41031 0.041938 -0.0369762 0.998436 6.13041 0 0 0 1 
0.99493 0.0931405 -0.0379248 -32.9601 -0.0916288 0.994997 0.0398223 -6.47229 0.0414441 -0.0361454 0.998487 6.12981 0 0 0 1 
0.994777 0.0949947 -0.0373496 -33.3171 -0.0935369 0.994851 0.0390161 -6.5172 0.0408636 -0.0353188 0.99854 6.13611 0 0 0 1 
0.994616 0.0969148 -0.0366923 -33.657 -0.0955128 0.994695 0.0382089 -6.54549 0.0402006 -0.0344986 0.998596 6.14942 0 0 0 1 
0.994448 0.0988971 -0.0359568 -33.9798 -0.0975525 0.994527 0.0374047 -6.5573 0.0394593 -0.0336894 0.998653 6.16995 0 0 0 1 
0.994271 0.100941 -0.0351462 -34.2867 -0.0996553 0.994348 0.0366054 -6.55316 0.0386426 -0.0328932 0.998712 6.19779 0 0 0 1 
0.994086 0.103048 -0.0342646 -34.5789 -0.101821 0.994158 0.0358102 -6.53372 0.0377546 -0.0321096 0.998771 6.23279 0 0 0 1 
0.993892 0.10521 -0.0333153 -34.8551 -0.104043 0.993956 0.0350247 -6.4988 0.0367989 -0.0313446 0.998831 6.2752 0 0 0 1 
0.993688 0.107432 -0.032301 -35.1179 -0.106325 0.993742 0.0342453 -6.44945 0.0357778 -0.0305947 0.998891 6.32475 0 0 0 1 
0.993474 0.109706 -0.0312253 -35.366 -0.108658 0.993515 0.033476 -6.38557 0.0346953 -0.0298646 0.998952 6.38154 0 0 0 1 
0.993248 0.112036 -0.0300898 -35.6017 -0.111048 0.993276 0.0327132 -6.30826 0.0335526 -0.0291509 0.999012 6.44531 0 0 0 1 
0.993012 0.114423 -0.0288986 -35.8262 -0.113495 0.993025 0.0319538 -6.21834 0.0323533 -0.0284506 0.999071 6.51566 0 0 0 1 
0.992763 0.116861 -0.0276539 -36.0385 -0.115991 0.99276 0.031201 -6.11569 0.0310999 -0.0277676 0.999131 6.59269 0 0 0 1 
0.992502 0.119349 -0.0263584 -36.2396 -0.118538 0.992482 0.0304523 -6.0011 0.0297947 -0.0270995 0.999189 6.67611 0 0 0 1 
0.992229 0.121888 -0.0250145 -36.4307 -0.121135 0.992192 0.0297049 -5.87537 0.0284398 -0.0264439 0.999246 6.76558 0 0 0 1 
0.991941 0.124475 -0.0236242 -36.6118 -0.123779 0.991887 0.0289586 -5.73885 0.0270372 -0.0258011 0.999301 6.86098 0 0 0 1 
0.99164 0.127114 -0.0221904 -36.7852 -0.126474 0.991569 0.0282076 -5.59283 0.0255889 -0.0251653 0.999356 6.96173 0 0 0 1 
0.991324 0.129796 -0.0207153 -36.9486 -0.12921 0.991237 0.0274565 -5.4368 0.0240975 -0.0245417 0.999408 7.068 0 0 0 1 
0.990994 0.132526 -0.019201 -37.1055 -0.131995 0.990891 0.026697 -5.27243 0.0225641 -0.0239221 0.999459 7.17909 0 0 0 1 
0.990648 0.135299 -0.0176506 -37.2547 -0.134821 0.990531 0.0259303 -5.09971 0.0209918 -0.0233081 0.999508 7.29486 0 0 0 1 
0.990286 0.138115 -0.0160658 -37.3973 -0.137689 0.990156 0.0251537 -4.91943 0.0193817 -0.0226973 0.999554 7.41498 0 0 0 1 
0.989908 0.140974 -0.014449 -37.5345 -0.140599 0.989767 0.0243635 -4.73238 0.0177358 -0.0220861 0.999599 7.53905 0 0 0 1 
0.989513 0.143877 -0.0128019 -37.6674 -0.143551 0.989363 0.0235571 -4.53932 0.0160551 -0.0214723 0.999641 7.66674 0 0 0 1 
0.989101 0.146814 -0.0111282 -37.7936 -0.146535 0.988944 0.0227385 -4.33987 0.0143436 -0.02086 0.99968 7.79804 0 0 0 1 
0.988672 0.149795 -0.00942895 -37.9178 -0.149562 0.98851 0.0218973 -4.13596 0.0126007 -0.0202391 0.999716 7.93217 0 0 0 1 
0.988226 0.152809 -0.00770698 -38.0375 -0.15262 0.988061 0.0210388 -3.92719 0.0108299 -0.0196149 0.999749 8.06922 0 0 0 1 
0.987761 0.155861 -0.00596417 -38.1552 -0.155714 0.987597 0.0201572 -3.71463 0.00903192 -0.0189818 0.999779 8.20866 0 0 0 1 
0.987279 0.158943 -0.00420338 -38.2694 -0.158835 0.987117 0.0192553 -3.49829 0.00720973 -0.0183428 0.999806 8.35043 0 0 0 1 
0.986778 0.162059 -0.0024257 -38.3825 -0.161988 0.986622 0.0183289 -3.27921 0.0053636 -0.0176936 0.999829 8.49413 0 0 0 1 
0.986259 0.165208 -0.000634811 -38.4956 -0.165172 0.986112 0.0173748 -3.05813 0.00349644 -0.0170312 0.999849 8.63926 0 0 0 1 
0.985721 0.168383 0.00116761 -38.6074 -0.168379 0.985586 0.0163964 -2.83493 0.00161009 -0.0163588 0.999865 8.78588 0 0 0 1 
0.985165 0.171585 0.00297927 -38.719 -0.17161 0.985045 0.015392 -2.61028 -0.000293679 -0.0156749 0.999877 8.93366 0 0 0 1 
0.98459 0.174812 0.00479787 -38.8314 -0.174863 0.984488 0.0143603 -2.38483 -0.00221309 -0.014978 0.999885 9.08229 0 0 0 1 
0.983997 0.17806 0.00662176 -38.9446 -0.178135 0.983916 0.0133026 -2.15881 -0.00414659 -0.0142693 0.99989 9.23168 0 0 0 1 
0.983386 0.181329 0.0084488 -39.0594 -0.181424 0.983329 0.0122184 -1.93287 -0.0060924 -0.0135482 0.99989 9.38157 0 0 0 1 
0.982757 0.184618 0.0102751 -39.1771 -0.184729 0.982727 0.011105 -1.70759 -0.00804746 -0.0128116 0.999886 9.53148 0 0 0 1 
0.982109 0.187923 0.0121008 -39.2974 -0.188046 0.98211 0.00996628 -1.48317 -0.0100114 -0.0120635 0.999877 9.68155 0 0 0 1 
0.981445 0.191239 0.0139223 -39.4201 -0.191371 0.981478 0.00880275 -1.25984 -0.011981 -0.0113037 0.999864 9.83149 0 0 0 1 
0.980763 0.194566 0.0157382 -39.5462 -0.194702 0.980833 0.00761478 -1.03814 -0.013955 -0.0105325 0.999847 9.98114 0 0 0 1 
0.980065 0.197902 0.0175462 -39.6767 -0.198038 0.980173 0.00640188 -0.818593 -0.0159314 -0.00974908 0.999826 10.1302 0 0 0 1 
0.97935 0.201245 0.0193442 -39.8126 -0.201378 0.9795 0.00516438 -0.60171 -0.0179084 -0.00895324 0.9998 10.2785 0 0 0 1 
0.978621 0.204585 0.0211315 -39.9512 -0.20471 0.978815 0.00390987 -0.386992 -0.019884 -0.00815213 0.999769 10.4263 0 0 0 1 
0.977875 0.20793 0.0229048 -40.0971 -0.208043 0.978116 0.00263123 -0.175929 -0.0218565 -0.0073382 0.999734 10.5728 0 0 0 1 
0.977117 0.211268 0.0246629 -40.2474 -0.211364 0.977406 0.00133638 0.0319519 -0.0238234 -0.00651866 0.999695 10.7182 0 0 0 1 
0.976345 0.214601 0.0264042 -40.4046 -0.214676 0.976685 2.3306e-05 0.235908 -0.0257836 -0.0056911 0.999651 10.8624 0 0 0 1 
0.975561 0.21792 0.0281268 -40.5668 -0.21797 0.975955 -0.00130258 0.436063 -0.0277343 -0.00486006 0.999604 11.0051 0 0 0 1 
0.974766 0.221227 0.0298294 -40.7363 -0.221248 0.975214 -0.00264253 0.631674 -0.0296747 -0.00402384 0.999552 11.1463 0 0 0 1 
0.97396 0.224519 0.0315111 -40.9139 -0.224506 0.974465 -0.00399497 0.822302 -0.0316034 -0.0031835 0.999495 11.2856 0 0 0 1 
0.973145 0.227789 0.0331693 -41.0981 -0.227738 0.973708 -0.00535586 1.00811 -0.0335173 -0.00234189 0.999435 11.4231 0 0 0 1 
0.972323 0.231034 0.0348033 -41.2897 -0.230941 0.972945 -0.00672355 1.18865 -0.0354151 -0.00150006 0.999372 11.5585 0 0 0 1 
0.971494 0.234252 0.0364117 -41.4895 -0.234113 0.972176 -0.00809679 1.36349 -0.0372953 -0.000658474 0.999304 11.6917 0 0 0 1 
0.97066 0.237437 0.0379941 -41.6971 -0.237248 0.971403 -0.00947235 1.53251 -0.0391566 0.000180393 0.999233 11.8226 0 0 0 1 
0.969821 0.240587 0.0395493 -41.9133 -0.240345 0.970627 -0.0108484 1.69524 -0.0409976 0.00101555 0.999159 11.9511 0 0 0 1 
0.96898 0.2437 0.0410747 -42.139 -0.2434 0.969849 -0.0122257 1.85125 -0.0428157 0.00184891 0.999081 12.0766 0 0 0 1 
0.968139 0.24677 0.0425716 -42.3736 -0.246409 0.96907 -0.0135992 2.0004 -0.0446108 0.0026759 0.999001 12.1993 0 0 0 1 
0.967298 0.249791 0.0440379 -42.6168 -0.249367 0.968293 -0.014967 2.14253 -0.0463802 0.00349598 0.998918 12.3189 0 0 0 1 
0.96644 0.252835 0.0454708 -42.8712 -0.252342 0.9675 -0.0163822 2.28204 -0.048135 0.00435824 0.998831 12.4346 0 0 0 1 
0.965549 0.255967 0.0468691 -43.1369 -0.255396 0.966671 -0.0178934 2.42395 -0.0498871 0.00530676 0.998741 12.5459 0 0 0 1 
0.964623 0.259184 0.0482314 -43.4137 -0.258527 0.965807 -0.0194989 2.56814 -0.051636 0.00633998 0.998646 12.6528 0 0 0 1 
0.963665 0.262478 0.0495593 -43.7001 -0.261727 0.964909 -0.0211923 2.71474 -0.0533827 0.00745133 0.998546 12.7555 0 0 0 1 
0.962672 0.26585 0.0508529 -43.9984 -0.264996 0.963976 -0.0229759 2.86313 -0.055129 0.00864241 0.998442 12.8539 0 0 0 1 
0.961648 0.26929 0.0521119 -44.3057 -0.268325 0.963008 -0.0248419 3.01369 -0.0568739 0.00990619 0.998332 12.9484 0 0 0 1 
0.960592 0.272798 0.0533371 -44.623 -0.271712 0.962006 -0.0267896 3.16604 -0.0586188 0.0112416 0.998217 13.0388 0 0 0 1 
0.959504 0.276366 0.05453 -44.9488 -0.27515 0.960969 -0.0288132 3.32036 -0.0603646 0.0126424 0.998096 13.1255 0 0 0 1 
0.958386 0.279991 0.0556895 -45.2839 -0.278637 0.959899 -0.0309124 3.4762 -0.0621115 0.0141088 0.997969 13.2083 0 0 0 1 
0.957238 0.283666 0.0568173 -45.6257 -0.282164 0.958796 -0.0330792 3.63402 -0.0638596 0.0156329 0.997836 13.2877 0 0 0 1 
0.956061 0.287389 0.0579142 -45.9762 -0.285731 0.957659 -0.0353147 3.79315 -0.0656111 0.0172151 0.997697 13.3635 0 0 0 1 
0.954856 0.291156 0.0589798 -46.3339 -0.289331 0.95649 -0.0376143 3.95372 -0.0673652 0.0188516 0.99755 13.4358 0 0 0 1 
0.953623 0.294959 0.0600158 -46.6984 -0.292959 0.955289 -0.0399737 4.11558 -0.069123 0.0205377 0.997397 13.5049 0 0 0 1 
0.952364 0.298794 0.0610236 -47.0682 -0.29661 0.954058 -0.0423873 4.27893 -0.0708851 0.022268 0.997236 13.571 0 0 0 1 
0.95108 0.30266 0.0620027 -47.4452 -0.300282 0.952795 -0.044857 4.44301 -0.0726523 0.0240443 0.997067 13.6337 0 0 0 1 
0.949772 0.306546 0.0629554 -47.8256 -0.303965 0.951505 -0.0473712 4.60854 -0.0744238 0.0258556 0.996891 13.6939 0 0 0 1 
0.94844 0.310451 0.063883 -48.2113 -0.307659 0.950186 -0.0499313 4.77482 -0.0762019 0.0277026 0.996707 13.7514 0 0 0 1 
0.947087 0.314371 0.0647856 -48.6019 -0.311359 0.948839 -0.052534 4.94168 -0.0779863 0.0295827 0.996515 13.8061 0 0 0 1 
0.945713 0.3183 0.0656651 -48.9958 -0.315059 0.947467 -0.055173 5.10925 -0.0797771 0.0314894 0.996315 13.8584 0 0 0 1 
0.94432 0.322232 0.0665238 -49.3926 -0.318754 0.946071 -0.0578437 5.27739 -0.0815754 0.0334183 0.996107 13.9086 0 0 0 1 
0.94291 0.326164 0.0673617 -49.7918 -0.322441 0.944651 -0.0605435 5.44591 -0.0833804 0.0353669 0.99589 13.9566 0 0 0 1 
0.941485 0.330087 0.0681816 -50.1918 -0.326111 0.943212 -0.0632639 5.61491 -0.0851923 0.0373272 0.995665 14.0031 0 0 0 1 
0.940044 0.334004 0.0689849 -50.5946 -0.329767 0.941752 -0.0660077 5.78371 -0.0870135 0.0393012 0.995432 14.0477 0 0 0 1 
0.938591 0.337904 0.069773 -50.9972 -0.333398 0.940275 -0.0687644 5.95262 -0.0888416 0.0412794 0.99519 14.091 0 0 0 1 
0.937127 0.341785 0.070548 -51.4005 -0.337003 0.938782 -0.0715328 6.12122 -0.090678 0.0432603 0.99494 14.133 0 0 0 1 
0.935654 0.34564 0.071313 -51.8026 -0.340576 0.937276 -0.0743046 6.28958 -0.0925227 0.0452359 0.994682 14.1743 0 0 0 1 
0.934174 0.349465 0.0720689 -52.2032 -0.344112 0.93576 -0.0770758 6.45747 -0.0943744 0.0472025 0.994417 14.215 0 0 0 1 
0.932688 0.353257 0.072818 -52.6029 -0.347609 0.934234 -0.0798451 6.62446 -0.0962348 0.0491584 0.994144 14.2551 0 0 0 1 
0.931199 0.35701 0.0735637 -52.9999 -0.351061 0.932702 -0.0826037 6.79059 -0.0981034 0.0510952 0.993864 14.2953 0 0 0 1 
0.929709 0.360721 0.074307 -53.3938 -0.354465 0.931166 -0.0853479 6.95566 -0.0999789 0.0530095 0.993576 14.3356 0 0 0 1 
0.92822 0.364383 0.0750514 -53.7841 -0.357815 0.92963 -0.0880714 7.11942 -0.101862 0.0548951 0.993283 14.3764 0 0 0 1 
0.926735 0.367991 0.0758001 -54.169 -0.361107 0.928096 -0.090766 7.28194 -0.103751 0.0567441 0.992983 14.4185 0 0 0 1 
0.925254 0.371544 0.0765542 -54.5503 -0.36434 0.926567 -0.0934337 7.44243 -0.105647 0.0585581 0.992678 14.4614 0 0 0 1 
0.923782 0.375032 0.077318 -54.9239 -0.367506 0.925047 -0.0960578 7.60145 -0.107548 0.0603217 0.992368 14.5064 0 0 0 1 
0.92232 0.378454 0.0780946 -55.2916 -0.370602 0.923539 -0.0986398 7.75823 -0.109454 0.0620354 0.992054 14.5534 0 0 0 1 
0.92087 0.381806 0.0788859 -55.6528 -0.373627 0.922045 -0.101174 7.91249 -0.111365 0.0636946 0.991736 14.6026 0 0 0 1 
0.919435 0.385082 0.0796957 -56.0058 -0.376573 0.92057 -0.103652 8.06427 -0.11328 0.0652902 0.991416 14.6547 0 0 0 1 
0.918017 0.388278 0.080528 -56.35 -0.379439 0.919117 -0.106067 8.21329 -0.115198 0.0668155 0.991093 14.7102 0 0 0 1 
0.916619 0.391389 0.0813846 -56.6848 -0.38222 0.91769 -0.108413 8.3593 -0.117117 0.0682663 0.990769 14.7694 0 0 0 1 
0.915245 0.394408 0.0822705 -57.0083 -0.384911 0.916293 -0.110679 8.50224 -0.119036 0.0696312 0.990445 14.8332 0 0 0 1 
0.913895 0.397336 0.0831879 -57.3224 -0.387512 0.914929 -0.112868 8.64138 -0.120958 0.070913 0.990122 14.9012 0 0 0 1 
0.912573 0.400164 0.0841413 -57.6241 -0.390016 0.913603 -0.114965 8.7769 -0.122877 0.0720972 0.9898 14.9747 0 0 0 1 
0.91128 0.40289 0.0851337 -57.9139 -0.392422 0.912318 -0.116968 8.90828 -0.124794 0.0731819 0.98948 15.0537 0 0 0 1 
0.910021 0.405507 0.0861693 -58.1901 -0.394723 0.911079 -0.118865 9.03547 -0.126708 0.0741568 0.989164 15.139 0 0 0 1 
0.908799 0.408008 0.0872537 -58.4515 -0.396915 0.909892 -0.120647 9.15801 -0.128616 0.0750118 0.988853 15.2313 0 0 0 1 
0.907613 0.410399 0.0883849 -58.7 -0.399003 0.908754 -0.122322 9.27584 -0.130521 0.0757551 0.988547 15.3302 0 0 0 1 
0.906467 0.412668 0.0895709 -58.9327 -0.400977 0.907675 -0.123871 9.38858 -0.132419 0.076369 0.988247 15.4368 0 0 0 1 
0.905366 0.414807 0.0908165 -59.149 -0.402832 0.906659 -0.125285 9.49581 -0.134309 0.076845 0.987955 15.5518 0 0 0 1 
0.90431 0.416817 0.092123 -59.3486 -0.404568 0.905708 -0.126562 9.59747 -0.13619 0.0771816 0.987672 15.6754 0 0 0 1 
0.903304 0.418688 0.0934958 -59.5294 -0.406178 0.904829 -0.127689 9.6934 -0.13806 0.0773662 0.987398 15.8084 0 0 0 1 
0.90235 0.420418 0.0949389 -59.693 -0.407661 0.904023 -0.128665 9.78272 -0.13992 0.0773982 0.987133 15.9509 0 0 0 1 
0.901447 0.422008 0.0964512 -59.8365 -0.409018 0.903293 -0.129483 9.86642 -0.141767 0.0772719 0.98688 16.1035 0 0 0 1 
0.900603 0.42344 0.098044 -59.9597 -0.410235 0.902648 -0.130128 9.94296 -0.1436 0.0769721 0.986638 16.267 0 0 0 1 
0.899816 0.424721 0.0997146 -60.0633 -0.411319 0.902086 -0.130605 10.0126 -0.145422 0.0765055 0.986407 16.441 0 0 0 1 
0.89909 0.425841 0.101468 -60.1452 -0.412263 0.901612 -0.130901 10.0753 -0.147228 0.07586 0.986189 16.6265 0 0 0 1 
0.898431 0.426788 0.103312 -60.2038 -0.413056 0.901235 -0.130999 10.1302 -0.149018 0.0750201 0.985985 16.8243 0 0 0 1 
0.897837 0.427565 0.105245 -60.2398 -0.413703 0.900951 -0.130907 10.1778 -0.150792 0.073993 0.985792 17.034 0 0 0 1 
0.897311 0.428165 0.10727 -60.251 -0.414199 0.900766 -0.130611 10.2178 -0.152548 0.0727674 0.985613 17.2566 0 0 0 1 
0.896853 0.428589 0.109387 -60.2398 -0.414546 0.900678 -0.130119 10.2499 -0.15429 0.0713511 0.985446 17.491 0 0 0 1 
0.896473 0.428813 0.111609 -60.2014 -0.414725 0.900699 -0.129398 10.2734 -0.156014 0.0697147 0.985292 17.7395 0 0 0 1 
0.896133 0.42891 0.113938 -60.153 -0.414796 0.90079 -0.12854 10.2891 -0.157767 0.0679282 0.985137 17.9985 0 0 0 1 
0.8958 0.42895 0.116376 -60.1085 -0.414817 0.90091 -0.127624 10.2984 -0.159589 0.0660511 0.984971 18.2658 0 0 0 1 
0.895478 0.428925 0.118922 -60.0672 -0.414782 0.901065 -0.126642 10.3008 -0.161477 0.0640787 0.984794 18.5413 0 0 0 1 
0.895163 0.42884 0.121569 -60.0301 -0.414698 0.901249 -0.125603 10.2967 -0.163428 0.0620205 0.984604 18.8243 0 0 0 1 
0.894855 0.428698 0.12431 -59.9955 -0.414567 0.901461 -0.124505 10.2869 -0.165435 0.059879 0.984401 19.1146 0 0 0 1 
0.894556 0.428491 0.127143 -59.9629 -0.414385 0.901705 -0.123341 10.271 -0.167496 0.0576491 0.984186 19.4124 0 0 0 1 
0.894261 0.428232 0.130058 -59.9339 -0.414163 0.901972 -0.122127 10.2498 -0.169608 0.0553481 0.983956 19.7162 0 0 0 1 
0.893974 0.427909 0.133055 -59.9054 -0.413893 0.902269 -0.120847 10.2232 -0.171763 0.0529636 0.983713 20.027 0 0 0 1 
0.893691 0.427536 0.136123 -59.8792 -0.413587 0.902586 -0.119517 10.1919 -0.17396 0.0505127 0.983456 20.3434 0 0 0 1 
0.893414 0.427105 0.13926 -59.8545 -0.41324 0.902928 -0.118129 10.1556 -0.176195 0.0479906 0.983185 20.6654 0 0 0 1 
0.893139 0.426625 0.142456 -59.8305 -0.41286 0.903288 -0.116691 10.1155 -0.178462 0.0454071 0.982898 20.9926 0 0 0 1 
0.89287 0.426088 0.145711 -59.8067 -0.412443 0.903671 -0.115196 10.0711 -0.180759 0.0427574 0.982598 21.3249 0 0 0 1 
0.892604 0.425502 0.149017 -59.7839 -0.411995 0.904071 -0.113651 10.0227 -0.183081 0.040051 0.982282 21.6616 0 0 0 1 
0.89234 0.424868 0.152367 -59.7606 -0.411518 0.904487 -0.112057 9.97124 -0.185424 0.0372909 0.981951 22.0024 0 0 0 1 
0.892082 0.424179 0.155761 -59.7361 -0.411007 0.904922 -0.110405 9.91627 -0.187783 0.0344719 0.981605 22.3475 0 0 0 1 
0.891825 0.423448 0.159187 -59.7121 -0.410474 0.905369 -0.108713 9.85845 -0.190157 0.0316112 0.981245 22.6956 0 0 0 1 
0.891573 0.422663 0.162645 -59.6853 -0.40991 0.905832 -0.106965 9.79793 -0.192539 0.028697 0.98087 23.0474 0 0 0 1 
0.891322 0.421839 0.166125 -59.6576 -0.409328 0.906305 -0.105176 9.73533 -0.194928 0.0257464 0.98048 23.4016 0 0 0 1 
0.891074 0.420968 0.169626 -59.6281 -0.40872 0.90679 -0.10334 9.67034 -0.197318 0.0227543 0.980075 23.7583 0 0 0 1 
0.890828 0.420059 0.173138 -59.5962 -0.408097 0.907282 -0.101466 9.60406 -0.199707 0.0197313 0.979657 24.1168 0 0 0 1 
0.890585 0.419105 0.17666 -59.5609 -0.407452 0.907785 -0.0995445 9.53618 -0.202089 0.0166723 0.979225 24.4773 0 0 0 1 
0.890346 0.418112 0.180185 -59.5233 -0.406791 0.908294 -0.0975858 9.46701 -0.204463 0.0135872 0.97878 24.8389 0 0 0 1 
0.890109 0.417083 0.183707 -59.4817 -0.406117 0.908808 -0.0955902 9.39736 -0.206823 0.0104792 0.978322 25.2014 0 0 0 1 
0.889877 0.416011 0.187225 -59.4354 -0.405423 0.90933 -0.0935506 9.32691 -0.209167 0.00734344 0.977852 25.5649 0 0 0 1 
0.889648 0.414908 0.190729 -59.3857 -0.404719 0.909854 -0.0914815 9.2562 -0.211492 0.00419499 0.977371 25.9281 0 0 0 1 
0.889424 0.413769 0.194215 -59.3304 -0.404002 0.910381 -0.0893777 9.1858 -0.213792 0.00103139 0.976879 26.2913 0 0 0 1 
0.889205 0.412597 0.19768 -59.2697 -0.403274 0.910911 -0.0872418 9.11576 -0.216065 -0.00214331 0.976377 26.6539 0 0 0 1 
0.888991 0.411395 0.201118 -59.2041 -0.402537 0.911442 -0.0850799 9.04629 -0.218308 -0.00532194 0.975865 27.0154 0 0 0 1 
0.888784 0.410162 0.204523 -59.1314 -0.401789 0.911973 -0.0828886 8.97801 -0.220518 -0.00850525 0.975346 27.3756 0 0 0 1 
0.888584 0.408901 0.207892 -59.052 -0.401034 0.912504 -0.0806734 8.91108 -0.22269 -0.0116867 0.974819 27.734 0 0 0 1 
0.88839 0.407615 0.211219 -58.9664 -0.400273 0.913033 -0.078439 8.84563 -0.224822 -0.0148606 0.974286 28.0899 0 0 0 1 
0.888205 0.406302 0.214499 -58.8723 -0.399503 0.913561 -0.0761825 8.7823 -0.226911 -0.0180273 0.973749 28.4434 0 0 0 1 
0.88803 0.404965 0.217728 -58.7702 -0.398727 0.914087 -0.0739099 8.72125 -0.228953 -0.0211798 0.973207 28.7938 0 0 0 1 
0.887864 0.403609 0.220901 -58.6603 -0.397946 0.914609 -0.0716262 8.66259 -0.230947 -0.0243124 0.972663 29.1404 0 0 0 1 
0.887709 0.402232 0.224013 -58.5407 -0.397159 0.915127 -0.0693308 8.60702 -0.232887 -0.0274232 0.972117 29.4832 0 0 0 1 
0.887567 0.400835 0.22706 -58.4115 -0.396367 0.915642 -0.0670275 8.5546 -0.234773 -0.0305079 0.971571 29.8216 0 0 0 1 
0.887436 0.399425 0.230037 -58.2732 -0.395572 0.916151 -0.0647236 8.50549 -0.236601 -0.0335582 0.971027 30.1548 0 0 0 1 
0.88732 0.397999 0.232939 -58.1237 -0.394772 0.916657 -0.0624175 8.46033 -0.238367 -0.0365735 0.970486 30.4827 0 0 0 1 
0.887218 0.39656 0.235763 -57.9632 -0.393967 0.917156 -0.0601159 8.41923 -0.240071 -0.039547 0.969949 30.8046 0 0 0 1 
0.887131 0.395114 0.238503 -57.7923 -0.39316 0.91765 -0.0578252 8.38228 -0.24171 -0.0424713 0.969419 31.1199 0 0 0 1 
0.887062 0.393657 0.241155 -57.6087 -0.392348 0.918138 -0.0555445 8.3501 -0.24328 -0.0453454 0.968896 31.4283 0 0 0 1 
0.88701 0.392195 0.243715 -57.4128 -0.391532 0.918621 -0.0532813 8.32277 -0.244779 -0.0481614 0.968382 31.7291 0 0 0 1 
0.886975 0.390731 0.246179 -57.205 -0.390714 0.919096 -0.0510424 8.30037 -0.246206 -0.0509123 0.967879 32.0215 0 0 0 1 
0.886961 0.389266 0.248542 -56.9832 -0.389892 0.919565 -0.0488297 8.28351 -0.247558 -0.0535944 0.96739 32.3053 0 0 0 1 
0.886966 0.387802 0.2508 -56.7477 -0.389067 0.920028 -0.0466487 8.27219 -0.248833 -0.056202 0.966914 32.5798 0 0 0 1 
0.886992 0.386345 0.252949 -56.4991 -0.388239 0.920483 -0.0445088 8.26647 -0.250031 -0.0587257 0.966455 32.844 0 0 0 1 
0.88704 0.384893 0.254984 -56.2351 -0.387408 0.920932 -0.0424112 8.26687 -0.251147 -0.0611625 0.966015 33.0977 0 0 0 1 
0.88711 0.383453 0.256903 -55.9563 -0.386574 0.921374 -0.0403645 8.27343 -0.252182 -0.0635044 0.965594 33.34 0 0 0 1 
0.887202 0.382029 0.2587 -55.6631 -0.38574 0.921809 -0.0383775 8.28609 -0.253134 -0.0657424 0.965195 33.5701 0 0 0 1 
0.887319 0.38062 0.260373 -55.3534 -0.384902 0.922237 -0.0364522 8.30533 -0.254 -0.0678732 0.96482 33.7876 0 0 0 1 
0.887459 0.379232 0.261916 -55.0277 -0.384063 0.922658 -0.0345987 8.33111 -0.25478 -0.0698873 0.96447 33.9915 0 0 0 1 
0.887622 0.377871 0.263326 -54.6864 -0.383224 0.923072 -0.0328257 8.36332 -0.255473 -0.0717762 0.964148 34.181 0 0 0 1 
0.88781 0.376538 0.2646 -54.3278 -0.382385 0.923478 -0.0311389 8.40242 -0.256077 -0.0735337 0.963855 34.3554 0 0 0 1 
0.888022 0.375237 0.265734 -53.9521 -0.381547 0.923877 -0.0295459 8.4482 -0.256592 -0.0751524 0.963594 34.514 0 0 0 1 
0.888257 0.373975 0.266723 -53.5601 -0.380712 0.924268 -0.0280583 8.50055 -0.257017 -0.0766216 0.963365 34.6557 0 0 0 1 
0.888518 0.372754 0.267565 -53.1497 -0.379879 0.924652 -0.0266812 8.55978 -0.25735 -0.0779354 0.96317 34.7799 0 0 0 1 
0.888801 0.37158 0.268256 -52.7216 -0.379051 0.925026 -0.0254255 8.62569 -0.257591 -0.0790844 0.963012 34.8857 0 0 0 1 
0.889107 0.370459 0.268792 -52.2764 -0.378231 0.925392 -0.0243017 8.69804 -0.25774 -0.0800586 0.962892 34.972 0 0 0 1 
0.889436 0.369394 0.269169 -51.8123 -0.377419 0.925749 -0.0233159 8.77702 -0.257796 -0.0808517 0.962811 35.0382 0 0 0 1 
0.889786 0.368391 0.269385 -51.3299 -0.376618 0.926096 -0.0224799 8.86237 -0.257757 -0.0814529 0.96277 35.0831 0 0 0 1 
0.890143 0.36743 0.26952 -50.8393 -0.375826 0.926435 -0.0217482 8.94971 -0.257684 -0.0819336 0.962749 35.1148 0 0 0 1 
0.89049 0.366485 0.269659 -50.3503 -0.375037 0.92677 -0.0210679 9.03491 -0.257633 -0.0823714 0.962725 35.1419 0 0 0 1 
0.890829 0.365556 0.269803 -49.8628 -0.374251 0.927102 -0.0204381 9.11797 -0.257606 -0.082767 0.962699 35.1644 0 0 0 1 
0.891158 0.364642 0.26995 -49.3768 -0.373468 0.92743 -0.0198584 9.19889 -0.257601 -0.0831209 0.962669 35.1825 0 0 0 1 
0.891479 0.363744 0.270102 -48.8924 -0.372689 0.927755 -0.0193283 9.27767 -0.257619 -0.0834334 0.962638 35.1961 0 0 0 1 
0.891791 0.362862 0.270258 -48.4094 -0.371914 0.928076 -0.0188471 9.35433 -0.257659 -0.0837052 0.962603 35.2052 0 0 0 1 
0.892095 0.361996 0.270419 -47.9279 -0.371143 0.928393 -0.0184145 9.42887 -0.257721 -0.0839366 0.962567 35.2101 0 0 0 1 
0.892389 0.361145 0.270584 -47.4479 -0.370376 0.928707 -0.0180298 9.50128 -0.257805 -0.084128 0.962528 35.2107 0 0 0 1 
0.892675 0.36031 0.270753 -46.9694 -0.369612 0.929018 -0.0176927 9.57159 -0.25791 -0.08428 0.962486 35.207 0 0 0 1 
0.892953 0.35949 0.270928 -46.4924 -0.368853 0.929325 -0.0174026 9.63978 -0.258036 -0.0843929 0.962442 35.1991 0 0 0 1 
0.893222 0.358687 0.271107 -46.0169 -0.368098 0.929628 -0.0171591 9.70588 -0.258183 -0.084467 0.962396 35.187 0 0 0 1 
0.893482 0.357899 0.27129 -45.5428 -0.367348 0.929929 -0.0169618 9.76988 -0.258351 -0.0845029 0.962348 35.1709 0 0 0 1 
0.893734 0.357127 0.271478 -45.0701 -0.366602 0.930226 -0.0168102 9.83179 -0.25854 -0.0845008 0.962298 35.1506 0 0 0 1 
0.893977 0.35637 0.271672 -44.599 -0.365861 0.930519 -0.016704 9.89162 -0.258749 -0.0844611 0.962245 35.1264 0 0 0 1 
0.894212 0.35563 0.27187 -44.1293 -0.365125 0.93081 -0.0166428 9.94938 -0.258978 -0.0843842 0.96219 35.0981 0 0 0 1 
0.894438 0.354905 0.272073 -43.661 -0.364393 0.931097 -0.0166262 10.0051 -0.259227 -0.0842703 0.962133 35.0659 0 0 0 1 
0.894656 0.354196 0.27228 -43.1942 -0.363667 0.93138 -0.0166539 10.0587 -0.259495 -0.0841199 0.962074 35.0298 0 0 0 1 
0.894865 0.353503 0.272493 -42.7289 -0.362945 0.93166 -0.0167254 10.1102 -0.259784 -0.0839331 0.962012 34.9897 0 0 0 1 
0.895066 0.352826 0.272711 -42.265 -0.362229 0.931937 -0.0168406 10.1597 -0.260091 -0.0837104 0.961949 34.9458 0 0 0 1 
0.895258 0.352164 0.272934 -41.8026 -0.361518 0.93221 -0.0169989 10.2072 -0.260418 -0.083452 0.961883 34.8981 0 0 0 1 
0.895442 0.351519 0.273162 -41.3416 -0.360812 0.93248 -0.0172002 10.2526 -0.260764 -0.0831583 0.961814 34.8466 0 0 0 1 
0.895618 0.35089 0.273395 -40.882 -0.360111 0.932746 -0.0174441 10.296 -0.261129 -0.0828293 0.961744 34.7913 0 0 0 1 
0.895785 0.350276 0.273634 -40.4239 -0.359416 0.933009 -0.0177304 10.3374 -0.261513 -0.0824656 0.961671 34.7322 0 0 0 1 
0.895944 0.349679 0.273877 -39.9672 -0.358726 0.933268 -0.0180587 10.3768 -0.261916 -0.0820672 0.961595 34.6695 0 0 0 1 
0.896095 0.349098 0.274126 -39.512 -0.358042 0.933524 -0.0184288 10.4141 -0.262336 -0.0816345 0.961517 34.603 0 0 0 1 
0.896237 0.348533 0.27438 -39.0583 -0.357363 0.933776 -0.0188404 10.4494 -0.262776 -0.0811677 0.961437 34.5329 0 0 0 1 
0.896371 0.347984 0.274639 -38.606 -0.35669 0.934024 -0.0192934 10.4828 -0.263233 -0.0806669 0.961354 34.4591 0 0 0 1 
0.896496 0.347451 0.274904 -38.1551 -0.356022 0.934268 -0.0197873 10.5142 -0.263709 -0.0801326 0.961268 34.3817 0 0 0 1 
0.896614 0.346935 0.275173 -37.7057 -0.355361 0.934508 -0.0203221 10.5435 -0.264202 -0.0795648 0.96118 34.3007 0 0 0 1 
0.896722 0.346435 0.275449 -37.2578 -0.354705 0.934745 -0.0208975 10.5709 -0.264714 -0.0789638 0.961089 34.2161 0 0 0 1 
0.896823 0.345951 0.275729 -36.8113 -0.354055 0.934977 -0.0215132 10.5964 -0.265243 -0.0783298 0.960995 34.1279 0 0 0 1 
0.896915 0.345484 0.276015 -36.3662 -0.353411 0.935205 -0.0221691 10.6199 -0.26579 -0.077663 0.960898 34.0362 0 0 0 1 
0.896999 0.345034 0.276306 -35.9227 -0.352773 0.935429 -0.022865 10.6414 -0.266354 -0.0769636 0.960798 33.941 0 0 0 1 
0.897074 0.3446 0.276603 -35.4806 -0.352141 0.935649 -0.0236007 10.661 -0.266936 -0.0762317 0.960694 33.8422 0 0 0 1 
0.897141 0.344183 0.276905 -35.04 -0.351515 0.935865 -0.024376 10.6787 -0.267536 -0.0754677 0.960588 33.7399 0 0 0 1 
0.897199 0.343782 0.277213 -34.6008 -0.350895 0.936076 -0.0251907 10.6944 -0.268152 -0.0746716 0.960478 33.6341 0 0 0 1 
0.89725 0.343399 0.277526 -34.1631 -0.350282 0.936282 -0.0260447 10.7082 -0.268786 -0.0738436 0.960365 33.5249 0 0 0 1 
0.897291 0.343032 0.277844 -33.727 -0.349674 0.936484 -0.0269377 10.7201 -0.269437 -0.0729839 0.960248 33.4121 0 0 0 1 
0.897325 0.342682 0.278168 -33.2923 -0.349073 0.936681 -0.0278698 10.7301 -0.270105 -0.0720926 0.960128 33.2959 0 0 0 1 
0.897349 0.34235 0.278497 -32.8591 -0.348478 0.936873 -0.0288406 10.7382 -0.27079 -0.07117 0.960004 33.1763 0 0 0 1 
0.897366 0.342034 0.278832 -32.4274 -0.347889 0.93706 -0.02985 10.7445 -0.271492 -0.0702162 0.959876 33.0532 0 0 0 1 
0.897374 0.341736 0.279172 -31.9973 -0.347306 0.937243 -0.030898 10.7488 -0.272211 -0.0692313 0.959744 32.9267 0 0 0 1 
0.897373 0.341455 0.279518 -31.5686 -0.34673 0.937419 -0.0319844 10.7513 -0.272947 -0.0682155 0.959608 32.7968 0 0 0 1 
0.897364 0.341192 0.279869 -31.1415 -0.346161 0.937591 -0.033109 10.7519 -0.273699 -0.0671689 0.959467 32.6635 0 0 0 1 
0.897346 0.340946 0.280226 -30.7159 -0.345597 0.937757 -0.0342718 10.7507 -0.274469 -0.0660917 0.959322 32.5268 0 0 0 1 
0.897319 0.340717 0.280588 -30.2918 -0.34504 0.937917 -0.0354726 10.7476 -0.275255 -0.0649841 0.959173 32.3866 0 0 0 1 
0.897284 0.340507 0.280956 -29.8693 -0.34449 0.938072 -0.0367113 10.7427 -0.276057 -0.0638461 0.959018 32.2431 0 0 0 1 
0.89724 0.340314 0.281329 -29.4484 -0.343946 0.938221 -0.0379878 10.736 -0.276877 -0.0626779 0.958859 32.0961 0 0 0 1 
0.897188 0.340139 0.281708 -29.029 -0.343409 0.938363 -0.0393021 10.7274 -0.277713 -0.0614797 0.958695 31.9458 0 0 0 1 
0.897127 0.339982 0.282092 -28.6112 -0.342878 0.9385 -0.0406539 10.7171 -0.278565 -0.0602516 0.958526 31.7921 0 0 0 1 
0.897056 0.339844 0.282482 -28.195 -0.342354 0.93863 -0.0420433 10.7049 -0.279434 -0.0589937 0.958351 31.635 0 0 0 1 
0.896977 0.339723 0.282878 -27.7804 -0.341836 0.938754 -0.0434701 10.691 -0.28032 -0.0577061 0.95817 31.4745 0 0 0 1 
0.89689 0.339621 0.283278 -27.3674 -0.341326 0.93887 -0.0449343 10.6752 -0.281222 -0.0563891 0.957984 31.3106 0 0 0 1 
0.896793 0.339538 0.283685 -26.956 -0.340821 0.938981 -0.0464357 10.6577 -0.282141 -0.0550427 0.957793 31.1434 0 0 0 1 
0.896687 0.339473 0.284097 -26.5462 -0.340324 0.939084 -0.0479743 10.6385 -0.283077 -0.053667 0.957595 30.9728 0 0 0 1 
0.896572 0.339427 0.284514 -26.1381 -0.339833 0.93918 -0.04955 10.6175 -0.284029 -0.0522622 0.95739 30.7988 0 0 0 1 
0.896448 0.339399 0.284937 -25.7317 -0.339349 0.939268 -0.0511628 10.5948 -0.284997 -0.0508285 0.95718 30.6214 0 0 0 1 
0.896315 0.339391 0.285366 -25.3269 -0.338872 0.939349 -0.0528125 10.5703 -0.285982 -0.0493659 0.956962 30.4406 0 0 0 1 
0.896172 0.339402 0.2858 -24.9238 -0.338402 0.939422 -0.0544991 10.5441 -0.286984 -0.0478747 0.956738 30.2564 0 0 0 1 
0.89602 0.339433 0.28624 -24.5224 -0.337938 0.939487 -0.0562225 10.5162 -0.288002 -0.0463549 0.956507 30.0689 0 0 0 1 
0.895879 0.339494 0.28661 -24.1354 -0.3375 0.93954 -0.0579484 10.4877 -0.288955 -0.0448163 0.956293 29.8782 0 0 0 1 
0.895767 0.339594 0.286839 -23.7752 -0.337105 0.939576 -0.0596378 10.46 -0.28976 -0.0432733 0.956121 29.6853 0 0 0 1 
0.895688 0.339726 0.286932 -23.4392 -0.336747 0.939598 -0.0612897 10.4332 -0.290422 -0.0417269 0.955988 29.49 0 0 0 1 
0.895641 0.339887 0.286888 -23.129 -0.336428 0.939607 -0.0628888 10.4075 -0.290937 -0.0401912 0.955898 29.2942 0 0 0 1 
0.895627 0.340069 0.286715 -22.8409 -0.336139 0.939605 -0.06444 10.3829 -0.291313 -0.0386616 0.955846 29.097 0 0 0 1 
0.895647 0.34027 0.286413 -22.5756 -0.335881 0.939594 -0.0659334 10.3596 -0.291547 -0.0371477 0.955835 28.8997 0 0 0 1 
0.895702 0.340483 0.285988 -22.3317 -0.33565 0.939575 -0.0673671 10.3376 -0.291645 -0.0356513 0.955862 28.7023 0 0 0 1 
0.895791 0.340704 0.285445 -22.1076 -0.335443 0.939549 -0.06874 10.317 -0.29161 -0.0341739 0.955927 28.5051 0 0 0 1 
0.895915 0.340929 0.284785 -21.903 -0.335256 0.939519 -0.0700471 10.2977 -0.291442 -0.0327198 0.956029 28.3083 0 0 0 1 
0.896074 0.341156 0.284014 -21.7166 -0.335089 0.939486 -0.0712896 10.2798 -0.291148 -0.031289 0.956166 28.1122 0 0 0 1 
0.896267 0.341379 0.283135 -21.547 -0.334934 0.939451 -0.0724671 10.2631 -0.29073 -0.0298819 0.956338 27.9166 0 0 0 1 
0.896495 0.341595 0.282152 -21.395 -0.334794 0.939415 -0.0735716 10.2479 -0.290189 -0.0285062 0.956545 27.7224 0 0 0 1 
0.896756 0.341801 0.281069 -21.2581 -0.334663 0.93938 -0.0746092 10.2339 -0.289532 -0.0271572 0.956783 27.5291 0 0 0 1 
0.897052 0.341994 0.27989 -21.1371 -0.334539 0.939347 -0.075572 10.2212 -0.288759 -0.025842 0.957053 27.3375 0 0 0 1 
0.897381 0.342169 0.278619 -21.0297 -0.334418 0.939318 -0.0764667 10.2096 -0.287876 -0.0245555 0.957353 27.1469 0 0 0 1 
0.897741 0.342326 0.277262 -20.9347 -0.334298 0.939292 -0.0772967 10.1989 -0.28689 -0.0232956 0.95768 26.9571 0 0 0 1 
0.898133 0.342461 0.27582 -20.853 -0.334177 0.939273 -0.078053 10.1893 -0.285801 -0.0220709 0.958035 26.7691 0 0 0 1 
0.898557 0.342572 0.274299 -20.7829 -0.334052 0.93926 -0.0787421 10.1805 -0.284613 -0.0208761 0.958415 26.5822 0 0 0 1 
0.899011 0.342655 0.272704 -20.7235 -0.33392 0.939254 -0.0793635 10.1725 -0.283333 -0.0197126 0.958819 26.3965 0 0 0 1 
0.899494 0.34271 0.271037 -20.6744 -0.333779 0.939258 -0.079919 10.165 -0.281963 -0.0185798 0.959245 26.212 0 0 0 1 
0.900005 0.342733 0.269305 -20.6347 -0.333625 0.93927 -0.0804095 10.1581 -0.280509 -0.0174777 0.959692 26.0287 0 0 0 1 
0.900544 0.342722 0.26751 -20.6035 -0.333456 0.939294 -0.0808362 10.1515 -0.278975 -0.0164062 0.960158 25.8464 0 0 0 1 
0.901111 0.342675 0.265657 -20.58 -0.333269 0.939329 -0.0812012 10.1451 -0.277365 -0.0153641 0.960642 25.665 0 0 0 1 
0.901702 0.342591 0.263751 -20.5638 -0.333063 0.939375 -0.0815062 10.1388 -0.275684 -0.0143514 0.961141 25.4846 0 0 0 1 
0.902319 0.342467 0.261795 -20.554 -0.332835 0.939435 -0.0817527 10.1324 -0.273937 -0.0133675 0.961655 25.3049 0 0 0 1 
0.90296 0.342302 0.259796 -20.5498 -0.332581 0.939508 -0.0819425 10.1258 -0.272129 -0.0124122 0.962181 25.126 0 0 0 1 
0.903623 0.342092 0.257755 -20.5504 -0.332299 0.939596 -0.0820773 10.1188 -0.270263 -0.0114846 0.962718 24.9476 0 0 0 1 
0.904309 0.341839 0.255678 -20.5552 -0.331988 0.939699 -0.0821599 10.1113 -0.268346 -0.010584 0.963265 24.7697 0 0 0 1 
0.905016 0.341538 0.25357 -20.5634 -0.331643 0.939818 -0.0821911 10.1032 -0.266381 -0.00971045 0.963819 24.5923 0 0 0 1 
0.905743 0.341189 0.251434 -20.5743 -0.331265 0.939953 -0.0821736 10.0942 -0.264373 -0.00886303 0.96438 24.4151 0 0 0 1 
