0.999978 -0.00657426 -8.23099e-20 0.262971 0.00657426 0.999978 -0.000358807 0.0116312 2.35889e-06 0.000358799 1 -0.01435 0 0 0 1 
0.999914 -0.013134 -1.70762e-19 0.525359 0.013134 0.999913 -0.000721613 0.025109 9.47765e-06 0.000721551 1 -0.0288542 0 0 0 1 
0.999806 -0.0196794 -2.65374e-19 0.787176 0.0196794 0.999806 -0.00108866 0.0404297 2.14241e-05 0.00108845 0.999999 -0.04352 0 0 0 1 
0.999656 -0.0262109 -3.66166e-19 1.04843 0.0262108 0.999655 -0.00146016 0.0575901 3.82721e-05 0.00145966 0.999999 -0.0583545 0 0 0 1 
0.999464 -0.0327286 -4.73154e-19 1.30914 0.0327286 0.999463 -0.00183635 0.076587 6.01013e-05 0.00183537 0.999998 -0.0733642 0 0 0 1 
0.99923 -0.0392329 -5.86357e-19 1.56932 0.0392328 0.999228 -0.00221744 0.0974178 8.69966e-05 0.00221573 0.999998 -0.0885556 0 0 0 1 
0.998954 -0.045724 -7.05793e-19 1.82896 0.0457239 0.998951 -0.00260363 0.12008 0.000119048 0.00260091 0.999997 -0.103935 0 0 0 1 
0.998637 -0.0522022 -8.3148e-19 2.08809 0.052202 0.998632 -0.00299512 0.144571 0.000156352 0.00299104 0.999996 -0.119507 0 0 0 1 
0.998278 -0.0586677 -9.63435e-19 2.34671 0.0586674 0.998272 -0.00339211 0.170891 0.000199008 0.00338627 0.999994 -0.135278 0 0 0 1 
0.997877 -0.0651208 -1.10168e-18 2.60483 0.0651203 0.99787 -0.00379479 0.199036 0.00024712 0.00378673 0.999993 -0.151253 0 0 0 1 
0.997436 -0.0715616 -1.24623e-18 2.86247 0.071561 0.997427 -0.00420333 0.229005 0.000300798 0.00419256 0.999991 -0.167437 0 0 0 1 
0.996954 -0.0779905 -1.3971e-18 3.11962 0.0779897 0.996943 -0.00461793 0.260799 0.000360155 0.00460386 0.999989 -0.183835 0 0 0 1 
0.996431 -0.0844076 -1.55431e-18 3.37631 0.0844066 0.996419 -0.00503875 0.294416 0.000425309 0.00502076 0.999987 -0.20045 0 0 0 1 
0.995868 -0.0908132 -1.71789e-18 3.63253 0.0908119 0.995853 -0.00546596 0.329856 0.000496381 0.00544337 0.999985 -0.217287 0 0 0 1 
0.995264 -0.0972075 -1.88785e-18 3.8883 0.0972058 0.995247 -0.00589973 0.367119 0.000573498 0.00587179 0.999983 -0.23435 0 0 0 1 
0.99462 -0.103591 -2.06421e-18 4.14362 0.103589 0.9946 -0.00634023 0.406206 0.000656789 0.00630612 0.99998 -0.251642 0 0 0 1 
0.993936 -0.109963 -2.247e-18 4.39851 0.10996 0.993913 -0.00678762 0.447117 0.000746386 0.00674646 0.999977 -0.269167 0 0 0 1 
0.993211 -0.116324 -2.43623e-18 4.65297 0.116321 0.993185 -0.00724206 0.489852 0.000842428 0.00719289 0.999974 -0.286929 0 0 0 1 
0.992447 -0.122675 -2.63193e-18 4.90701 0.122672 0.992417 -0.0077037 0.534415 0.000945053 0.00764551 0.99997 -0.30493 0 0 0 1 
0.991643 -0.129016 -2.83411e-18 5.16064 0.129012 0.991609 -0.00817269 0.580805 0.00105441 0.00810439 0.999967 -0.323174 0 0 0 1 
0.990798 -0.135346 -3.04281e-18 5.41386 0.135341 0.990761 -0.0086492 0.629025 0.00117064 0.00856961 0.999963 -0.341662 0 0 0 1 
0.989914 -0.141667 -3.25805e-18 5.66668 0.141661 0.989873 -0.00913336 0.679078 0.0012939 0.00904125 0.999958 -0.360399 0 0 0 1 
0.988991 -0.147978 -3.47984e-18 5.91911 0.147971 0.988945 -0.00962533 0.730966 0.00142434 0.00951936 0.999954 -0.379385 0 0 0 1 
0.988027 -0.154279 -3.70822e-18 6.17116 0.154271 0.987977 -0.0101253 0.784691 0.00156212 0.010004 0.999949 -0.398624 0 0 0 1 
0.987024 -0.160571 -3.94321e-18 6.42283 0.160562 0.986969 -0.0106333 0.840258 0.0017074 0.0104953 0.999943 -0.418117 0 0 0 1 
0.985982 -0.166853 -4.18484e-18 6.67413 0.166843 0.98592 -0.0111496 0.897669 0.00186034 0.0109933 0.999938 -0.437866 0 0 0 1 
0.9849 -0.173127 -4.43314e-18 6.92507 0.173115 0.984832 -0.0116742 0.95693 0.00202112 0.011498 0.999932 -0.457874 0 0 0 1 
0.983778 -0.179391 -4.68813e-18 7.17565 0.179378 0.983704 -0.0122075 1.01804 0.00218991 0.0120094 0.999925 -0.478142 0 0 0 1 
0.982616 -0.185647 -4.94985e-18 7.42588 0.185632 0.982537 -0.0127494 1.08102 0.00236688 0.0125277 0.999919 -0.498671 0 0 0 1 
0.981416 -0.191894 -5.21832e-18 7.67577 0.191877 0.981329 -0.0133001 1.14585 0.00255221 0.0130529 0.999912 -0.519463 0 0 0 1 
0.980175 -0.198133 -5.49358e-18 7.92532 0.198114 0.980081 -0.0138598 1.21255 0.00274608 0.013585 0.999904 -0.540519 0 0 0 1 
0.978895 -0.204363 -5.77566e-18 8.17454 0.204342 0.978793 -0.0144286 1.28113 0.00294868 0.0141241 0.999896 -0.56184 0 0 0 1 
0.977575 -0.210586 -6.0646e-18 8.42343 0.210562 0.977465 -0.0150067 1.35159 0.00316019 0.0146701 0.999887 -0.583428 0 0 0 1 
0.976216 -0.2168 -6.36042e-18 8.67201 0.216774 0.976097 -0.0155942 1.42393 0.00338082 0.0152233 0.999878 -0.605283 0 0 0 1 
0.974817 -0.223007 -6.66317e-18 8.92027 0.222978 0.974689 -0.0161912 1.49817 0.00361075 0.0157835 0.999869 -0.627406 0 0 0 1 
0.973378 -0.229206 -6.97289e-18 9.16823 0.229173 0.973241 -0.016798 1.57431 0.00385019 0.0163508 0.999859 -0.649798 0 0 0 1 
0.971899 -0.235397 -7.2896e-18 9.41588 0.235361 0.971752 -0.0174146 1.65236 0.00409934 0.0169252 0.999848 -0.672459 0 0 0 1 
0.970381 -0.241581 -7.61336e-18 9.66325 0.241542 0.970223 -0.0180412 1.73233 0.00435841 0.0175068 0.999837 -0.69539 0 0 0 1 
0.968822 -0.247758 -7.9442e-18 9.91032 0.247715 0.968653 -0.018678 1.81422 0.00462761 0.0180956 0.999826 -0.718591 0 0 0 1 
0.967223 -0.253928 -8.28217e-18 10.1571 0.25388 0.967043 -0.019325 1.89805 0.00490716 0.0186916 0.999813 -0.742063 0 0 0 1 
0.965584 -0.26009 -8.62731e-18 10.4036 0.260038 0.965391 -0.0199826 1.98382 0.00519729 0.0192949 0.9998 -0.765806 0 0 0 1 
0.963905 -0.266246 -8.97966e-18 10.6499 0.26619 0.963699 -0.0206508 2.07155 0.0054982 0.0199054 0.999787 -0.789819 0 0 0 1 
0.962185 -0.272396 -9.33929e-18 10.8958 0.272334 0.961966 -0.0213298 2.16124 0.00581014 0.0205232 0.999772 -0.814103 0 0 0 1 
0.960425 -0.278538 -9.70622e-18 11.1415 0.278471 0.960192 -0.0220197 2.2529 0.00613334 0.0211483 0.999758 -0.838658 0 0 0 1 
0.958624 -0.284675 -1.00805e-17 11.387 0.284601 0.958377 -0.0227208 2.34656 0.00646804 0.0217807 0.999742 -0.863484 0 0 0 1 
0.956782 -0.290805 -1.04622e-17 11.6322 0.290725 0.95652 -0.0234331 2.44221 0.00681448 0.0224204 0.999725 -0.888579 0 0 0 1 
0.9549 -0.296929 -1.08514e-17 11.8772 0.296842 0.954621 -0.024157 2.53987 0.0071729 0.0230675 0.999708 -0.913945 0 0 0 1 
0.952976 -0.303047 -1.12481e-17 12.1219 0.302953 0.95268 -0.0248924 2.63956 0.00754358 0.0237219 0.99969 -0.939579 0 0 0 1 
0.95101 -0.309159 -1.16524e-17 12.3664 0.309058 0.950698 -0.0256397 2.74129 0.00792675 0.0243836 0.999671 -0.965483 0 0 0 1 
0.949003 -0.315266 -1.20644e-17 12.6106 0.315156 0.948673 -0.026399 2.84506 0.0083227 0.0250527 0.999651 -0.991654 0 0 0 1 
0.946955 -0.321367 -1.2484e-17 12.8547 0.321248 0.946605 -0.0271705 2.9509 0.00873169 0.0257292 0.999631 -1.01809 0 0 0 1 
0.944864 -0.327462 -1.29115e-17 13.0985 0.327334 0.944495 -0.0279544 3.05883 0.00915399 0.0264131 0.999609 -1.0448 0 0 0 1 
0.942732 -0.333552 -1.33467e-17 13.3421 0.333414 0.942342 -0.0287508 3.16885 0.0095899 0.0271043 0.999587 -1.07177 0 0 0 1 
0.940556 -0.339637 -1.37899e-17 13.5855 0.339489 0.940145 -0.02956 3.28098 0.0100397 0.0278029 0.999563 -1.09901 0 0 0 1 
0.938339 -0.345717 -1.4241e-17 13.8287 0.345558 0.937906 -0.0303823 3.39525 0.0105037 0.0285089 0.999538 -1.12651 0 0 0 1 
0.936078 -0.351792 -1.47002e-17 14.0717 0.351621 0.935622 -0.0312177 3.51166 0.0109821 0.0292222 0.999513 -1.15427 0 0 0 1 
0.933774 -0.357863 -1.51676e-17 14.3145 0.357678 0.933294 -0.0320666 3.63023 0.0114754 0.0299429 0.999486 -1.18229 0 0 0 1 
0.931427 -0.363928 -1.56431e-17 14.5571 0.363731 0.930922 -0.0329291 3.751 0.0119838 0.030671 0.999458 -1.21057 0 0 0 1 
0.929036 -0.369989 -1.61269e-17 14.7996 0.369778 0.928505 -0.0338055 3.87396 0.0125077 0.0314065 0.999428 -1.23911 0 0 0 1 
0.926601 -0.376046 -1.66191e-17 15.0418 0.37582 0.926043 -0.034696 3.99915 0.0130473 0.0321493 0.999398 -1.26791 0 0 0 1 
0.924228 -0.381841 -1.7122e-17 15.2737 0.381598 0.92364 -0.0356708 4.12454 0.0136206 0.032968 0.999364 -1.29963 0 0 0 1 
0.922029 -0.387122 -1.76363e-17 15.4849 0.38686 0.921404 -0.0367965 4.24773 0.0142447 0.0339274 0.999323 -1.33678 0 0 0 1 
0.919997 -0.391926 -1.8162e-17 15.677 0.391642 0.91933 -0.0380699 4.3689 0.0149206 0.0350242 0.999275 -1.37922 0 0 0 1 
0.918152 -0.396229 -1.86946e-17 15.8491 0.39592 0.917436 -0.039481 4.48699 0.0156435 0.0362495 0.99922 -1.42659 0 0 0 1 
0.916479 -0.400082 -1.92357e-17 16.0033 0.399745 0.915707 -0.0410297 4.60259 0.0164152 0.0376028 0.999158 -1.47885 0 0 0 1 
0.914989 -0.403479 -1.97821e-17 16.1391 0.403111 0.914154 -0.0427072 4.71505 0.0172315 0.0390766 0.999088 -1.53569 0 0 0 1 
0.913678 -0.406438 -2.03332e-17 16.2575 0.406036 0.912773 -0.0445098 4.82439 0.0180905 0.0406677 0.999009 -1.59698 0 0 0 1 
0.912542 -0.408982 -2.08889e-17 16.3593 0.408541 0.911558 -0.0464341 4.9307 0.0189907 0.0423731 0.998921 -1.66256 0 0 0 1 
0.911583 -0.411117 -2.14474e-17 16.4447 0.410633 0.910511 -0.0484737 5.03377 0.0199283 0.0441878 0.998824 -1.73224 0 0 0 1 
0.910794 -0.412862 -2.20087e-17 16.5145 0.412332 0.909626 -0.0506251 5.13372 0.0209012 0.046109 0.998718 -1.80589 0 0 0 1 
0.910168 -0.414239 -2.25727e-17 16.5695 0.413659 0.908895 -0.0528851 5.23077 0.021907 0.0481343 0.998601 -1.88339 0 0 0 1 
0.909713 -0.415238 -2.31367e-17 16.6095 0.414604 0.908324 -0.0552444 5.32439 0.0229396 0.0502565 0.998473 -1.96445 0 0 0 1 
0.909413 -0.415895 -2.37025e-17 16.6358 0.415202 0.907897 -0.0577036 5.41521 0.0239986 0.0524764 0.998334 -2.04907 0 0 0 1 
0.909273 -0.4162 -2.42673e-17 16.648 0.415444 0.907621 -0.0602534 5.50275 0.0250774 0.0547868 0.998183 -2.13696 0 0 0 1 
0.909279 -0.416187 -2.48331e-17 16.6475 0.415363 0.907479 -0.0628943 5.58768 0.0261758 0.0571884 0.99802 -2.22814 0 0 0 1 
0.90942 -0.415879 -2.54001e-17 16.6352 0.414983 0.90746 -0.0656226 5.67029 0.0272911 0.0596785 0.997845 -2.32248 0 0 0 1 
0.909701 -0.415264 -2.59662e-17 16.6106 0.414291 0.907568 -0.0684311 5.75019 0.028417 0.0622518 0.997656 -2.41975 0 0 0 1 
0.910112 -0.414363 -2.65318e-17 16.5745 0.413307 0.907795 -0.0713167 5.82772 0.029551 0.0649062 0.997454 -2.51986 0 0 0 1 
0.910643 -0.413195 -2.70977e-17 16.5278 0.412054 0.908127 -0.0742769 5.90322 0.0306908 0.0676397 0.997238 -2.62272 0 0 0 1 
0.91129 -0.411766 -2.7663e-17 16.4706 0.410533 0.908563 -0.0773069 5.9767 0.0318323 0.070449 0.997007 -2.72818 0 0 0 1 
0.912036 -0.410111 -2.82298e-17 16.4044 0.408783 0.909083 -0.0804062 6.04888 0.0329755 0.0733334 0.996762 -2.8362 0 0 0 1 
0.912891 -0.408204 -2.87948e-17 16.3281 0.406776 0.909698 -0.0835656 6.11905 0.0341118 0.0762863 0.996502 -2.94652 0 0 0 1 
0.913831 -0.406095 -2.93614e-17 16.2438 0.404563 0.910383 -0.0867875 6.18831 0.035244 0.0793091 0.996227 -3.05917 0 0 0 1 
0.914858 -0.403775 -2.99275e-17 16.151 0.402134 0.91114 -0.0900644 6.25633 0.0363658 0.0823961 0.995936 -3.17392 0 0 0 1 
0.915962 -0.401264 -3.04941e-17 16.0506 0.39951 0.911959 -0.0933943 6.32347 0.0374758 0.0855457 0.995629 -3.2907 0 0 0 1 
0.917133 -0.398581 -3.1062e-17 15.9432 0.39671 0.912828 -0.0967757 6.39013 0.0385729 0.0887562 0.995306 -3.40943 0 0 0 1 
0.91836 -0.395745 -3.16319e-17 15.8298 0.393753 0.913738 -0.100207 6.45668 0.0396562 0.0920257 0.994967 -3.53003 0 0 0 1 
0.919653 -0.392732 -3.22005e-17 15.7093 0.390616 0.914697 -0.103676 6.52241 0.040717 0.0953461 0.994611 -3.65218 0 0 0 1 
0.920981 -0.389608 -3.27729e-17 15.5843 0.387363 0.915675 -0.107192 6.58877 0.0417627 0.0987215 0.994238 -3.77601 0 0 0 1 
0.922354 -0.386345 -3.33454e-17 15.4538 0.383969 0.916681 -0.110742 6.65503 0.0427848 0.102144 0.993849 -3.90122 0 0 0 1 
0.923757 -0.38298 -3.39205e-17 15.3192 0.380469 0.917699 -0.11433 6.72192 0.0437861 0.105613 0.993443 -4.02781 0 0 0 1 
0.925191 -0.379502 -3.44961e-17 15.1801 0.376853 0.918733 -0.117947 6.78907 0.0447609 0.109123 0.99302 -4.15552 0 0 0 1 
0.926642 -0.375944 -3.50744e-17 15.0378 0.373155 0.919766 -0.121594 6.85716 0.0457126 0.112674 0.99258 -4.28436 0 0 0 1 
0.9281 -0.37233 -3.5656e-17 14.8932 0.369397 0.92079 -0.12527 6.92651 0.0466416 0.116263 0.992123 -4.4142 0 0 0 1 
0.92957 -0.368646 -3.6239e-17 14.7458 0.365567 0.921807 -0.128967 6.99673 0.0475432 0.119884 0.991649 -4.54483 0 0 0 1 
0.931042 -0.364912 -3.68241e-17 14.5965 0.361685 0.92281 -0.132685 7.06814 0.0484182 0.123535 0.991158 -4.67615 0 0 0 1 
0.932508 -0.361148 -3.74119e-17 14.4459 0.357772 0.92379 -0.13642 7.14099 0.049268 0.127213 0.990651 -4.80805 0 0 0 1 
0.933967 -0.357359 -3.80018e-17 14.2944 0.353831 0.924746 -0.14017 7.21525 0.0500911 0.130914 0.990127 -4.9404 0 0 0 1 
0.93541 -0.353564 -3.85942e-17 14.1426 0.349883 0.92567 -0.143932 7.29114 0.0508892 0.134636 0.989588 -5.07305 0 0 0 1 
0.936831 -0.349783 -3.91898e-17 13.9913 0.345947 0.926555 -0.147704 7.36893 0.0516645 0.138374 0.989032 -5.2059 0 0 0 1 
0.938227 -0.34602 -3.97877e-17 13.8408 0.342027 0.9274 -0.151483 7.44849 0.0524161 0.142125 0.98846 -5.3388 0 0 0 1 
0.939598 -0.342279 -4.03873e-17 13.6912 0.338128 0.928204 -0.155263 7.52972 0.0531432 0.145885 0.987873 -5.47158 0 0 0 1 
0.940938 -0.338579 -4.09889e-17 13.5432 0.33427 0.928961 -0.159043 7.61283 0.0538486 0.149649 0.987272 -5.60412 0 0 0 1 
0.942239 -0.33494 -4.1593e-17 13.3976 0.330471 0.929666 -0.162821 7.698 0.0545353 0.153416 0.986656 -5.73633 0 0 0 1 
0.943497 -0.331381 -4.22e-17 13.2553 0.32675 0.930312 -0.166596 7.78541 0.0552068 0.157183 0.986025 -5.86807 0 0 0 1 
0.944721 -0.327874 -4.28066e-17 13.115 0.323081 0.930912 -0.170358 7.87426 0.0558559 0.160941 0.985382 -5.99909 0 0 0 1 
0.945891 -0.324486 -4.34168e-17 12.9794 0.319529 0.931443 -0.174113 7.96566 0.056497 0.164691 0.984726 -6.12943 0 0 0 1 
0.947016 -0.321188 -4.4027e-17 12.8475 0.316067 0.931918 -0.17785 8.05878 0.0571232 0.168427 0.984058 -6.25879 0 0 0 1 
0.948086 -0.318015 -4.46391e-17 12.7206 0.312729 0.932326 -0.181572 8.15409 0.0577425 0.172146 0.983378 -6.38715 0 0 0 1 
0.949107 -0.314954 -4.52507e-17 12.5982 0.309502 0.932676 -0.18527 8.25107 0.0583515 0.175841 0.982688 -6.51427 0 0 0 1 
0.950069 -0.312041 -4.58634e-17 12.4816 0.30642 0.932956 -0.188946 8.35015 0.0589588 0.179512 0.981987 -6.64009 0 0 0 1 
0.950967 -0.309292 -4.64774e-17 12.3717 0.303502 0.933163 -0.192598 8.45142 0.059569 0.183154 0.981278 -6.7645 0 0 0 1 
0.951807 -0.306697 -4.70905e-17 12.2679 0.300735 0.933304 -0.196218 8.55438 0.0601795 0.186762 0.98056 -6.88729 0 0 0 1 
0.952585 -0.304272 -4.77031e-17 12.1709 0.298137 0.933377 -0.199806 8.6591 0.0607953 0.190332 0.979836 -7.00834 0 0 0 1 
0.953296 -0.302037 -4.83152e-17 12.0815 0.295726 0.933377 -0.203358 8.76567 0.0614216 0.19386 0.979105 -7.12754 0 0 0 1 
0.953941 -0.299993 -4.8926e-17 11.9997 0.293504 0.933306 -0.206871 8.87388 0.0620598 0.197342 0.978368 -7.24475 0 0 0 1 
0.954516 -0.298159 -4.95357e-17 11.9264 0.291488 0.933162 -0.210342 8.98379 0.0627153 0.200775 0.977628 -7.35983 0 0 0 1 
0.955016 -0.296553 -5.01445e-17 11.8621 0.289698 0.93294 -0.21377 9.09548 0.063394 0.204154 0.976884 -7.47267 0 0 0 1 
0.955443 -0.295176 -5.07516e-17 11.807 0.288132 0.932644 -0.21715 9.20874 0.0640975 0.207475 0.976138 -7.58314 0 0 0 1 
0.955796 -0.29403 -5.1356e-17 11.7612 0.286795 0.932276 -0.220479 9.32334 0.0648275 0.210733 0.975392 -7.69107 0 0 0 1 
0.956101 -0.293037 -5.19664e-17 11.7215 0.285604 0.931846 -0.223815 9.44061 0.0655862 0.21399 0.974632 -7.79855 0 0 0 1 
0.956392 -0.292085 -5.25893e-17 11.6834 0.284446 0.931377 -0.227215 9.56137 0.0663663 0.217307 0.973845 -7.90762 0 0 0 1 
0.956669 -0.291178 -5.32241e-17 11.6471 0.283325 0.930868 -0.230675 9.68553 0.0671676 0.22068 0.973031 -8.01812 0 0 0 1 
0.956935 -0.290302 -5.38688e-17 11.6121 0.282229 0.930324 -0.234189 9.81271 0.0679854 0.224104 0.972191 -8.12988 0 0 0 1 
0.957181 -0.28949 -5.45253e-17 11.5796 0.281189 0.929733 -0.237759 9.94345 0.0688289 0.227578 0.971324 -8.24286 0 0 0 1 
0.957415 -0.288715 -5.51904e-17 11.5486 0.280178 0.929106 -0.241376 10.077 0.0696889 0.231097 0.970432 -8.35683 0 0 0 1 
0.957632 -0.287995 -5.58647e-17 11.5198 0.279215 0.928437 -0.245039 10.2137 0.0705699 0.234657 0.969513 -8.47168 0 0 0 1 
0.957836 -0.287314 -5.65465e-17 11.4926 0.278284 0.927731 -0.248743 10.353 0.0714673 0.238255 0.96857 -8.58728 0 0 0 1 
0.958022 -0.286693 -5.72361e-17 11.4677 0.277405 0.926983 -0.252486 10.4952 0.0723859 0.241887 0.967601 -8.70349 0 0 0 1 
0.9582 -0.286101 -5.79309e-17 11.444 0.276547 0.926203 -0.256259 10.6396 0.073316 0.245548 0.966608 -8.82015 0 0 0 1 
0.958358 -0.285571 -5.86323e-17 11.4228 0.275745 0.925381 -0.260066 10.7867 0.0742674 0.249237 0.965591 -8.93719 0 0 0 1 
0.958501 -0.28509 -5.93385e-17 11.4036 0.274984 0.924522 -0.2639 10.9361 0.0752354 0.252948 0.96455 -9.05444 0 0 0 1 
0.958628 -0.284661 -6.0049e-17 11.3864 0.274267 0.923626 -0.267757 11.0877 0.0762198 0.256679 0.963486 -9.17177 0 0 0 1 
0.958746 -0.284266 -6.07622e-17 11.3706 0.273578 0.922698 -0.271632 11.241 0.0772157 0.260426 0.962401 -9.28908 0 0 0 1 
0.958842 -0.283941 -6.14795e-17 11.3577 0.272951 0.921728 -0.275526 11.3966 0.0782332 0.264186 0.961294 -9.40624 0 0 0 1 
0.958931 -0.283639 -6.2197e-17 11.3455 0.27234 0.920734 -0.279429 11.5535 0.0792568 0.267953 0.960166 -9.52311 0 0 0 1 
0.959004 -0.283391 -6.29164e-17 11.3357 0.271778 0.919703 -0.283342 11.7121 0.0802966 0.271726 0.959019 -9.63961 0 0 0 1 
0.95906 -0.283202 -6.3637e-17 11.3281 0.271265 0.918638 -0.287261 11.8723 0.0813529 0.275501 0.957852 -9.75561 0 0 0 1 
0.959104 -0.283053 -6.43572e-17 11.3221 0.270788 0.917544 -0.291182 12.0337 0.0824201 0.279274 0.956668 -9.87099 0 0 0 1 
0.959136 -0.282946 -6.50763e-17 11.3178 0.270345 0.916422 -0.295101 12.1962 0.0834977 0.283042 0.955466 -9.98567 0 0 0 1 
0.959155 -0.282881 -6.57939e-17 11.3153 0.269939 0.915272 -0.299015 12.3596 0.0845858 0.286802 0.954248 -10.0995 0 0 0 1 
0.959166 -0.282842 -6.65082e-17 11.3137 0.269553 0.914102 -0.302918 12.5235 0.085678 0.290549 0.953017 -10.2124 0 0 0 1 
0.959161 -0.282862 -6.7221e-17 11.3145 0.26922 0.9129 -0.306812 12.6883 0.0867855 0.294282 0.95177 -10.3244 0 0 0 1 
0.959147 -0.282908 -6.79293e-17 11.3163 0.268907 0.911681 -0.310689 12.8534 0.0878963 0.297996 0.950512 -10.4352 0 0 0 1 
0.959121 -0.282996 -6.86338e-17 11.3198 0.268631 0.910438 -0.314548 13.0189 0.0890157 0.301689 0.949242 -10.5448 0 0 0 1 
0.959088 -0.283108 -6.93329e-17 11.3243 0.268376 0.909179 -0.318384 13.1843 0.0901369 0.305358 0.947962 -10.6532 0 0 0 1 
0.959048 -0.283245 -7.00259e-17 11.3298 0.26814 0.907906 -0.322192 13.3495 0.0912593 0.308998 0.946674 -10.7601 0 0 0 1 
0.958996 -0.283421 -7.07134e-17 11.3368 0.26794 0.906614 -0.325975 13.5147 0.0923881 0.312608 0.945379 -10.8657 0 0 0 1 
0.958937 -0.28362 -7.13939e-17 11.3448 0.267759 0.90531 -0.329725 13.6793 0.0935164 0.316185 0.944077 -10.9697 0 0 0 1 
0.958872 -0.283839 -7.20668e-17 11.3536 0.267595 0.903997 -0.333439 13.8433 0.0946431 0.319726 0.942772 -11.0722 0 0 0 1 
0.958801 -0.284078 -7.27315e-17 11.3631 0.267449 0.902676 -0.337115 14.0064 0.0957671 0.323226 0.941463 -11.173 0 0 0 1 
0.95873 -0.284318 -7.33866e-17 11.3727 0.267302 0.901355 -0.340748 14.1683 0.0968807 0.326686 0.940155 -11.2721 0 0 0 1 
0.958649 -0.28459 -7.40335e-17 11.3836 0.267186 0.900023 -0.344339 14.3292 0.0979956 0.3301 0.938845 -11.3694 0 0 0 1 
0.958574 -0.284843 -7.46686e-17 11.3937 0.267052 0.898701 -0.347878 14.4883 0.0990907 0.333467 0.93754 -11.4649 0 0 0 1 
0.958495 -0.285108 -7.52935e-17 11.4043 0.266929 0.89738 -0.351367 14.6458 0.100178 0.336784 0.936238 -11.5585 0 0 0 1 
0.958414 -0.285383 -7.59077e-17 11.4153 0.266816 0.89606 -0.354803 14.8017 0.101255 0.340048 0.934941 -11.6502 0 0 0 1 
0.958335 -0.285648 -7.65097e-17 11.4259 0.266696 0.894751 -0.358182 14.9554 0.102314 0.343258 0.933652 -11.7399 0 0 0 1 
0.958259 -0.285901 -7.70989e-17 11.436 0.266566 0.893454 -0.3615 15.1068 0.103353 0.34641 0.932372 -11.8276 0 0 0 1 
0.958188 -0.286139 -7.76749e-17 11.4456 0.266425 0.892173 -0.364754 15.2557 0.10437 0.349503 0.931104 -11.9132 0 0 0 1 
0.958127 -0.286342 -7.82361e-17 11.4537 0.266256 0.890915 -0.367939 15.4016 0.105357 0.352533 0.92985 -11.9968 0 0 0 1 
0.958067 -0.286543 -7.87841e-17 11.4617 0.266086 0.889671 -0.371059 15.5449 0.106324 0.355499 0.928609 -12.0782 0 0 0 1 
0.95802 -0.286703 -7.93164e-17 11.4681 0.265884 0.888455 -0.374103 15.6849 0.107256 0.358398 0.927387 -12.1575 0 0 0 1 
0.95798 -0.286837 -7.98334e-17 11.4735 0.265663 0.887264 -0.377074 15.8216 0.108159 0.361229 0.926183 -12.2347 0 0 0 1 
0.957953 -0.286924 -8.03338e-17 11.477 0.265405 0.886108 -0.379965 15.9546 0.109021 0.363989 0.925001 -12.3096 0 0 0 1 
0.957942 -0.286962 -8.08165e-17 11.4785 0.265107 0.884988 -0.382771 16.0836 0.109841 0.366672 0.923843 -12.3822 0 0 0 1 
0.957941 -0.286965 -8.12833e-17 11.4786 0.264785 0.8839 -0.385499 16.209 0.110625 0.369285 0.922708 -12.4527 0 0 0 1 
0.957957 -0.286913 -8.17319e-17 11.4765 0.264419 0.882854 -0.388138 16.33 0.111362 0.37182 0.921601 -12.5208 0 0 0 1 
0.95799 -0.286801 -8.21615e-17 11.472 0.264007 0.881853 -0.390686 16.4464 0.112049 0.374273 0.920524 -12.5866 0 0 0 1 
0.958042 -0.286629 -8.25722e-17 11.4652 0.263549 0.880899 -0.393141 16.5583 0.112685 0.376645 0.919478 -12.6502 0 0 0 1 
0.958118 -0.286375 -8.29623e-17 11.455 0.263026 0.88 -0.395497 16.6649 0.11326 0.378932 0.918467 -12.7113 0 0 0 1 
0.958209 -0.28607 -8.33331e-17 11.4428 0.262467 0.879148 -0.397755 16.7667 0.113786 0.381132 0.917492 -12.77 0 0 0 1 
0.95833 -0.285664 -8.36823e-17 11.4265 0.261826 0.878361 -0.399912 16.8629 0.11424 0.383248 0.916554 -12.8265 0 0 0 1 
0.958473 -0.285183 -8.40098e-17 11.4073 0.26113 0.877633 -0.40196 16.9535 0.114632 0.385268 0.915657 -12.8804 0 0 0 1 
0.958638 -0.28463 -8.43164e-17 11.3852 0.26038 0.876963 -0.403904 17.0386 0.114963 0.387197 0.914802 -12.9319 0 0 0 1 
0.958829 -0.283983 -8.46004e-17 11.3593 0.259557 0.876361 -0.405736 17.1176 0.115222 0.389031 0.91399 -12.981 0 0 0 1 
0.959049 -0.283239 -8.48602e-17 11.3295 0.258662 0.875831 -0.407447 17.1902 0.115405 0.390762 0.913229 -13.0274 0 0 0 1 
0.959297 -0.282399 -8.50969e-17 11.2959 0.257693 0.875373 -0.409044 17.2564 0.115513 0.392394 0.912515 -13.0712 0 0 0 1 
0.959578 -0.281444 -8.53086e-17 11.2577 0.256635 0.874994 -0.410517 17.3157 0.115537 0.393923 0.911853 -13.1125 0 0 0 1 
0.959881 -0.280408 -8.54976e-17 11.2163 0.25552 0.874683 -0.411872 17.3688 0.115492 0.395348 0.911242 -13.1512 0 0 0 1 
0.960217 -0.279254 -8.56594e-17 11.1702 0.254314 0.87446 -0.413091 17.4143 0.115357 0.396657 0.91069 -13.187 0 0 0 1 
0.960538 -0.278147 -8.58136e-17 11.1259 0.253159 0.874245 -0.414254 17.4578 0.115224 0.397907 0.910161 -13.2211 0 0 0 1 
0.960811 -0.277204 -8.59761e-17 11.0881 0.252151 0.873977 -0.415433 17.5039 0.11516 0.399152 0.909624 -13.2548 0 0 0 1 
0.961035 -0.276425 -8.61458e-17 11.057 0.251293 0.873659 -0.41662 17.5523 0.115164 0.400387 0.909081 -13.2879 0 0 0 1 
0.96121 -0.275817 -8.63233e-17 11.0327 0.250588 0.873288 -0.41782 17.6031 0.115242 0.401613 0.90853 -13.3204 0 0 0 1 
0.961344 -0.275349 -8.6507e-17 11.014 0.25001 0.872875 -0.419028 17.6558 0.115379 0.40283 0.907973 -13.3524 0 0 0 1 
0.961437 -0.275024 -8.66959e-17 11.001 0.249561 0.872421 -0.420238 17.7103 0.115576 0.404033 0.907414 -13.3837 0 0 0 1 
0.961488 -0.274848 -8.68913e-17 10.9939 0.249245 0.871923 -0.421459 17.7669 0.115837 0.405227 0.906848 -13.4145 0 0 0 1 
0.961505 -0.274788 -8.70903e-17 10.9915 0.249035 0.871393 -0.422677 17.8246 0.116147 0.406406 0.90628 -13.4447 0 0 0 1 
0.961487 -0.274851 -8.72942e-17 10.9941 0.248935 0.870827 -0.423901 17.8839 0.11651 0.407575 0.905709 -13.4743 0 0 0 1 
0.961433 -0.275039 -8.75019e-17 11.0016 0.248948 0.870227 -0.425123 17.9446 0.116925 0.408727 0.905136 -13.5032 0 0 0 1 
0.961352 -0.275322 -8.77129e-17 11.0129 0.249046 0.869601 -0.426346 18.0063 0.117383 0.409868 0.90456 -13.5315 0 0 0 1 
0.961243 -0.275704 -8.79262e-17 11.0281 0.249232 0.86895 -0.427563 18.0689 0.117881 0.410992 0.903986 -13.5592 0 0 0 1 
0.961104 -0.276187 -8.81424e-17 11.0475 0.24951 0.868271 -0.428777 18.1325 0.118423 0.412099 0.90341 -13.5863 0 0 0 1 
0.960944 -0.276741 -8.83599e-17 11.0697 0.249852 0.867575 -0.429986 18.1966 0.118995 0.413192 0.902836 -13.6128 0 0 0 1 
0.960763 -0.27737 -8.85778e-17 11.0948 0.250261 0.866863 -0.431182 18.2609 0.119597 0.414264 0.902265 -13.6385 0 0 0 1 
0.960559 -0.278076 -8.87975e-17 11.123 0.25074 0.866131 -0.432373 18.326 0.120233 0.41532 0.901695 -13.6636 0 0 0 1 
0.960341 -0.278828 -8.90159e-17 11.1531 0.251261 0.865393 -0.433547 18.3907 0.120885 0.416353 0.901131 -13.6881 0 0 0 1 
0.960108 -0.27963 -8.92343e-17 11.1852 0.251826 0.864644 -0.434712 18.4556 0.121559 0.41737 0.90057 -13.7119 0 0 0 1 
0.959859 -0.280484 -8.94518e-17 11.2193 0.252439 0.863887 -0.43586 18.5203 0.122252 0.418364 0.900014 -13.735 0 0 0 1 
0.959603 -0.281358 -8.96675e-17 11.2543 0.253072 0.863129 -0.436994 18.5847 0.122952 0.419341 0.899464 -13.7576 0 0 0 1 
0.959339 -0.282255 -8.98805e-17 11.2902 0.253726 0.862372 -0.438106 18.6483 0.123658 0.420293 0.898923 -13.7794 0 0 0 1 
0.959067 -0.283178 -9.00912e-17 11.3271 0.254404 0.861616 -0.4392 18.7114 0.124372 0.421222 0.898389 -13.8006 0 0 0 1 
0.958797 -0.284093 -9.02981e-17 11.3637 0.255077 0.86087 -0.440272 18.7734 0.125078 0.422131 0.897865 -13.8212 0 0 0 1 
0.958526 -0.285004 -9.05e-17 11.4001 0.255749 0.860136 -0.441315 18.834 0.125776 0.423012 0.897352 -13.841 0 0 0 1 
0.958256 -0.285911 -9.06981e-17 11.4364 0.256419 0.859412 -0.442335 18.8936 0.126468 0.42387 0.89685 -13.8603 0 0 0 1 
0.957996 -0.286783 -9.089e-17 11.4713 0.257061 0.85871 -0.443325 18.9514 0.127138 0.424703 0.896361 -13.879 0 0 0 1 
0.957744 -0.287621 -9.10756e-17 11.5048 0.257676 0.85803 -0.444284 19.0073 0.127785 0.425511 0.895886 -13.897 0 0 0 1 
0.957502 -0.288427 -9.1255e-17 11.5371 0.258264 0.857371 -0.445213 19.0615 0.128411 0.426292 0.895425 -13.9144 0 0 0 1 
0.957279 -0.289167 -9.14259e-17 11.5667 0.258799 0.856746 -0.446104 19.1133 0.128999 0.427046 0.894981 -13.9313 0 0 0 1 
0.957074 -0.289843 -9.15885e-17 11.5937 0.25928 0.856155 -0.446959 19.1626 0.129548 0.427773 0.894554 -13.9476 0 0 0 1 
0.956889 -0.290455 -9.17427e-17 11.6182 0.259709 0.855598 -0.447777 19.2094 0.130059 0.428472 0.894145 -13.9633 0 0 0 1 
0.956732 -0.290971 -9.18863e-17 11.6388 0.260058 0.855086 -0.448551 19.2531 0.130515 0.429143 0.893757 -13.9784 0 0 0 1 
0.956604 -0.291391 -9.20192e-17 11.6557 0.260326 0.854621 -0.449281 19.2936 0.130917 0.429784 0.89339 -13.9931 0 0 0 1 
0.956505 -0.291716 -9.21415e-17 11.6686 0.260515 0.854202 -0.449968 19.331 0.131263 0.430397 0.893045 -14.0072 0 0 0 1 
0.956445 -0.291912 -9.2251e-17 11.6765 0.260597 0.853841 -0.450606 19.3645 0.131537 0.430979 0.892723 -14.0209 0 0 0 1 
0.956425 -0.291979 -9.23475e-17 11.6792 0.26057 0.853539 -0.451192 19.3942 0.131739 0.431531 0.892427 -14.0341 0 0 0 1 
0.956443 -0.291918 -9.24311e-17 11.6767 0.260436 0.853296 -0.451729 19.42 0.131868 0.432053 0.892155 -14.0468 0 0 0 1 
0.956512 -0.291694 -9.24996e-17 11.6678 0.260166 0.853124 -0.452209 19.4413 0.131907 0.432543 0.891912 -14.0591 0 0 0 1 
0.956629 -0.291308 -9.2553e-17 11.6523 0.259759 0.853023 -0.452633 19.4581 0.131856 0.433002 0.891697 -14.071 0 0 0 1 
0.956796 -0.29076 -9.25913e-17 11.6304 0.259215 0.852993 -0.453001 19.4703 0.131714 0.433429 0.89151 -14.0825 0 0 0 1 
0.957022 -0.290015 -9.26123e-17 11.6006 0.258506 0.853047 -0.453306 19.4773 0.131465 0.433824 0.891355 -14.0936 0 0 0 1 
0.957307 -0.289073 -9.26162e-17 11.5629 0.257631 0.853182 -0.453548 19.4791 0.131109 0.434185 0.891232 -14.1043 0 0 0 1 
0.95765 -0.287934 -9.2603e-17 11.5174 0.25659 0.8534 -0.453728 19.4758 0.130644 0.434513 0.89114 -14.1147 0 0 0 1 
0.958061 -0.286564 -9.25707e-17 11.4625 0.255352 0.853712 -0.453841 19.4668 0.130054 0.434808 0.891082 -14.1248 0 0 0 1 
0.958539 -0.284961 -9.25194e-17 11.3984 0.253917 0.854115 -0.453887 19.452 0.12934 0.435068 0.891059 -14.1345 0 0 0 1 
0.959083 -0.283126 -9.24493e-17 11.325 0.252285 0.85461 -0.453865 19.4315 0.128501 0.435294 0.89107 -14.1439 0 0 0 1 
0.959701 -0.281025 -9.23586e-17 11.241 0.250426 0.855207 -0.453771 19.4049 0.127521 0.435484 0.891118 -14.1529 0 0 0 1 
0.960391 -0.278655 -9.22477e-17 11.1462 0.248338 0.855903 -0.453606 19.3721 0.1264 0.435639 0.891202 -14.1616 0 0 0 1 
0.961153 -0.276018 -9.21169e-17 11.0407 0.246021 0.856696 -0.453371 19.3333 0.125138 0.435759 0.891322 -14.17 0 0 0 1 
0.961992 -0.273078 -9.19645e-17 10.9231 0.243444 0.857596 -0.45306 19.288 0.123721 0.43584 0.89148 -14.178 0 0 0 1 
0.962906 -0.269835 -9.17911e-17 10.7934 0.240605 0.8586 -0.452676 19.2363 0.122148 0.435885 0.891675 -14.1856 0 0 0 1 
0.963893 -0.266289 -9.15972e-17 10.6516 0.237505 0.859703 -0.45222 19.1785 0.120421 0.435891 0.891907 -14.1929 0 0 0 1 
0.964958 -0.262405 -9.13817e-17 10.4962 0.234111 0.860913 -0.451687 19.1141 0.118525 0.435859 0.892176 -14.1997 0 0 0 1 
0.966096 -0.258182 -9.11452e-17 10.3273 0.230423 0.862225 -0.451081 19.0434 0.116461 0.435787 0.892483 -14.206 0 0 0 1 
0.967304 -0.25362 -9.08886e-17 10.1448 0.226438 0.863634 -0.450402 18.9667 0.114231 0.435676 0.892826 -14.2118 0 0 0 1 
0.968584 -0.248685 -9.06109e-17 9.94741 0.222127 0.865145 -0.449648 18.8836 0.111821 0.435522 0.893206 -14.2171 0 0 0 1 
0.969932 -0.243377 -9.03134e-17 9.73508 0.217487 0.866751 -0.448822 18.7946 0.109233 0.435327 0.893621 -14.2217 0 0 0 1 
0.97134 -0.237695 -8.99972e-17 9.50781 0.212516 0.868446 -0.447927 18.7 0.10647 0.435089 0.89407 -14.2257 0 0 0 1 
0.97281 -0.231606 -8.96617e-17 9.26425 0.207184 0.870231 -0.44696 18.5996 0.103519 0.434807 0.894554 -14.2289 0 0 0 1 
0.974333 -0.22511 -8.93084e-17 9.0044 0.201489 0.872097 -0.445925 18.4939 0.100382 0.434479 0.89507 -14.2313 0 0 0 1 
0.975857 -0.218412 -8.89513e-17 8.73646 0.195609 0.873974 -0.444866 18.387 0.097164 0.434126 0.895597 -14.2329 0 0 0 1 
0.977331 -0.211716 -8.86031e-17 8.46865 0.189722 0.875799 -0.443827 18.2828 0.0939653 0.433766 0.896113 -14.234 0 0 0 1 
0.978757 -0.205024 -8.82636e-17 8.20096 0.183828 0.877571 -0.442805 18.1813 0.0907857 0.433399 0.896618 -14.2345 0 0 0 1 
0.980134 -0.198334 -8.79327e-17 7.93337 0.177928 0.879291 -0.441803 18.0825 0.0876246 0.433026 0.897112 -14.2344 0 0 0 1 
0.981464 -0.191647 -8.76106e-17 7.6659 0.172022 0.880959 -0.440818 17.9862 0.0844816 0.432647 0.897597 -14.2338 0 0 0 1 
0.982745 -0.184963 -8.7297e-17 7.39853 0.16611 0.882575 -0.439851 17.8925 0.0813562 0.432261 0.898071 -14.2326 0 0 0 1 
0.98398 -0.178281 -8.69919e-17 7.13125 0.160192 0.88414 -0.438902 17.8014 0.0782479 0.43187 0.898535 -14.2309 0 0 0 1 
0.985166 -0.171602 -8.66954e-17 6.86407 0.154268 0.885654 -0.43797 17.7129 0.0751564 0.431473 0.89899 -14.2286 0 0 0 1 
0.986306 -0.164924 -8.64072e-17 6.59697 0.148339 0.887118 -0.437055 17.6269 0.072081 0.43107 0.899435 -14.2258 0 0 0 1 
0.987399 -0.158249 -8.61274e-17 6.32996 0.142404 0.888531 -0.436158 17.5435 0.0690216 0.430662 0.89987 -14.2226 0 0 0 1 
0.988446 -0.151576 -8.58559e-17 6.06303 0.136463 0.889894 -0.435277 17.4625 0.0659775 0.430248 0.900297 -14.2188 0 0 0 1 
0.989446 -0.144904 -8.55927e-17 5.79618 0.130517 0.891207 -0.434413 17.3841 0.0629484 0.429828 0.900714 -14.2145 0 0 0 1 
0.990399 -0.138235 -8.53377e-17 5.52939 0.124566 0.892471 -0.433565 17.3081 0.0599338 0.429403 0.901122 -14.2098 0 0 0 1 
0.991307 -0.131567 -8.50909e-17 5.26267 0.11861 0.893685 -0.432734 17.2346 0.0569335 0.428973 0.901522 -14.2045 0 0 0 1 
0.992169 -0.1249 -8.48522e-17 4.99602 0.112649 0.89485 -0.431919 17.1636 0.0539469 0.428537 0.901912 -14.1988 0 0 0 1 
0.992986 -0.118236 -8.46216e-17 4.72942 0.106683 0.895966 -0.43112 17.095 0.0509737 0.428096 0.902295 -14.1927 0 0 0 1 
0.993756 -0.111572 -8.4399e-17 4.46288 0.100713 0.897033 -0.430337 17.0288 0.0480136 0.42765 0.902668 -14.186 0 0 0 1 
0.994482 -0.10491 -8.41845e-17 4.19639 0.0947372 0.898051 -0.429569 16.965 0.045066 0.427199 0.903034 -14.179 0 0 0 1 
0.995162 -0.0982488 -8.3978e-17 3.92995 0.0887572 0.899021 -0.428817 16.9037 0.0421307 0.426742 0.903391 -14.1714 0 0 0 1 
0.995797 -0.091589 -8.37793e-17 3.66356 0.0827727 0.899942 -0.42808 16.8447 0.0392074 0.426281 0.903741 -14.1634 0 0 0 1 
0.996387 -0.0849301 -8.35886e-17 3.3972 0.0767838 0.900816 -0.427358 16.7881 0.0362956 0.425814 0.904082 -14.155 0 0 0 1 
0.996932 -0.0782722 -8.34058e-17 3.13089 0.0707907 0.901642 -0.426651 16.7339 0.0333949 0.425342 0.904416 -14.1462 0 0 0 1 
0.997432 -0.0716153 -8.32308e-17 2.86461 0.0647934 0.902419 -0.425959 16.682 0.0305052 0.424866 0.904742 -14.1369 0 0 0 1 
0.997888 -0.0649591 -8.30637e-17 2.59836 0.0587919 0.903149 -0.425282 16.6325 0.0276259 0.424384 0.905061 -14.1272 0 0 0 1 
0.998299 -0.0583037 -8.29043e-17 2.33215 0.0527865 0.903832 -0.424619 16.5853 0.0247569 0.423897 0.905372 -14.117 0 0 0 1 
0.998665 -0.0516489 -8.27527e-17 2.06596 0.0467772 0.904467 -0.423971 16.5404 0.0218976 0.423405 0.905676 -14.1065 0 0 0 1 
0.998987 -0.0449948 -8.26088e-17 1.79979 0.040764 0.905055 -0.423337 16.4979 0.0190479 0.422908 0.905972 -14.0955 0 0 0 1 
0.999265 -0.0383411 -8.24725e-17 1.53365 0.0347471 0.905595 -0.422717 16.4577 0.0162074 0.422406 0.906262 -14.0841 0 0 0 1 
0.999498 -0.031688 -8.2344e-17 1.26752 0.0287266 0.906089 -0.422111 16.4198 0.0133759 0.421899 0.906544 -14.0723 0 0 0 1 
0.999687 -0.0250353 -8.22231e-17 1.00141 0.0227025 0.906536 -0.421518 16.3841 0.0105528 0.421386 0.90682 -14.06 0 0 0 1 
0.999831 -0.0183829 -8.21099e-17 0.735318 0.016675 0.906935 -0.42094 16.3508 0.00773811 0.420869 0.907089 -14.0474 0 0 0 1 
0.999931 -0.0117309 -8.20042e-17 0.469236 0.010644 0.907288 -0.420375 16.3197 0.00493137 0.420346 0.907351 -14.0344 0 0 0 1 
0.999987 -0.00507909 -8.19062e-17 0.203164 0.00460981 0.907594 -0.419823 16.2909 0.00213232 0.419818 0.907606 -14.0209 0 0 0 1 
0.999999 0.00157252 -8.18157e-17 -0.0629006 -0.00142762 0.907854 -0.419285 16.2644 -0.000659332 0.419284 0.907855 -14.007 0 0 0 1 
0.999966 0.00822397 -8.17327e-17 -0.328959 -0.00746817 0.908066 -0.41876 16.2401 -0.00344387 0.418745 0.908097 -13.9927 0 0 0 1 
0.999889 0.0148753 -8.16573e-17 -0.595013 -0.0135118 0.908233 -0.418247 16.2181 -0.00622157 0.418201 0.908333 -13.978 0 0 0 1 
0.999768 0.0215266 -8.15894e-17 -0.861065 -0.0195583 0.908352 -0.417748 16.1983 -0.0089927 0.417651 0.908563 -13.9629 0 0 0 1 
0.999603 0.0281779 -8.15289e-17 -1.12712 -0.0256077 0.908426 -0.417261 16.1808 -0.0117575 0.417095 0.908787 -13.9474 0 0 0 1 
0.999393 0.0348292 -8.1476e-17 -1.39317 -0.0316599 0.908453 -0.416787 16.1655 -0.0145164 0.416534 0.909004 -13.9315 0 0 0 1 
0.999139 0.0414806 -8.14304e-17 -1.65922 -0.0377148 0.908433 -0.416325 16.1524 -0.0172694 0.415967 0.909216 -13.9151 0 0 0 1 
0.998841 0.0481321 -8.13924e-17 -1.92528 -0.0437724 0.908367 -0.415876 16.1416 -0.020017 0.415394 0.909421 -13.8984 0 0 0 1 
0.998498 0.0547837 -8.13617e-17 -2.19135 -0.0498324 0.908255 -0.415438 16.1329 -0.0227593 0.414814 0.909621 -13.8812 0 0 0 1 
0.998111 0.0614355 -8.13385e-17 -2.45742 -0.055895 0.908097 -0.415013 16.1265 -0.0254965 0.414229 0.909815 -13.8636 0 0 0 1 
0.997679 0.0680875 -8.13226e-17 -2.7235 -0.0619599 0.907892 -0.4146 16.1223 -0.028229 0.413637 0.910004 -13.8456 0 0 0 1 
0.997203 0.0747397 -8.13141e-17 -2.98959 -0.0680271 0.907641 -0.414198 16.1203 -0.030957 0.413039 0.910187 -13.8272 0 0 0 1 
0.996682 0.0813922 -8.1313e-17 -3.25569 -0.0740965 0.907344 -0.413808 16.1205 -0.0336807 0.412435 0.910364 -13.8083 0 0 0 1 
0.996117 0.0880449 -8.13192e-17 -3.5218 -0.0801681 0.907 -0.413429 16.1229 -0.0364003 0.411823 0.910536 -13.789 0 0 0 1 
0.995506 0.094698 -8.13328e-17 -3.78792 -0.0862418 0.906611 -0.413061 16.1274 -0.0391161 0.411205 0.910703 -13.7693 0 0 0 1 
0.994851 0.101351 -8.13537e-17 -4.05405 -0.0923174 0.906174 -0.412705 16.1342 -0.0418282 0.41058 0.910865 -13.7491 0 0 0 1 
0.99415 0.108005 -8.1382e-17 -4.3202 -0.0983949 0.905692 -0.41236 16.1431 -0.0445369 0.409947 0.911021 -13.7285 0 0 0 1 
0.993405 0.114659 -8.14175e-17 -4.58637 -0.104474 0.905163 -0.412025 16.1542 -0.0472424 0.409308 0.911173 -13.7075 0 0 0 1 
0.992614 0.121314 -8.14603e-17 -4.85254 -0.110555 0.904588 -0.411701 16.1675 -0.0499449 0.40866 0.911319 -13.686 0 0 0 1 
0.991778 0.127968 -8.15104e-17 -5.11873 -0.116638 0.903967 -0.411387 16.183 -0.0526446 0.408005 0.911461 -13.664 0 0 0 1 
0.990897 0.134624 -8.15678e-17 -5.38494 -0.122722 0.903299 -0.411084 16.2006 -0.0553416 0.407342 0.911597 -13.6416 0 0 0 1 
0.98997 0.141279 -8.16324e-17 -5.65117 -0.128808 0.902585 -0.410791 16.2204 -0.0580362 0.406671 0.911729 -13.6187 0 0 0 1 
0.988997 0.147935 -8.17043e-17 -5.91741 -0.134896 0.901824 -0.410508 16.2423 -0.0607286 0.405991 0.911857 -13.5954 0 0 0 1 
0.987978 0.154592 -8.17834e-17 -6.18366 -0.140984 0.901017 -0.410235 16.2664 -0.0634188 0.405303 0.91198 -13.5715 0 0 0 1 
0.986914 0.161248 -8.18698e-17 -6.44993 -0.147074 0.900163 -0.409971 16.2926 -0.0661072 0.404606 0.912098 -13.5472 0 0 0 1 
0.985803 0.167905 -8.19633e-17 -6.71622 -0.153166 0.899262 -0.409717 16.321 -0.0687937 0.4039 0.912213 -13.5224 0 0 0 1 
0.984646 0.174563 -8.20641e-17 -6.98252 -0.159258 0.898315 -0.409472 16.3516 -0.0714787 0.403185 0.912323 -13.4971 0 0 0 1 
0.983478 0.181027 -8.21642e-17 -7.24109 -0.165176 0.897363 -0.409215 16.3819 -0.0740791 0.402454 0.912438 -13.4713 0 0 0 1 
0.98234 0.187105 -8.2255e-17 -7.4842 -0.170746 0.896452 -0.408924 16.4096 -0.0765118 0.401703 0.912568 -13.4452 0 0 0 1 
0.981232 0.19283 -8.23359e-17 -7.71318 -0.175998 0.895585 -0.408597 16.4345 -0.0787896 0.400929 0.912715 -13.4186 0 0 0 1 
0.980168 0.198168 -8.24055e-17 -7.92672 -0.180903 0.894773 -0.408234 16.4561 -0.0808989 0.400138 0.912877 -13.3918 0 0 0 1 
0.979144 0.20317 -8.24636e-17 -8.12679 -0.185506 0.894014 -0.407831 16.4743 -0.0828589 0.399325 0.913058 -13.3647 0 0 0 1 
0.978167 0.207819 -8.25091e-17 -8.31276 -0.189792 0.893316 -0.407388 16.489 -0.0846631 0.398494 0.913255 -13.3374 0 0 0 1 
0.977241 0.212132 -8.25416e-17 -8.48527 -0.193776 0.892681 -0.406905 16.4999 -0.0863175 0.397644 0.91347 -13.3099 0 0 0 1 
0.976366 0.216125 -8.25608e-17 -8.64499 -0.197474 0.892109 -0.40638 16.507 -0.0878289 0.396776 0.913704 -13.2822 0 0 0 1 
0.975545 0.219798 -8.25661e-17 -8.79191 -0.200886 0.891606 -0.405812 16.5101 -0.0891966 0.395888 0.913957 -13.2542 0 0 0 1 
0.97478 0.223167 -8.25574e-17 -8.92669 -0.204026 0.891171 -0.405201 16.5092 -0.0904277 0.394982 0.914227 -13.2261 0 0 0 1 
0.974069 0.22625 -8.25345e-17 -9.04999 -0.206909 0.890803 -0.404546 16.5042 -0.0915285 0.394056 0.914518 -13.1978 0 0 0 1 
0.97342 0.229028 -8.24968e-17 -9.16113 -0.209521 0.89051 -0.403848 16.495 -0.0924926 0.393114 0.914826 -13.1693 0 0 0 1 
0.972826 0.231536 -8.24446e-17 -9.26143 -0.211891 0.890286 -0.403105 16.4817 -0.0933332 0.392151 0.915154 -13.1407 0 0 0 1 
0.972295 0.233755 -8.23772e-17 -9.35022 -0.214003 0.890137 -0.402318 16.4641 -0.094044 0.391172 0.9155 -13.1119 0 0 0 1 
0.971821 0.23572 -8.22952e-17 -9.4288 -0.215888 0.890057 -0.401485 16.4423 -0.0946381 0.390172 0.915866 -13.0828 0 0 0 1 
0.971401 0.237446 -8.21989e-17 -9.49785 -0.21756 0.890046 -0.400608 16.4164 -0.0951228 0.389151 0.91625 -13.0535 0 0 0 1 
0.971041 0.238914 -8.20876e-17 -9.55655 -0.219001 0.890106 -0.399686 16.3863 -0.0954906 0.388112 0.916652 -13.024 0 0 0 1 
0.970736 0.240149 -8.19619e-17 -9.60595 -0.220234 0.890236 -0.39872 16.3522 -0.0957521 0.387052 0.917073 -12.9943 0 0 0 1 
0.970486 0.241158 -8.18217e-17 -9.64631 -0.221265 0.890432 -0.397708 16.314 -0.0959104 0.38597 0.917512 -12.9642 0 0 0 1 
0.970289 0.241949 -8.16674e-17 -9.67795 -0.222101 0.890695 -0.396653 16.2718 -0.0959696 0.384868 0.917969 -12.9338 0 0 0 1 
0.970144 0.242532 -8.14991e-17 -9.70126 -0.222751 0.891022 -0.395553 16.2257 -0.095934 0.383743 0.918443 -12.903 0 0 0 1 
0.970048 0.242914 -8.13169e-17 -9.71657 -0.223223 0.891411 -0.394409 16.1758 -0.0958075 0.382595 0.918935 -12.8719 0 0 0 1 
0.969999 0.243108 -8.11213e-17 -9.72434 -0.223525 0.89186 -0.39322 16.1222 -0.095595 0.381423 0.919445 -12.8402 0 0 0 1 
0.969996 0.243121 -8.09125e-17 -9.72483 -0.223664 0.892368 -0.391987 16.0649 -0.0953003 0.380226 0.919971 -12.8082 0 0 0 1 
0.970036 0.242961 -8.06907e-17 -9.71843 -0.223649 0.892931 -0.390712 16.0041 -0.0949276 0.379004 0.920513 -12.7756 0 0 0 1 
0.970117 0.242639 -8.04564e-17 -9.70555 -0.223488 0.893547 -0.389392 15.9399 -0.0944817 0.377756 0.921072 -12.7424 0 0 0 1 
0.970236 0.242163 -8.02096e-17 -9.68651 -0.223189 0.894215 -0.388029 15.8723 -0.0939663 0.37648 0.921647 -12.7086 0 0 0 1 
