0.999972 -0.00230502 -0.00713659 -0.0630395 0.00229251 0.999996 -0.00175938 -0.129163 0.00714062 0.00174296 0.999973 -0.383758 0 0 0 1 
0.999888 -0.0046344 -0.0142161 -0.120781 0.00458398 0.999983 -0.00357712 -0.259459 0.0142325 0.00351156 0.999893 -0.768469 0 0 0 1 
0.99975 -0.00698762 -0.0212397 -0.173325 0.00687326 0.999962 -0.00545262 -0.390809 0.021277 0.00530527 0.99976 -1.15411 0 0 0 1 
0.999558 -0.00936421 -0.0282083 -0.220767 0.00915928 0.999931 -0.00738525 -0.523137 0.0282755 0.00712361 0.999575 -1.54066 0 0 0 1 
0.999314 -0.0117637 -0.0351228 -0.263201 0.011441 0.999891 -0.00937443 -0.656367 0.0352293 0.00896615 0.999339 -1.9281 0 0 0 1 
0.999018 -0.0141856 -0.0419843 -0.300714 0.0137174 0.999841 -0.0114196 -0.790427 0.0421396 0.0108325 0.999053 -2.31641 0 0 0 1 
0.99867 -0.0166295 -0.0487936 -0.333393 0.0159874 0.999781 -0.0135202 -0.925244 0.0490077 0.0127221 0.998717 -2.70558 0 0 0 1 
0.998273 -0.019095 -0.0555516 -0.361317 0.0182502 0.999711 -0.0156757 -1.06075 0.0558348 0.0146348 0.998333 -3.0956 0 0 0 1 
0.997827 -0.0215817 -0.0622591 -0.384566 0.0205048 0.99963 -0.0178856 -1.19688 0.0626221 0.0165701 0.9979 -3.48645 0 0 0 1 
0.997332 -0.0240893 -0.068917 -0.403215 0.0227502 0.999538 -0.0201494 -1.33356 0.0693706 0.0185277 0.997419 -3.87814 0 0 0 1 
0.996789 -0.0266173 -0.075526 -0.417336 0.0249857 0.999435 -0.0224666 -1.47073 0.0760814 0.0205074 0.996891 -4.27064 0 0 0 1 
0.996198 -0.0291655 -0.0820869 -0.426997 0.0272104 0.999321 -0.0248367 -1.60834 0.0827556 0.0225087 0.996316 -4.66396 0 0 0 1 
0.995562 -0.0317335 -0.0886005 -0.432266 0.0294233 0.999195 -0.0272594 -1.7463 0.0893942 0.0245315 0.995694 -5.05808 0 0 0 1 
0.994879 -0.0343209 -0.0950674 -0.433207 0.0316238 0.999057 -0.0297341 -1.88457 0.0959983 0.0265755 0.995027 -5.45302 0 0 0 1 
0.994151 -0.0369276 -0.101488 -0.429881 0.0338109 0.998907 -0.0322605 -2.02308 0.102569 0.0286404 0.994314 -5.84876 0 0 0 1 
0.993379 -0.0395531 -0.107864 -0.422347 0.035984 0.998745 -0.0348381 -2.16178 0.109106 0.0307261 0.993555 -6.2453 0 0 0 1 
0.992562 -0.0421973 -0.114195 -0.410661 0.0381422 0.99857 -0.0374666 -2.30061 0.115613 0.0328322 0.992752 -6.64264 0 0 0 1 
0.991701 -0.0448599 -0.120482 -0.394878 0.0402848 0.998381 -0.0401455 -2.43951 0.122088 0.0349587 0.991903 -7.04079 0 0 0 1 
0.990798 -0.0475406 -0.126725 -0.375051 0.042411 0.99818 -0.0428745 -2.57842 0.128533 0.0371054 0.991011 -7.43975 0 0 0 1 
0.989852 -0.0502392 -0.132926 -0.35123 0.0445202 0.997965 -0.0456532 -2.7173 0.134949 0.039272 0.990074 -7.83951 0 0 0 1 
0.988864 -0.0529554 -0.139084 -0.323463 0.0466116 0.997736 -0.0484813 -2.85608 0.141337 0.0414585 0.989093 -8.24009 0 0 0 1 
0.987834 -0.0556891 -0.145201 -0.291797 0.0486845 0.997493 -0.0513585 -2.99471 0.147697 0.0436646 0.988068 -8.64149 0 0 0 1 
0.986763 -0.05844 -0.151276 -0.256276 0.0507382 0.997236 -0.0542844 -3.13315 0.15403 0.0458903 0.987 -9.04371 0 0 0 1 
0.98565 -0.061208 -0.157311 -0.216944 0.052772 0.996964 -0.0572587 -3.27133 0.160338 0.0481354 0.985888 -9.44677 0 0 0 1 
0.984498 -0.0639928 -0.163305 -0.17384 0.0547852 0.996677 -0.0602811 -3.40921 0.16662 0.0503999 0.984732 -9.85066 0 0 0 1 
0.983305 -0.0667942 -0.16926 -0.127006 0.0567771 0.996375 -0.0633513 -3.54673 0.172878 0.0526835 0.983533 -10.2554 0 0 0 1 
0.982073 -0.0696122 -0.175176 -0.0764784 0.0587472 0.996058 -0.066469 -3.68385 0.179112 0.0549863 0.982291 -10.661 0 0 0 1 
0.980801 -0.0724465 -0.181053 -0.0222942 0.0606946 0.995725 -0.0696339 -3.82051 0.185323 0.0573081 0.981005 -11.0674 0 0 0 1 
0.979491 -0.075297 -0.186891 0.0355118 0.0626189 0.995375 -0.0728458 -3.95666 0.191512 0.0596489 0.979676 -11.4748 0 0 0 1 
0.978141 -0.0781636 -0.192692 0.0969062 0.0645192 0.99501 -0.0761044 -4.09226 0.197679 0.0620086 0.978304 -11.883 0 0 0 1 
0.976753 -0.081046 -0.198455 0.161857 0.066395 0.994628 -0.0794095 -4.22725 0.203825 0.0643871 0.976888 -12.292 0 0 0 1 
0.975327 -0.0839442 -0.204181 0.230333 0.0682455 0.99423 -0.0827607 -4.36159 0.20995 0.0667844 0.975429 -12.702 0 0 0 1 
0.973864 -0.0868581 -0.20987 0.302305 0.0700702 0.993814 -0.086158 -4.49522 0.216055 0.0692005 0.973926 -13.113 0 0 0 1 
0.972362 -0.0897875 -0.215523 0.377744 0.0718685 0.993381 -0.0896009 -4.62811 0.222141 0.0716352 0.972379 -13.5248 0 0 0 1 
0.970823 -0.0927323 -0.22114 0.456625 0.0736395 0.992931 -0.0930894 -4.76019 0.228209 0.0740887 0.970789 -13.9376 0 0 0 1 
0.969247 -0.0956924 -0.226721 0.538921 0.0753828 0.992462 -0.0966232 -4.89142 0.234258 0.0765609 0.969155 -14.3513 0 0 0 1 
0.967635 -0.0986678 -0.232267 0.624608 0.0770977 0.991976 -0.100202 -5.02176 0.24029 0.0790517 0.967477 -14.766 0 0 0 1 
0.965985 -0.101658 -0.237778 0.713662 0.0787834 0.99147 -0.103826 -5.15114 0.246305 0.0815611 0.965754 -15.1817 0 0 0 1 
0.964299 -0.104664 -0.243255 0.806061 0.0804394 0.990946 -0.107494 -5.27954 0.252303 0.0840892 0.963988 -15.5983 0 0 0 1 
0.962577 -0.107684 -0.248697 0.901784 0.082065 0.990403 -0.111207 -5.40689 0.258286 0.086636 0.962176 -16.016 0 0 0 1 
0.960818 -0.11072 -0.254106 1.00081 0.0836596 0.989841 -0.114964 -5.53314 0.264253 0.0892014 0.96032 -16.4347 0 0 0 1 
0.959024 -0.11377 -0.25948 1.10312 0.0852225 0.989258 -0.118766 -5.65826 0.270205 0.0917855 0.958418 -16.8544 0 0 0 1 
0.957193 -0.116835 -0.264821 1.2087 0.086753 0.988656 -0.122611 -5.78219 0.276142 0.0943883 0.956471 -17.2752 0 0 0 1 
0.955328 -0.119914 -0.270129 1.31753 0.0882505 0.988033 -0.1265 -5.90487 0.282066 0.0970098 0.954478 -17.697 0 0 0 1 
0.953426 -0.123009 -0.275405 1.42959 0.0897142 0.98739 -0.130433 -6.02627 0.287976 0.0996501 0.952439 -18.1199 0 0 0 1 
0.951489 -0.126118 -0.280647 1.54487 0.0911436 0.986725 -0.134409 -6.14633 0.293873 0.102309 0.950353 -18.544 0 0 0 1 
0.949517 -0.129241 -0.285857 1.66336 0.0925379 0.98604 -0.138428 -6.26501 0.299757 0.104987 0.948221 -18.9691 0 0 0 1 
0.947509 -0.132379 -0.291035 1.78503 0.0938964 0.985332 -0.142491 -6.38224 0.305629 0.107684 0.946042 -19.3954 0 0 0 1 
0.945467 -0.135532 -0.296182 1.90989 0.0952185 0.984603 -0.146596 -6.49798 0.31149 0.1104 0.943815 -19.8228 0 0 0 1 
0.943389 -0.138699 -0.301296 2.03791 0.0965034 0.983851 -0.150745 -6.61219 0.317339 0.113135 0.94154 -20.2514 0 0 0 1 
0.941277 -0.14188 -0.306379 2.16909 0.0977505 0.983077 -0.154936 -6.7248 0.323176 0.115889 0.939216 -20.6811 0 0 0 1 
0.939129 -0.145076 -0.311431 2.30342 0.0989589 0.982279 -0.159169 -6.83577 0.329004 0.118662 0.936844 -21.1121 0 0 0 1 
0.936947 -0.148287 -0.316452 2.44088 0.100128 0.981458 -0.163446 -6.94504 0.334821 0.121454 0.934422 -21.5443 0 0 0 1 
0.93473 -0.151512 -0.321441 2.58148 0.101257 0.980613 -0.167764 -7.05256 0.340628 0.124266 0.93195 -21.9777 0 0 0 1 
0.932478 -0.154751 -0.326401 2.7252 0.102345 0.979744 -0.172125 -7.15828 0.346426 0.127097 0.929428 -22.4124 0 0 0 1 
0.930191 -0.158005 -0.331329 2.87204 0.103392 0.97885 -0.176527 -7.26214 0.352214 0.129947 0.926854 -22.8483 0 0 0 1 
0.92787 -0.161273 -0.336228 3.02199 0.104396 0.977932 -0.180972 -7.36409 0.357994 0.132818 0.924229 -23.2856 0 0 0 1 
0.925513 -0.164556 -0.341096 3.17505 0.105357 0.976988 -0.185459 -7.46407 0.363765 0.135707 0.921552 -23.7241 0 0 0 1 
0.923122 -0.167853 -0.345934 3.33122 0.106274 0.976018 -0.189987 -7.56203 0.369528 0.138617 0.918822 -24.164 0 0 0 1 
0.920697 -0.171164 -0.350742 3.49049 0.107147 0.975022 -0.194557 -7.6579 0.375283 0.141547 0.916039 -24.6052 0 0 0 1 
0.918343 -0.17429 -0.355343 3.64076 0.107858 0.974045 -0.199007 -7.74627 0.380805 0.14443 0.913306 -25.0316 0 0 0 1 
0.916174 -0.177032 -0.359563 3.76973 0.108302 0.973135 -0.203171 -7.82212 0.385871 0.147198 0.910734 -25.4271 0 0 0 1 
0.91418 -0.179411 -0.363438 3.87812 0.108497 0.972293 -0.207064 -7.88647 0.390517 0.149862 0.908316 -25.7939 0 0 0 1 
0.912379 -0.181414 -0.366951 3.96482 0.10845 0.971526 -0.210657 -7.93933 0.394719 0.152403 0.906074 -26.13 0 0 0 1 
0.910755 -0.18307 -0.370149 4.03113 0.108179 0.970829 -0.21398 -7.98188 0.398524 0.154841 0.903993 -26.4387 0 0 0 1 
0.909317 -0.184375 -0.373026 4.07656 0.107695 0.970209 -0.217019 -8.01431 0.401926 0.157166 0.902083 -26.7193 0 0 0 1 
0.908059 -0.185342 -0.375601 4.10161 0.107007 0.969662 -0.219783 -8.03725 0.404942 0.159384 0.900344 -26.9728 0 0 0 1 
0.906976 -0.185985 -0.377894 4.10677 0.106128 0.969189 -0.222282 -8.05127 0.407592 0.161499 0.89877 -27.2007 0 0 0 1 
0.906068 -0.186307 -0.379909 4.09222 0.105066 0.96879 -0.224516 -8.05669 0.409881 0.163512 0.897364 -27.403 0 0 0 1 
0.905327 -0.186323 -0.381664 4.05861 0.10383 0.968462 -0.226498 -8.05405 0.411828 0.165426 0.89612 -27.5811 0 0 0 1 
0.904745 -0.186045 -0.383175 4.00661 0.10243 0.968202 -0.22824 -8.04379 0.413454 0.16725 0.895033 -27.7364 0 0 0 1 
0.904328 -0.185472 -0.384437 3.93609 0.100872 0.968012 -0.229733 -8.02599 0.414748 0.168975 0.894109 -27.8678 0 0 0 1 
0.904059 -0.184623 -0.385475 3.84818 0.0991626 0.967887 -0.231003 -8.00124 0.415744 0.170616 0.893335 -27.978 0 0 0 1 
0.903944 -0.183498 -0.386283 3.74285 0.0973082 0.967826 -0.232041 -7.96957 0.416434 0.172163 0.892716 -28.0659 0 0 0 1 
0.903965 -0.182118 -0.386886 3.62132 0.0953165 0.967825 -0.232874 -7.93151 0.416848 0.173633 0.892238 -28.1341 0 0 0 1 
0.904112 -0.180498 -0.387301 3.48448 0.0931933 0.967876 -0.233519 -7.88743 0.417009 0.175034 0.89189 -28.184 0 0 0 1 
0.904389 -0.178633 -0.387518 3.33222 0.0909418 0.967982 -0.233968 -7.83726 0.416904 0.176357 0.891678 -28.2147 0 0 0 1 
0.904786 -0.176539 -0.387552 3.16545 0.0885676 0.968137 -0.234237 -7.78133 0.416555 0.17761 0.891592 -28.2275 0 0 0 1 
0.905291 -0.174229 -0.387417 2.9851 0.0860764 0.968336 -0.234343 -7.71993 0.415979 0.178801 0.891623 -28.2239 0 0 0 1 
0.905901 -0.17171 -0.387116 2.79156 0.0834716 0.968577 -0.23429 -7.65316 0.415181 0.17993 0.891768 -28.204 0 0 0 1 
0.906598 -0.169005 -0.386674 2.58629 0.0807602 0.968851 -0.234107 -7.58153 0.414194 0.181013 0.892007 -28.1706 0 0 0 1 
0.907392 -0.1661 -0.38607 2.36875 0.0779422 0.969162 -0.233775 -7.5047 0.412994 0.182035 0.892356 -28.1214 0 0 0 1 
0.908258 -0.16303 -0.385342 2.14084 0.0750258 0.969498 -0.233336 -7.42336 0.411628 0.183018 0.892786 -28.0601 0 0 0 1 
0.909199 -0.159789 -0.38448 1.90255 0.0720124 0.969859 -0.232781 -7.33738 0.410087 0.183957 0.893302 -27.9861 0 0 0 1 
0.910204 -0.156394 -0.383497 1.6548 0.0689071 0.970242 -0.232127 -7.24705 0.408388 0.184858 0.893894 -27.9005 0 0 0 1 
0.911262 -0.152857 -0.382409 1.39849 0.0657141 0.970639 -0.231392 -7.15263 0.406551 0.185729 0.894551 -27.8048 0 0 0 1 
0.912363 -0.149194 -0.381227 1.13454 0.0624386 0.971046 -0.23059 -7.05441 0.404592 0.186579 0.895262 -27.7003 0 0 0 1 
0.913517 -0.145392 -0.379932 0.862523 0.0590813 0.971466 -0.229703 -6.95208 0.402488 0.187391 0.89604 -27.5851 0 0 0 1 
0.914693 -0.141492 -0.378572 0.584649 0.0556511 0.971886 -0.228782 -6.84652 0.4003 0.188197 0.896851 -27.4639 0 0 0 1 
0.915901 -0.137483 -0.377126 0.300532 0.0521498 0.972309 -0.227806 -6.73745 0.398002 0.188981 0.897708 -27.3346 0 0 0 1 
0.917125 -0.133386 -0.375619 0.011403 0.0485828 0.972728 -0.226803 -6.62534 0.395628 0.189758 0.898594 -27.1999 0 0 0 1 
0.918368 -0.129199 -0.374042 -0.282685 0.0449534 0.973144 -0.225765 -6.51011 0.393166 0.190521 0.899512 -27.0587 0 0 0 1 
0.919615 -0.124945 -0.37242 -0.580471 0.0412686 0.97355 -0.224716 -6.39228 0.390647 0.191283 0.900448 -26.9135 0 0 0 1 
0.920857 -0.120637 -0.370769 -0.881106 0.037534 0.973942 -0.223671 -6.27218 0.388091 0.192052 0.901389 -26.7657 0 0 0 1 
0.922097 -0.116273 -0.369078 -1.18467 0.0337519 0.974321 -0.222621 -6.14973 0.385485 0.192821 0.902342 -26.6144 0 0 0 1 
0.923327 -0.111866 -0.367361 -1.49033 0.0299287 0.974683 -0.221579 -6.02525 0.382847 0.193595 0.903299 -26.4609 0 0 0 1 
0.924539 -0.10743 -0.365632 -1.79726 0.0260708 0.975025 -0.220558 -5.89911 0.380195 0.194382 0.90425 -26.3064 0 0 0 1 
0.925731 -0.10297 -0.363894 -2.10514 0.0221826 0.975347 -0.219559 -5.77144 0.377531 0.19518 0.905194 -26.1512 0 0 0 1 
0.926897 -0.0985006 -0.362159 -2.41313 0.0182719 0.975645 -0.218593 -5.64263 0.374871 0.195996 0.906122 -25.9964 0 0 0 1 
0.928028 -0.0940353 -0.360446 -2.72055 0.0143437 0.975916 -0.217673 -5.51304 0.372234 0.196837 0.907027 -25.8437 0 0 0 1 
0.929125 -0.0895794 -0.358752 -3.02701 0.0104047 0.976161 -0.216798 -5.38283 0.36962 0.197699 0.907907 -25.6929 0 0 0 1 
0.930185 -0.0851375 -0.357082 -3.33221 0.00645917 0.976379 -0.215968 -5.25217 0.367034 0.198584 0.908763 -25.5442 0 0 0 1 
0.931203 -0.0807235 -0.355449 -3.63541 0.00251469 0.976568 -0.215194 -5.12144 0.364491 0.199495 0.909587 -25.399 0 0 0 1 
0.932174 -0.0763508 -0.353868 -3.93592 -0.0014218 0.976726 -0.214485 -4.99104 0.362008 0.20044 0.91037 -25.2584 0 0 0 1 
0.933091 -0.0720333 -0.352353 -4.23304 -0.00534241 0.976852 -0.21385 -4.86138 0.359601 0.201424 0.911107 -25.1238 0 0 0 1 
0.933966 -0.0677578 -0.350879 -4.52724 -0.00924587 0.97695 -0.213268 -4.73217 0.357242 0.202429 0.911812 -24.9928 0 0 0 1 
0.934777 -0.0635647 -0.349501 -4.81668 -0.0131183 0.977012 -0.212778 -4.60452 0.354992 0.203485 0.912455 -24.8703 0 0 0 1 
0.935537 -0.0594414 -0.348193 -5.10179 -0.0169577 0.977045 -0.212358 -4.47816 0.352823 0.204573 0.913053 -24.754 0 0 0 1 
0.936234 -0.0554094 -0.346981 -5.38159 -0.0207551 0.977044 -0.212026 -4.35371 0.350764 0.205707 0.913591 -24.6463 0 0 0 1 
0.936875 -0.0514651 -0.345855 -5.65613 -0.0245064 0.977012 -0.211769 -4.23114 0.348804 0.206877 0.914078 -24.546 0 0 0 1 
0.937452 -0.0476306 -0.344841 -5.92437 -0.0282017 0.976948 -0.211606 -4.1111 0.346971 0.208095 0.914499 -24.4557 0 0 0 1 
0.93796 -0.0439194 -0.343952 -6.18564 -0.0318326 0.97685 -0.211543 -3.994 0.34528 0.209367 0.914848 -24.3764 0 0 0 1 
0.938405 -0.0403268 -0.343176 -6.44009 -0.0353969 0.976722 -0.211567 -3.87978 0.34372 0.210683 0.915134 -24.307 0 0 0 1 
0.938784 -0.0368663 -0.342527 -6.68703 -0.0388864 0.976564 -0.211686 -3.76886 0.342303 0.212047 0.915349 -24.2488 0 0 0 1 
0.939094 -0.0335514 -0.342017 -6.92579 -0.0422928 0.976374 -0.211906 -3.66166 0.341047 0.213465 0.915489 -24.2029 0 0 0 1 
0.939337 -0.030386 -0.341647 -7.15612 -0.0456113 0.976156 -0.212225 -3.55833 0.339949 0.214933 0.915554 -24.1694 0 0 0 1 
0.939509 -0.0273843 -0.341428 -7.37727 -0.048833 0.975908 -0.212647 -3.45932 0.339025 0.216457 0.915537 -24.1493 0 0 0 1 
0.939606 -0.0245589 -0.341375 -7.58867 -0.051952 0.97563 -0.213181 -3.365 0.338292 0.218041 0.915432 -24.1441 0 0 0 1 
0.939631 -0.0219144 -0.341486 -7.78995 -0.0549617 0.975325 -0.213823 -3.27555 0.337746 0.219683 0.915242 -24.1535 0 0 0 1 
0.939586 -0.0194549 -0.341761 -7.98085 -0.0578582 0.974994 -0.214569 -3.1911 0.337389 0.221379 0.914964 -24.1775 0 0 0 1 
0.939479 -0.0170764 -0.34218 -8.16879 -0.0607434 0.974632 -0.215414 -3.1082 0.337178 0.223163 0.914609 -24.2143 0 0 0 1 
0.939331 -0.0146572 -0.342699 -8.36189 -0.0637243 0.974237 -0.216335 -3.02284 0.337041 0.225049 0.914197 -24.2592 0 0 0 1 
0.93914 -0.0122021 -0.343319 -8.55982 -0.0667965 0.97381 -0.217331 -2.93509 0.336979 0.227037 0.913728 -24.3124 0 0 0 1 
0.93891 -0.00970745 -0.344025 -8.76251 -0.0699561 0.973351 -0.218389 -2.84484 0.336977 0.229115 0.91321 -24.3725 0 0 0 1 
0.938632 -0.00719571 -0.344844 -8.96888 -0.0731943 0.972857 -0.219528 -2.75262 0.337064 0.231297 0.912628 -24.4421 0 0 0 1 
0.938315 -0.00465425 -0.34575 -9.17926 -0.0765102 0.97233 -0.220726 -2.65807 0.33721 0.233564 0.911996 -24.5188 0 0 0 1 
0.937953 -0.00209684 -0.346755 -9.3929 -0.0798966 0.97177 -0.221992 -2.56149 0.337432 0.235923 0.911307 -24.6036 0 0 0 1 
0.937552 0.000480891 -0.347845 -9.60978 -0.0833505 0.971177 -0.223313 -2.46276 0.337711 0.238361 0.910569 -24.6952 0 0 0 1 
0.937106 0.00306428 -0.349033 -9.82911 -0.0868643 0.970549 -0.224698 -2.3622 0.338065 0.240884 0.909773 -24.7951 0 0 0 1 
0.936624 0.00566784 -0.35029 -10.0513 -0.0904383 0.969891 -0.226125 -2.25943 0.338462 0.243474 0.908936 -24.9005 0 0 0 1 
0.936098 0.00826787 -0.351643 -10.2752 -0.0940622 0.969198 -0.227612 -2.15502 0.33893 0.246143 0.908042 -25.0139 0 0 0 1 
0.935531 0.0108693 -0.353078 -10.5009 -0.0977341 0.968473 -0.229146 -2.0488 0.339456 0.248881 0.907098 -25.1341 0 0 0 1 
0.934924 0.0134668 -0.354593 -10.7278 -0.101448 0.967716 -0.230726 -1.94092 0.340038 0.251684 0.906107 -25.2608 0 0 0 1 
0.934282 0.0160664 -0.356172 -10.9561 -0.105202 0.966928 -0.232341 -1.83121 0.34066 0.254542 0.905074 -25.3928 0 0 0 1 
0.933596 0.0186436 -0.357841 -11.1845 -0.108986 0.966107 -0.234006 -1.72026 0.34135 0.257466 0.903986 -25.5326 0 0 0 1 
0.932882 0.0212232 -0.359557 -11.4139 -0.112801 0.965259 -0.235691 -1.60749 0.342064 0.26043 0.902867 -25.6761 0 0 0 1 
0.932129 0.0237817 -0.361346 -11.6432 -0.116639 0.964381 -0.237412 -1.49348 0.342829 0.263445 0.901701 -25.8258 0 0 0 1 
0.931338 0.0263144 -0.363204 -11.8718 -0.120493 0.963473 -0.239168 -1.37834 0.343644 0.26651 0.90049 -25.9815 0 0 0 1 
0.930515 0.0288275 -0.365117 -12.1 -0.124362 0.962538 -0.240946 -1.26196 0.344493 0.269611 0.899241 -26.1418 0 0 0 1 
0.929662 0.0313168 -0.36708 -12.3272 -0.12824 0.961577 -0.242744 -1.14449 0.345374 0.272744 0.897958 -26.3064 0 0 0 1 
0.928779 0.0337787 -0.369092 -12.5533 -0.132122 0.960591 -0.244559 -1.02603 0.346285 0.275907 0.896639 -26.4753 0 0 0 1 
0.927872 0.0362186 -0.371135 -12.7782 -0.136005 0.959583 -0.24638 -0.906574 0.347211 0.279086 0.895297 -26.6468 0 0 0 1 
0.926934 0.0386144 -0.373233 -13.0008 -0.139879 0.958551 -0.248223 -0.786627 0.348177 0.282294 0.893914 -26.8233 0 0 0 1 
0.925975 0.0409812 -0.375355 -13.2215 -0.143744 0.957499 -0.250066 -0.665967 0.349154 0.28551 0.892511 -27.002 0 0 0 1 
0.924991 0.0433063 -0.377512 -13.4396 -0.147592 0.956428 -0.251916 -0.544945 0.350154 0.288738 0.89108 -27.1838 0 0 0 1 
0.923991 0.0455964 -0.379685 -13.6553 -0.151419 0.955342 -0.253761 -0.423546 0.351159 0.291964 0.889632 -27.3672 0 0 0 1 
0.922976 0.0478479 -0.381871 -13.8681 -0.15522 0.954241 -0.255598 -0.301954 0.352167 0.295185 0.888169 -27.5518 0 0 0 1 
0.921943 0.0500485 -0.384078 -14.0775 -0.158988 0.953127 -0.257435 -0.180535 0.353191 0.298404 0.886685 -27.7387 0 0 0 1 
0.920899 0.0522051 -0.386289 -14.2834 -0.162719 0.952002 -0.259258 -0.0593035 0.354213 0.301607 0.885193 -27.9261 0 0 0 1 
0.919847 0.0543153 -0.388499 -14.4856 -0.166408 0.95087 -0.261065 0.0615596 0.355232 0.304789 0.883693 -28.1138 0 0 0 1 
0.918789 0.0563759 -0.390702 -14.6838 -0.170049 0.949732 -0.262854 0.181798 0.356244 0.307946 0.88219 -28.3011 0 0 0 1 
0.917734 0.0583954 -0.39288 -14.8783 -0.173639 0.948594 -0.264612 0.30141 0.357232 0.311062 0.880696 -28.4865 0 0 0 1 
0.916673 0.0603506 -0.395056 -15.0677 -0.177167 0.947453 -0.266355 0.419777 0.358222 0.314151 0.879196 -28.6722 0 0 0 1 
0.915625 0.06227 -0.397182 -15.2533 -0.180634 0.946319 -0.268053 0.537194 0.359169 0.31718 0.877721 -28.8536 0 0 0 1 
0.914583 0.0641313 -0.39928 -15.4338 -0.184029 0.94519 -0.26972 0.653047 0.360098 0.320161 0.876257 -29.033 0 0 0 1 
0.913551 0.0659321 -0.401345 -15.6089 -0.187348 0.944069 -0.271356 0.767076 0.361006 0.323088 0.874808 -29.21 0 0 0 1 
0.912537 0.0676811 -0.403356 -15.779 -0.190585 0.942962 -0.272946 0.879192 0.361876 0.325947 0.873386 -29.3826 0 0 0 1 
0.911544 0.0693765 -0.405308 -15.9438 -0.193734 0.941872 -0.27449 0.989098 0.362705 0.328731 0.871998 -29.5504 0 0 0 1 
0.910576 0.0710168 -0.407196 -16.103 -0.19679 0.940801 -0.275983 1.09653 0.363491 0.331435 0.870646 -29.7128 0 0 0 1 
0.909642 0.0726101 -0.408997 -16.2568 -0.199746 0.939757 -0.277414 1.2013 0.364215 0.334043 0.869346 -29.8678 0 0 0 1 
0.908736 0.074135 -0.410736 -16.4043 -0.202596 0.938736 -0.278799 1.30285 0.364904 0.336568 0.868082 -30.0178 0 0 0 1 
0.907871 0.07561 -0.412375 -16.5459 -0.205334 0.937749 -0.280117 1.40112 0.365525 0.338984 0.86688 -30.1594 0 0 0 1 
0.907047 0.0770236 -0.413925 -16.681 -0.207953 0.936795 -0.281373 1.49567 0.36609 0.341295 0.865734 -30.2934 0 0 0 1 
0.906273 0.0783846 -0.415362 -16.81 -0.210447 0.935881 -0.282557 1.5863 0.366582 0.343485 0.864659 -30.4178 0 0 0 1 
0.905554 0.0796891 -0.416679 -16.9323 -0.212805 0.935013 -0.283663 1.67252 0.366995 0.345544 0.863663 -30.5318 0 0 0 1 
0.904885 0.0809316 -0.417891 -17.0478 -0.215033 0.934187 -0.284704 1.75431 0.367346 0.347485 0.862735 -30.637 0 0 0 1 
0.904279 0.0821166 -0.418971 -17.1564 -0.217116 0.933412 -0.285663 1.83116 0.367615 0.349284 0.861893 -30.7308 0 0 0 1 
0.90374 0.0832408 -0.419911 -17.2577 -0.219044 0.932693 -0.286538 1.90261 0.367796 0.350934 0.861145 -30.8126 0 0 0 1 
0.903271 0.0843057 -0.420707 -17.3518 -0.220816 0.932032 -0.287327 1.96854 0.367889 0.352433 0.860493 -30.882 0 0 0 1 
0.902881 0.0853182 -0.421338 -17.4387 -0.222423 0.931436 -0.288019 2.02863 0.367876 0.353763 0.859953 -30.9369 0 0 0 1 
0.902566 0.0862543 -0.421823 -17.517 -0.223855 0.930904 -0.288627 2.0822 0.367782 0.354933 0.859511 -30.9795 0 0 0 1 
0.902339 0.0871502 -0.422124 -17.5888 -0.225122 0.930443 -0.289129 2.12984 0.367565 0.355921 0.859195 -31.0058 0 0 0 1 
0.902202 0.087973 -0.422248 -17.6516 -0.226195 0.930058 -0.28953 2.17019 0.367244 0.356725 0.858999 -31.017 0 0 0 1 
0.902151 0.088727 -0.422198 -17.7059 -0.227081 0.929747 -0.289835 2.20352 0.366822 0.357348 0.85892 -31.0134 0 0 0 1 
0.902197 0.0894188 -0.421954 -17.7518 -0.227773 0.929517 -0.290031 2.22954 0.366279 0.357775 0.858974 -30.9929 0 0 0 1 
0.902347 0.0900396 -0.4215 -17.7884 -0.228252 0.929374 -0.290111 2.24748 0.36561 0.357989 0.85917 -30.9544 0 0 0 1 
0.902599 0.0905931 -0.420842 -17.8159 -0.228525 0.929317 -0.290078 2.25766 0.364816 0.357998 0.859504 -30.8983 0 0 0 1 
0.902962 0.0910849 -0.419957 -17.8343 -0.228586 0.929352 -0.289921 2.25981 0.36388 0.357784 0.85999 -30.8228 0 0 0 1 
0.903424 0.091493 -0.418873 -17.8426 -0.22843 0.929472 -0.289656 2.25369 0.36283 0.357366 0.860607 -30.7305 0 0 0 1 
0.904006 0.0918238 -0.417542 -17.8402 -0.228035 0.929694 -0.289256 2.23851 0.361626 0.356703 0.861388 -30.6172 0 0 0 1 
0.904635 0.092011 -0.416136 -17.8259 -0.227451 0.92997 -0.28883 2.21548 0.360418 0.355936 0.862211 -30.4996 0 0 0 1 
0.905253 0.0920194 -0.414789 -17.7997 -0.226735 0.930259 -0.288461 2.18616 0.359317 0.355177 0.862984 -30.3903 0 0 0 1 
0.905862 0.0918428 -0.413497 -17.7612 -0.225877 0.930565 -0.288147 2.15022 0.358321 0.354421 0.863708 -30.2892 0 0 0 1 
0.906456 0.0914837 -0.412271 -17.7107 -0.224887 0.930883 -0.287893 2.10801 0.357439 0.353677 0.864378 -30.1972 0 0 0 1 
0.907043 0.0909652 -0.411094 -17.6496 -0.223776 0.931215 -0.287686 2.06013 0.356647 0.352937 0.865008 -30.1122 0 0 0 1 
0.907624 0.0902812 -0.409962 -17.5774 -0.222533 0.931563 -0.287524 2.00628 0.355947 0.352194 0.865599 -30.034 0 0 0 1 
0.908189 0.0894388 -0.408892 -17.495 -0.221178 0.931919 -0.287415 1.94716 0.355348 0.351465 0.866141 -29.9641 0 0 0 1 
0.908753 0.0884522 -0.407853 -17.4026 -0.219703 0.932291 -0.287339 1.88271 0.354823 0.350726 0.866656 -29.8993 0 0 0 1 
0.909306 0.0873288 -0.406862 -17.3012 -0.218125 0.932672 -0.287304 1.81364 0.354379 0.349994 0.867133 -29.841 0 0 0 1 
0.909849 0.0860625 -0.405916 -17.1903 -0.216437 0.933064 -0.287309 1.73964 0.354019 0.349263 0.867574 -29.789 0 0 0 1 
0.910386 0.0846812 -0.405002 -17.0716 -0.214658 0.933464 -0.287344 1.6617 0.353722 0.348531 0.86799 -29.7417 0 0 0 1 
0.910917 0.083179 -0.404118 -16.9446 -0.21278 0.933875 -0.287407 1.5795 0.353489 0.347792 0.868381 -29.6989 0 0 0 1 
0.911438 0.0815589 -0.403272 -16.8098 -0.210812 0.934292 -0.287503 1.49343 0.353326 0.347056 0.868742 -29.6614 0 0 0 1 
0.911955 0.0798447 -0.402447 -16.6685 -0.208764 0.934716 -0.287618 1.40412 0.353209 0.346311 0.869087 -29.6272 0 0 0 1 
0.912468 0.0780305 -0.401638 -16.52 -0.206628 0.935149 -0.28775 1.31127 0.353138 0.345553 0.869417 -29.5958 0 0 0 1 
0.912971 0.0761246 -0.400861 -16.3655 -0.204423 0.935586 -0.287908 1.21561 0.353123 0.344797 0.869724 -29.5687 0 0 0 1 
0.913474 0.0741414 -0.400085 -16.2052 -0.202142 0.936031 -0.288071 1.11709 0.353134 0.344019 0.870027 -29.5427 0 0 0 1 
0.913972 0.0720897 -0.399323 -16.04 -0.199802 0.936479 -0.288246 1.01644 0.353178 0.343234 0.870319 -29.5189 0 0 0 1 
0.914464 0.0699636 -0.398573 -15.8695 -0.197397 0.936932 -0.288432 0.913354 0.353256 0.342438 0.870601 -29.4972 0 0 0 1 
0.914955 0.0677927 -0.39782 -15.6955 -0.194945 0.937388 -0.288618 0.808809 0.353346 0.341625 0.870884 -29.4758 0 0 0 1 
0.915447 0.0655712 -0.397061 -15.5175 -0.192439 0.937849 -0.288801 0.702511 0.353446 0.340792 0.87117 -29.4544 0 0 0 1 
0.915934 0.0633037 -0.396304 -15.336 -0.189888 0.938312 -0.288985 0.594842 0.353563 0.339945 0.871453 -29.4337 0 0 0 1 
0.916425 0.0610149 -0.395528 -15.1524 -0.187303 0.938779 -0.289157 0.486431 0.353671 0.339075 0.871749 -29.4115 0 0 0 1 
0.91692 0.0586993 -0.394729 -14.9661 -0.184677 0.939251 -0.289313 0.376987 0.353767 0.338174 0.872059 -29.3874 0 0 0 1 
0.917415 0.0563657 -0.39392 -14.7782 -0.182024 0.939724 -0.289459 0.267123 0.35386 0.337257 0.872376 -29.3625 0 0 0 1 
0.917918 0.054035 -0.393073 -14.5894 -0.179351 0.940201 -0.289579 0.157201 0.35392 0.336308 0.872719 -29.334 0 0 0 1 
0.918429 0.0517083 -0.392192 -14.4001 -0.176658 0.940682 -0.289672 0.0473289 0.35395 0.335327 0.873084 -29.3023 0 0 0 1 
0.918944 0.049389 -0.391282 -14.2105 -0.173954 0.941164 -0.289741 -0.0622468 0.353951 0.334321 0.873469 -29.2677 0 0 0 1 
0.919475 0.0470995 -0.390318 -14.0217 -0.171243 0.941653 -0.289769 -0.1711 0.353896 0.333274 0.873891 -29.2277 0 0 0 1 
0.920017 0.0448428 -0.389303 -13.8341 -0.168532 0.942145 -0.289758 -0.279018 0.353787 0.332192 0.874347 -29.1827 0 0 0 1 
0.920571 0.0426216 -0.388242 -13.648 -0.165825 0.942641 -0.289708 -0.385823 0.353625 0.331077 0.874836 -29.1327 0 0 0 1 
0.921146 0.0404587 -0.387108 -13.4644 -0.163129 0.943143 -0.289602 -0.491084 0.353381 0.329914 0.875373 -29.0755 0 0 0 1 
0.921741 0.0383575 -0.385905 -13.2837 -0.16045 0.943652 -0.289442 -0.594583 0.353058 0.328709 0.875957 -29.0112 0 0 0 1 
0.922353 0.0363211 -0.384636 -13.1063 -0.157793 0.944165 -0.289228 -0.696139 0.352655 0.327464 0.876585 -28.94 0 0 0 1 
0.922993 0.0343736 -0.383277 -12.9333 -0.155167 0.944687 -0.288944 -0.795245 0.352145 0.326166 0.877274 -28.8596 0 0 0 1 
0.923661 0.0325172 -0.381829 -12.765 -0.152575 0.945218 -0.28859 -0.89178 0.351528 0.324817 0.878022 -28.7701 0 0 0 1 
0.924353 0.0307564 -0.380296 -12.6018 -0.150026 0.945755 -0.288167 -0.98548 0.350804 0.323422 0.878826 -28.6718 0 0 0 1 
0.925081 0.0291145 -0.378652 -12.4448 -0.147526 0.946303 -0.287658 -1.07589 0.349945 0.321968 0.879702 -28.5621 0 0 0 1 
0.925843 0.0275956 -0.3769 -12.2945 -0.145082 0.946861 -0.287063 -1.16278 0.34895 0.320457 0.880648 -28.4414 0 0 0 1 
0.926637 0.0262036 -0.375042 -12.1511 -0.142701 0.947429 -0.286384 -1.24594 0.347821 0.318893 0.881662 -28.3098 0 0 0 1 
0.927475 0.0249618 -0.373052 -12.0159 -0.140391 0.948009 -0.285603 -1.32489 0.346527 0.317262 0.882759 -28.1648 0 0 0 1 
0.928353 0.0238747 -0.370932 -11.8891 -0.138159 0.948602 -0.284721 -1.39938 0.345069 0.315569 0.883936 -28.0068 0 0 0 1 
0.929271 0.0229463 -0.368685 -11.7712 -0.136012 0.949206 -0.283741 -1.46916 0.343447 0.313817 0.885191 -27.8358 0 0 0 1 
0.930238 0.0222013 -0.366285 -11.6633 -0.133961 0.949825 -0.282644 -1.53368 0.341632 0.311994 0.886537 -27.6496 0 0 0 1 
0.931252 0.0216426 -0.363733 -11.5658 -0.132012 0.950457 -0.281432 -1.59274 0.339622 0.310101 0.887972 -27.4482 0 0 0 1 
0.932311 0.0212758 -0.361031 -11.479 -0.130174 0.951102 -0.280107 -1.64603 0.337418 0.308144 0.889492 -27.2319 0 0 0 1 
0.933424 0.0211241 -0.358154 -11.404 -0.128458 0.951762 -0.278654 -1.69298 0.334991 0.30611 0.89111 -26.9983 0 0 0 1 
0.934587 0.0211925 -0.355102 -11.3413 -0.126873 0.952436 -0.277073 -1.73329 0.33234 0.304002 0.892823 -26.7476 0 0 0 1 
0.935799 0.0214854 -0.351879 -11.291 -0.125427 0.953121 -0.275368 -1.76666 0.329467 0.301825 0.894625 -26.4801 0 0 0 1 
0.937067 0.022026 -0.348455 -11.2543 -0.124132 0.953822 -0.273524 -1.79249 0.326339 0.299564 0.896529 -26.1934 0 0 0 1 
0.938386 0.0228195 -0.344834 -11.2316 -0.122998 0.954534 -0.271543 -1.81041 0.322959 0.297226 0.898529 -25.8876 0 0 0 1 
0.939754 0.0238698 -0.341017 -11.223 -0.122034 0.955257 -0.26943 -1.82012 0.319327 0.294814 0.900619 -25.5632 0 0 0 1 
0.941176 0.0252017 -0.336976 -11.2297 -0.121256 0.95599 -0.267171 -1.82087 0.315413 0.292315 0.90281 -25.2176 0 0 0 1 
0.942647 0.0268179 -0.332713 -11.2518 -0.120671 0.956732 -0.26477 -1.81237 0.311217 0.289734 0.905096 -24.8512 0 0 0 1 
0.944161 0.0287239 -0.32823 -11.2895 -0.120292 0.957478 -0.262233 -1.79418 0.30674 0.287074 0.907468 -24.4643 0 0 0 1 
0.945723 0.0309426 -0.323498 -11.3439 -0.120134 0.958229 -0.259548 -1.76557 0.301954 0.284323 0.909936 -24.0544 0 0 0 1 
0.947325 0.0334783 -0.318518 -11.415 -0.120207 0.958981 -0.256721 -1.72612 0.296858 0.281487 0.912491 -23.6218 0 0 0 1 
0.948961 0.0363351 -0.313293 -11.503 -0.120525 0.959729 -0.25376 -1.67541 0.291456 0.278568 0.915125 -23.1669 0 0 0 1 
0.950632 0.0395353 -0.307793 -11.6088 -0.121101 0.960472 -0.250655 -1.61265 0.285716 0.275555 0.917843 -22.6873 0 0 0 1 
0.952328 0.043083 -0.302019 -11.7323 -0.121949 0.961205 -0.247415 -1.53736 0.279643 0.272451 0.920636 -22.1833 0 0 0 1 
0.954009 0.0468019 -0.296102 -11.8635 -0.122962 0.961915 -0.24413 -1.45458 0.273399 0.269312 0.923431 -21.6679 0 0 0 1 
0.95564 0.0505132 -0.290173 -11.9923 -0.124024 0.962597 -0.240886 -1.36966 0.267151 0.266188 0.926161 -21.1542 0 0 0 1 
0.957222 0.054217 -0.284231 -12.1188 -0.125134 0.963249 -0.237681 -1.28268 0.260899 0.263081 0.928827 -20.6422 0 0 0 1 
0.958754 0.0579134 -0.278275 -12.2429 -0.126291 0.963873 -0.234518 -1.1937 0.25464 0.259988 0.931431 -20.1317 0 0 0 1 
0.960236 0.0616025 -0.272307 -12.3647 -0.127494 0.96447 -0.231395 -1.10278 0.248377 0.256911 0.933973 -19.6228 0 0 0 1 
0.96167 0.0652843 -0.266325 -12.4841 -0.128742 0.965038 -0.228312 -1.00996 0.242109 0.253848 0.936453 -19.1153 0 0 0 1 
0.963054 0.0689588 -0.26033 -12.6012 -0.130034 0.96558 -0.225271 -0.915325 0.235835 0.2508 0.938872 -18.6093 0 0 0 1 
0.964389 0.0726262 -0.254322 -12.7159 -0.13137 0.966094 -0.222271 -0.818914 0.229556 0.247766 0.941231 -18.1047 0 0 0 1 
0.965675 0.0762866 -0.2483 -12.8283 -0.132749 0.966582 -0.219311 -0.720788 0.223271 0.244745 0.94353 -17.6015 0 0 0 1 
0.966912 0.0799398 -0.242264 -12.9383 -0.134169 0.967043 -0.216394 -0.621 0.216981 0.241738 0.945771 -17.0996 0 0 0 1 
0.968099 0.0835861 -0.236214 -13.046 -0.13563 0.967479 -0.213517 -0.519604 0.210685 0.238743 0.947952 -16.5989 0 0 0 1 
0.969238 0.0872255 -0.23015 -13.1513 -0.137132 0.967888 -0.210682 -0.416652 0.204383 0.235762 0.950076 -16.0995 0 0 0 1 
0.970328 0.090858 -0.224073 -13.2543 -0.138672 0.968273 -0.207889 -0.312195 0.198075 0.232793 0.952142 -15.6013 0 0 0 1 
0.971369 0.0944836 -0.217981 -13.355 -0.140251 0.968632 -0.205137 -0.206284 0.191761 0.229836 0.954151 -15.1042 0 0 0 1 
0.972361 0.0981025 -0.211874 -13.4533 -0.141868 0.968967 -0.202428 -0.0989686 0.18544 0.226891 0.956103 -14.6083 0 0 0 1 
0.973304 0.101715 -0.205753 -13.5493 -0.143522 0.969277 -0.19976 0.0097019 0.179113 0.223957 0.957999 -14.1134 0 0 0 1 
0.974197 0.10532 -0.199618 -13.643 -0.145213 0.969562 -0.197134 0.11968 0.17278 0.221035 0.959839 -13.6195 0 0 0 1 
0.975042 0.108919 -0.193467 -13.7343 -0.146939 0.969824 -0.194551 0.230917 0.166439 0.218123 0.961624 -13.1267 0 0 0 1 
0.975838 0.112511 -0.187302 -13.8232 -0.148699 0.970062 -0.19201 0.343367 0.160092 0.215223 0.963353 -12.6347 0 0 0 1 
0.976584 0.116096 -0.181122 -13.9099 -0.150494 0.970277 -0.189512 0.456983 0.153737 0.212332 0.965029 -12.1437 0 0 0 1 
0.977281 0.119675 -0.174927 -13.9941 -0.152323 0.970468 -0.187056 0.571721 0.147375 0.209452 0.966649 -11.6536 0 0 0 1 
0.977929 0.123248 -0.168716 -14.076 -0.154184 0.970636 -0.184643 0.687534 0.141005 0.206581 0.968216 -11.1643 0 0 0 1 
0.978527 0.126814 -0.16249 -14.1556 -0.156077 0.970781 -0.182272 0.804379 0.134628 0.203719 0.969729 -10.6758 0 0 0 1 
0.979076 0.130373 -0.156249 -14.2327 -0.158002 0.970904 -0.179945 0.922212 0.128243 0.200867 0.971188 -10.188 0 0 0 1 
0.979575 0.133926 -0.149992 -14.3076 -0.159958 0.971005 -0.17766 1.04099 0.121849 0.198024 0.972594 -9.70095 0 0 0 1 
0.980024 0.137473 -0.143718 -14.38 -0.161944 0.971083 -0.175419 1.16067 0.115447 0.195189 0.973947 -9.21458 0 0 0 1 
0.980423 0.141013 -0.13743 -14.45 -0.163959 0.97114 -0.173221 1.2812 0.109037 0.192362 0.975248 -8.72885 0 0 0 1 
0.980771 0.144547 -0.131124 -14.5177 -0.166003 0.971174 -0.171066 1.40256 0.102618 0.189544 0.976495 -8.24371 0 0 0 1 
0.98107 0.148074 -0.124803 -14.583 -0.168075 0.971187 -0.168955 1.52468 0.0961894 0.186733 0.97769 -7.75914 0 0 0 1 
0.981318 0.151595 -0.118465 -14.6458 -0.170175 0.971179 -0.166887 1.64755 0.0897519 0.183929 0.978833 -7.27509 0 0 0 1 
0.981515 0.15511 -0.112111 -14.7063 -0.172302 0.97115 -0.164862 1.7711 0.083305 0.181132 0.979924 -6.79152 0 0 0 1 
0.981662 0.158618 -0.10574 -14.7643 -0.174456 0.9711 -0.162882 1.89531 0.0768483 0.178342 0.980963 -6.30839 0 0 0 1 
0.981757 0.162119 -0.0993524 -14.8199 -0.176635 0.971029 -0.160945 2.02012 0.0703816 0.175558 0.98195 -5.82567 0 0 0 1 
0.981801 0.165615 -0.0929476 -14.873 -0.17884 0.970937 -0.159053 2.14551 0.0639048 0.172781 0.982885 -5.34332 0 0 0 1 
0.981793 0.169104 -0.0865257 -14.9237 -0.181069 0.970825 -0.157204 2.27143 0.0574175 0.170009 0.983768 -4.8613 0 0 0 1 
0.981733 0.172586 -0.0800865 -14.972 -0.183322 0.970692 -0.1554 2.39784 0.0509195 0.167243 0.9846 -4.37956 0 0 0 1 
0.981621 0.176063 -0.0736298 -15.0177 -0.185599 0.97054 -0.153639 2.5247 0.0444105 0.164481 0.98538 -3.89807 0 0 0 1 
0.981457 0.179532 -0.0671555 -15.061 -0.187899 0.970368 -0.151923 2.65197 0.0378904 0.161725 0.986108 -3.41679 0 0 0 1 
0.98124 0.182996 -0.0606635 -15.1018 -0.190221 0.970175 -0.150252 2.77962 0.0313587 0.158973 0.986785 -2.93568 0 0 0 1 
0.98097 0.186453 -0.0541535 -15.14 -0.192565 0.969964 -0.148625 2.9076 0.0248154 0.156225 0.98741 -2.4547 0 0 0 1 
0.980647 0.189903 -0.0476253 -15.1757 -0.194931 0.969732 -0.147043 3.03588 0.01826 0.153481 0.987983 -1.97381 0 0 0 1 
0.98027 0.193347 -0.0410789 -15.2089 -0.197316 0.969482 -0.145505 3.16442 0.0116923 0.15074 0.988504 -1.49297 0 0 0 1 
0.979839 0.196784 -0.034514 -15.2395 -0.199723 0.969212 -0.144012 3.29317 0.00511203 0.148002 0.988974 -1.01213 0 0 0 1 
0.979354 0.200215 -0.0279305 -15.2676 -0.202148 0.968923 -0.142565 3.4221 -0.00148107 0.145267 0.989391 -0.531265 0 0 0 1 
0.978814 0.203639 -0.0213282 -15.293 -0.204593 0.968615 -0.141162 3.55118 -0.00808729 0.142535 0.989757 -0.0503231 0 0 0 1 
0.978218 0.207057 -0.0147068 -15.3159 -0.207057 0.968288 -0.139804 3.68036 -0.0147069 0.139804 0.99007 0.430736 0 0 0 1 
0.977568 0.210468 -0.0080663 -15.3361 -0.209538 0.967943 -0.138492 3.8096 -0.0213403 0.137075 0.990331 0.911954 0 0 0 1 
0.976861 0.213872 -0.00140638 -15.3536 -0.212037 0.967579 -0.137224 3.93886 -0.0279876 0.134347 0.990539 1.39337 0 0 0 1 
0.976098 0.217269 0.00527312 -15.3685 -0.214553 0.967197 -0.136003 4.06812 -0.0346493 0.13162 0.990694 1.87504 0 0 0 1 
0.975277 0.220659 0.0119724 -15.3807 -0.217085 0.966797 -0.134826 4.19732 -0.0413255 0.128894 0.990797 2.35699 0 0 0 1 
0.9744 0.224043 0.0186917 -15.3901 -0.219634 0.966378 -0.133695 4.32644 -0.0480167 0.126167 0.990846 2.83928 0 0 0 1 
0.973465 0.227419 0.0254311 -15.3969 -0.222197 0.965941 -0.13261 4.45542 -0.054723 0.12344 0.990842 3.32195 0 0 0 1 
0.972471 0.230789 0.032191 -15.4009 -0.224776 0.965487 -0.13157 4.58424 -0.0614449 0.120713 0.990784 3.80504 0 0 0 1 
0.971419 0.234151 0.0389714 -15.402 -0.227369 0.965015 -0.130576 4.71285 -0.0681826 0.117983 0.990672 4.2886 0 0 0 1 
0.970307 0.237507 0.0457727 -15.4004 -0.229976 0.964524 -0.129628 4.84122 -0.0749365 0.115253 0.990506 4.77268 0 0 0 1 
0.969135 0.240854 0.0525951 -15.396 -0.232596 0.964017 -0.128726 4.96931 -0.0817069 0.11252 0.990284 5.25733 0 0 0 1 
0.967903 0.244195 0.0594388 -15.3887 -0.23523 0.963492 -0.12787 5.09707 -0.088494 0.109784 0.990008 5.74259 0 0 0 1 
0.966609 0.247528 0.066304 -15.3784 -0.237875 0.962949 -0.12706 5.22448 -0.0952983 0.107045 0.989677 6.22852 0 0 0 1 
0.965254 0.250854 0.073191 -15.3653 -0.240533 0.962389 -0.126296 5.35148 -0.10212 0.104303 0.989289 6.71516 0 0 0 1 
0.963836 0.254172 0.0801 -15.3492 -0.243202 0.961812 -0.125578 5.47804 -0.108959 0.101556 0.988845 7.20257 0 0 0 1 
0.962394 0.257413 0.086813 -15.3332 -0.245833 0.961229 -0.124923 5.60182 -0.115604 0.0988832 0.988361 7.67686 0 0 0 1 
0.960971 0.260509 0.0931104 -15.3205 -0.248374 0.96065 -0.124342 5.72053 -0.121839 0.0963626 0.987861 8.12413 0 0 0 1 
0.95957 0.263473 0.0990278 -15.3109 -0.250834 0.960078 -0.123824 5.83471 -0.127699 0.093978 0.987351 8.54689 0 0 0 1 
0.958209 0.266288 0.104528 -15.305 -0.253194 0.959517 -0.123365 5.94375 -0.133147 0.0917431 0.986841 8.94265 0 0 0 1 
0.956883 0.268975 0.109666 -15.3023 -0.25547 0.958967 -0.122953 6.04848 -0.138237 0.089635 0.986335 9.3151 0 0 0 1 
0.955605 0.271526 0.11442 -15.3033 -0.257651 0.958431 -0.122584 6.14861 -0.142949 0.0876612 0.98584 9.66293 0 0 0 1 
0.954378 0.273945 0.11881 -15.3077 -0.25974 0.957909 -0.122251 6.24436 -0.147299 0.0858138 0.985362 9.98733 0 0 0 1 
0.953205 0.276238 0.122853 -15.3156 -0.261738 0.957404 -0.121948 6.33598 -0.151307 0.0840856 0.984904 10.2894 0 0 0 1 
0.952091 0.278403 0.126549 -15.3268 -0.263642 0.956917 -0.121669 6.42341 -0.15497 0.0824764 0.98447 10.5692 0 0 0 1 
0.951037 0.280446 0.129915 -15.3413 -0.265457 0.956448 -0.121411 6.50693 -0.158306 0.0809799 0.984064 10.8276 0 0 0 1 
0.950045 0.282373 0.132969 -15.359 -0.267183 0.955998 -0.121169 6.58671 -0.161333 0.0795885 0.983686 11.0659 0 0 0 1 
0.949123 0.284172 0.135693 -15.3798 -0.268812 0.95557 -0.120939 6.66242 -0.164032 0.07831 0.983342 11.2828 0 0 0 1 
0.948265 0.285857 0.138124 -15.4034 -0.270353 0.955163 -0.120718 6.73454 -0.166439 0.0771303 0.98303 11.4805 0 0 0 1 
0.947482 0.287419 0.140243 -15.43 -0.271796 0.954781 -0.120503 6.80271 -0.168537 0.076057 0.982757 11.6576 0 0 0 1 
0.946766 0.288868 0.142088 -15.4589 -0.273151 0.954421 -0.120291 6.86739 -0.17036 0.0750759 0.982518 11.8167 0 0 0 1 
0.946115 0.290214 0.143675 -15.4902 -0.274423 0.954082 -0.120079 6.92885 -0.171927 0.0741808 0.982313 11.9587 0 0 0 1 
0.945538 0.291441 0.144986 -15.5237 -0.275598 0.95377 -0.119866 6.98655 -0.173217 0.0733803 0.982146 12.0821 0 0 0 1 
0.945028 0.292561 0.146047 -15.5591 -0.276687 0.953482 -0.11965 7.04092 -0.174259 0.0726634 0.982015 12.1887 0 0 0 1 
0.944587 0.293573 0.14687 -15.596 -0.277686 0.953219 -0.119429 7.09192 -0.17506 0.0720271 0.98192 12.279 0 0 0 1 
0.944212 0.29448 0.147461 -15.6344 -0.278599 0.952981 -0.119201 7.13961 -0.17563 0.0714687 0.981859 12.3535 0 0 0 1 
0.943903 0.295283 0.147834 -15.6739 -0.279425 0.952769 -0.118966 7.18404 -0.175981 0.0709837 0.981831 12.4128 0 0 0 1 
0.943657 0.295984 0.148 -15.7142 -0.280164 0.952583 -0.118722 7.22522 -0.176122 0.0705684 0.981836 12.4574 0 0 0 1 
0.943473 0.296585 0.147972 -15.7549 -0.280818 0.952422 -0.118467 7.26323 -0.176067 0.0702178 0.981871 12.4883 0 0 0 1 
0.943349 0.297088 0.147757 -15.796 -0.281388 0.952286 -0.118203 7.2981 -0.175824 0.0699294 0.981935 12.5058 0 0 0 1 
0.943282 0.297493 0.147369 -15.837 -0.281875 0.952176 -0.117927 7.32987 -0.175404 0.0696985 0.982026 12.5106 0 0 0 1 
0.943269 0.297804 0.146821 -15.8775 -0.282279 0.952092 -0.117639 7.35855 -0.174821 0.0695204 0.982143 12.5034 0 0 0 1 
0.943309 0.298021 0.146123 -15.9172 -0.282601 0.952034 -0.117337 7.38419 -0.174083 0.0693909 0.982283 12.4849 0 0 0 1 
0.943398 0.298147 0.145287 -15.956 -0.282844 0.952001 -0.117023 7.40687 -0.173204 0.0693061 0.982444 12.4557 0 0 0 1 
0.943534 0.298183 0.144325 -15.9934 -0.283006 0.951993 -0.116695 7.42656 -0.172193 0.069261 0.982625 12.4166 0 0 0 1 
0.943715 0.298132 0.143249 -16.029 -0.28309 0.952009 -0.116353 7.44335 -0.171063 0.0692512 0.982823 12.3682 0 0 0 1 
0.943936 0.297993 0.142071 -16.0626 -0.283097 0.952051 -0.115995 7.45724 -0.169824 0.0692721 0.983037 12.3113 0 0 0 1 
0.944196 0.297772 0.140805 -16.0938 -0.283028 0.952117 -0.115622 7.46834 -0.168492 0.069318 0.983263 12.2466 0 0 0 1 
0.944491 0.297468 0.139461 -16.1222 -0.282883 0.952207 -0.115232 7.47661 -0.167074 0.0693847 0.9835 12.1748 0 0 0 1 
