1 0 0 0 0 1 0 0 0 0 1 0 0 0 0 1 
1 0 0 0 0 1 0 0 0 0 1 0 0 0 0 1 
1 0 0 0 0 1 0 0 0 0 1 0 0 0 0 1 
1 0 0 0 0 1 0 0 0 0 1 0 0 0 0 1 
1 0 0 0 0 1 0 0 0 0 1 0 0 0 0 1 
1 0 0 0 0 1 0 0 0 0 1 0 0 0 0 1 
1 0 0 0 0 1 0 0 0 0 1 0 0 0 0 1 
1 0 0 0 0 1 0 0 0 0 1 0 0 0 0 1 
1 0 0 0 0 1 0 0 0 0 1 0 0 0 0 1 
1 0 0 0 0 1 0 0 0 0 1 0 0 0 0 1 
1 0 0 0 0 1 0 0 0 0 1 0 0 0 0 1 
1 0 0 0 0 1 0 0 0 0 1 0 0 0 0 1 
1 0 0 0 0 1 0 0 0 0 1 0 0 0 0 1 
1 0 0 0 0 1 0 0 0 0 1 0 0 0 0 1 
1 0 0 0 0 1 0 0 0 0 1 0 0 0 0 1 
1 0 0 0 0 1 0 0 0 0 1 0 0 0 0 1 
1 0 0 0 0 1 0 0 0 0 1 0 0 0 0 1 
1 0 0 0 0 1 0 0 0 0 1 0 0 0 0 1 
1 0 0 0 0 1 0 0 0 0 1 0 0 0 0 1 
1 0 0 0 0 1 0 0 0 0 1 0 0 0 0 1 
1 0 0 0 0 1 0 0 0 0 1 0 0 0 0 1 
1 0 0 0 0 1 0 0 0 0 1 0 0 0 0 1 
1 0 0 0 0 1 0 0 0 0 1 0 0 0 0 1 
1 0 0 0 0 1 0 0 0 0 1 0 0 0 0 1 
1 0 0 0 0 1 0 0 0 0 1 0 0 0 0 1 
1 0 0 0 0 1 0 0 0 0 1 0 0 0 0 1 
1 0 0 0 0 1 0 0 0 0 1 0 0 0 0 1 
1 0 0 0 0 1 0 0 0 0 1 0 0 0 0 1 
1 0 0 0 0 1 0 0 0 0 1 0 0 0 0 1 
1 0 0 0 0 1 0 0 0 0 1 0 0 0 0 1 
1 0 0 0 0 1 0 0 0 0 1 0 0 0 0 1 
0.999997 0.00249153 -0.000792481 -0.173138 -0.00249093 0.999997 0.000756664 -0.267035 0.000794364 -0.000754688 0.999999 0.125347 0 0 0 1 
0.999986 0.00498363 -0.00158307 -0.346276 -0.00498123 0.999986 0.0015153 -0.53407 0.0015906 -0.00150739 0.999998 0.250694 0 0 0 1 
0.999969 0.0074763 -0.00237177 -0.519414 -0.0074709 0.99997 0.0022759 -0.801105 0.00238872 -0.00225811 0.999995 0.376042 0 0 0 1 
0.999945 0.00996951 -0.00315857 -0.692552 -0.00995992 0.999946 0.00303846 -1.06814 0.00318869 -0.00300684 0.99999 0.501389 0 0 0 1 
0.999915 0.0124633 -0.00394346 -0.86569 -0.0124483 0.999915 0.00380298 -1.33517 0.00399053 -0.00375356 0.999985 0.626736 0 0 0 1 
0.999877 0.0149575 -0.00472644 -1.03883 -0.0149359 0.999878 0.00456944 -1.60221 0.00479422 -0.00449828 0.999978 0.752083 0 0 0 1 
0.999833 0.0174522 -0.00550751 -1.21197 -0.0174229 0.999834 0.00533784 -1.86924 0.00559975 -0.00524099 0.999971 0.87743 0 0 0 1 
0.999781 0.0199474 -0.00628665 -1.3851 -0.0199091 0.999783 0.00610819 -2.13628 0.00640713 -0.00598169 0.999962 1.00278 0 0 0 1 
0.999723 0.0224431 -0.00706386 -1.55824 -0.0223945 0.999726 0.00688046 -2.40331 0.00721634 -0.00672037 0.999951 1.12812 0 0 0 1 
0.999658 0.0249392 -0.00783913 -1.73138 -0.0248792 0.999661 0.00765466 -2.67035 0.00802738 -0.00745701 0.99994 1.25347 0 0 0 1 
0.999586 0.0274357 -0.00861247 -1.90452 -0.0273632 0.99959 0.00843078 -2.93738 0.00884024 -0.00819163 0.999927 1.37882 0 0 0 1 
0.999508 0.0299326 -0.00938386 -2.07765 -0.0298463 0.999512 0.00920882 -3.20442 0.00965492 -0.00892421 0.999914 1.50417 0 0 0 1 
0.999422 0.0324299 -0.0101533 -2.25079 -0.0323286 0.999427 0.00998876 -3.47145 0.0104714 -0.00965475 0.999899 1.62951 0 0 0 1 
0.99933 0.0349275 -0.0109208 -2.42393 -0.03481 0.999336 0.0107706 -3.73849 0.0112897 -0.0103832 0.999882 1.75486 0 0 0 1 
0.999231 0.0374255 -0.0116863 -2.59707 -0.0372906 0.999238 0.0115543 -4.00552 0.0121098 -0.0111097 0.999865 1.88021 0 0 0 1 
0.999125 0.0399238 -0.0124498 -2.77021 -0.0397703 0.999133 0.01234 -4.27256 0.0129317 -0.011834 0.999846 2.00556 0 0 0 1 
0.999012 0.0424224 -0.0132114 -2.94334 -0.0422492 0.999021 0.0131275 -4.53959 0.0137554 -0.0125564 0.999827 2.1309 0 0 0 1 
0.998893 0.0449213 -0.013971 -3.11648 -0.0447271 0.998902 0.0139169 -4.80663 0.0145808 -0.0132766 0.999806 2.25625 0 0 0 1 
0.998766 0.0474205 -0.0147286 -3.28962 -0.0472041 0.998777 0.0147082 -5.07366 0.0154081 -0.0139948 0.999783 2.3816 0 0 0 1 
0.998633 0.0499199 -0.0154842 -3.46276 -0.0496801 0.998645 0.0155013 -5.3407 0.0162371 -0.0147109 0.99976 2.50694 0 0 0 1 
0.998493 0.0524195 -0.0162378 -3.6359 -0.0521552 0.998506 0.0162963 -5.60773 0.0170678 -0.0154249 0.999735 2.63229 0 0 0 1 
0.998346 0.0549193 -0.0169894 -3.80903 -0.0546292 0.99836 0.0170932 -5.87477 0.0179003 -0.0161368 0.99971 2.75764 0 0 0 1 
0.998193 0.0574194 -0.0177391 -3.98217 -0.0571023 0.998208 0.0178919 -6.1418 0.0187346 -0.0168466 0.999683 2.88299 0 0 0 1 
0.998032 0.0599196 -0.0184866 -4.15531 -0.0595744 0.998049 0.0186924 -6.40884 0.0195706 -0.0175543 0.999654 3.00833 0 0 0 1 
0.997865 0.06242 -0.0192322 -4.32845 -0.0620454 0.997883 0.0194948 -6.67587 0.0204084 -0.0182599 0.999625 3.13368 0 0 0 1 
0.99769 0.0649205 -0.0199758 -4.50159 -0.0645153 0.99771 0.020299 -6.94291 0.0212478 -0.0189634 0.999594 3.25903 0 0 0 1 
0.997509 0.0674211 -0.0207173 -4.67472 -0.0669842 0.997531 0.0211051 -7.20994 0.0220891 -0.0196648 0.999563 3.38437 0 0 0 1 
0.997322 0.0699218 -0.0214568 -4.84786 -0.069452 0.997345 0.0219129 -7.47698 0.022932 -0.020364 0.99953 3.50972 0 0 0 1 
0.997127 0.0724226 -0.0221942 -5.021 -0.0719187 0.997152 0.0227226 -7.74401 0.0237766 -0.0210612 0.999495 3.63507 0 0 0 1 
0.996926 0.0749235 -0.0229296 -5.19414 -0.0743842 0.996952 0.0235341 -8.01105 0.024623 -0.0217562 0.99946 3.76042 0 0 0 1 
0.996717 0.0774244 -0.0236629 -5.36728 -0.0768486 0.996745 0.0243474 -8.27808 0.025471 -0.022449 0.999423 3.88576 0 0 0 1 
0.996502 0.0799254 -0.0243942 -5.54041 -0.0793118 0.996532 0.0251625 -8.54512 0.0263207 -0.0231397 0.999386 4.01111 0 0 0 1 
0.99628 0.0824263 -0.0251234 -5.71355 -0.0817738 0.996312 0.0259794 -8.81215 0.0271722 -0.0238283 0.999347 4.13646 0 0 0 1 
0.996052 0.0849273 -0.0258506 -5.88669 -0.0842347 0.996086 0.026798 -9.07919 0.0280253 -0.0245147 0.999307 4.26181 0 0 0 1 
0.995816 0.0874282 -0.0265757 -6.05983 -0.0866943 0.995852 0.0276185 -9.34622 0.0288801 -0.025199 0.999265 4.38715 0 0 0 1 
0.995574 0.089929 -0.0272987 -6.23296 -0.0891526 0.995612 0.0284407 -9.61326 0.0297365 -0.0258811 0.999223 4.5125 0 0 0 1 
0.995325 0.0924298 -0.0280196 -6.4061 -0.0916097 0.995365 0.0292647 -9.88029 0.0305946 -0.026561 0.999179 4.63785 0 0 0 1 
0.995069 0.0949305 -0.0287384 -6.57924 -0.0940655 0.995111 0.0300904 -10.1473 0.0314544 -0.0272387 0.999134 4.76319 0 0 0 1 
0.994806 0.0974311 -0.0294551 -6.75238 -0.0965201 0.994851 0.0309179 -10.4144 0.0323158 -0.0279143 0.999088 4.88854 0 0 0 1 
0.994537 0.0999316 -0.0301697 -6.92552 -0.0989733 0.994584 0.0317471 -10.6814 0.0331789 -0.0285877 0.99904 5.01389 0 0 0 1 
0.994261 0.102432 -0.0308823 -7.09865 -0.101425 0.99431 0.0325781 -10.9484 0.0340436 -0.0292589 0.998992 5.13924 0 0 0 1 
0.993977 0.104932 -0.0315927 -7.27179 -0.103876 0.994029 0.0334108 -11.2155 0.0349099 -0.0299279 0.998942 5.26458 0 0 0 1 
0.993474 0.109706 -0.0312253 -7.70566 -0.108658 0.993515 0.033476 -11.482 0.0346953 -0.0298646 0.998952 5.41483 0 0 0 1 
0.993248 0.112036 -0.0300898 -7.95459 -0.111048 0.993276 0.0327132 -11.4696 0.0335526 -0.0291509 0.999012 5.44506 0 0 0 1 
0.993012 0.114423 -0.0288986 -8.19297 -0.113495 0.993025 0.0319538 -11.4462 0.0323533 -0.0284506 0.999071 5.4803 0 0 0 1 
0.992763 0.116861 -0.0276539 -8.41954 -0.115991 0.99276 0.031201 -11.4114 0.0310999 -0.0277676 0.999131 5.52076 0 0 0 1 
0.992502 0.119349 -0.0263584 -8.6355 -0.118538 0.992482 0.0304523 -11.366 0.0297947 -0.0270995 0.999189 5.56618 0 0 0 1 
0.992229 0.121888 -0.0250145 -8.84204 -0.121135 0.992192 0.0297049 -11.3109 0.0284398 -0.0264439 0.999246 5.61629 0 0 0 1 
0.991941 0.124475 -0.0236242 -9.03913 -0.123779 0.991887 0.0289586 -11.2464 0.0270372 -0.0258011 0.999301 5.67102 0 0 0 1 
0.99164 0.127114 -0.0221904 -9.22918 -0.126474 0.991569 0.0282076 -11.1737 0.0255889 -0.0251653 0.999356 5.72983 0 0 0 1 
0.991324 0.129796 -0.0207153 -9.40972 -0.12921 0.991237 0.0274565 -11.0921 0.0240975 -0.0245417 0.999408 5.793 0 0 0 1 
0.990994 0.132526 -0.019201 -9.58435 -0.131995 0.990891 0.026697 -11.0035 0.0225641 -0.0239221 0.999459 5.85981 0 0 0 1 
0.990648 0.135299 -0.0176506 -9.75185 -0.134821 0.990531 0.0259303 -10.9076 0.0209918 -0.0233081 0.999508 5.93023 0 0 0 1 
0.990286 0.138115 -0.0160658 -9.91336 -0.137689 0.990156 0.0251537 -10.8053 0.0193817 -0.0226973 0.999554 6.00396 0 0 0 1 
0.989908 0.140974 -0.014449 -10.0701 -0.140599 0.989767 0.0243635 -10.6974 0.0177358 -0.0220861 0.999599 6.08063 0 0 0 1 
0.989513 0.143877 -0.0128019 -10.2232 -0.143551 0.989363 0.0235571 -10.5846 0.0160551 -0.0214723 0.999641 6.15995 0 0 0 1 
0.989101 0.146814 -0.0111282 -10.3701 -0.146535 0.988944 0.0227385 -10.4662 0.0143436 -0.02086 0.99968 6.24202 0 0 0 1 
0.988672 0.149795 -0.00942895 -10.5157 -0.149562 0.98851 0.0218973 -10.3445 0.0126007 -0.0202391 0.999716 6.32604 0 0 0 1 
0.988226 0.152809 -0.00770698 -10.6574 -0.15262 0.988061 0.0210388 -10.2187 0.0108299 -0.0196149 0.999749 6.41219 0 0 0 1 
0.987761 0.155861 -0.00596417 -10.7976 -0.155714 0.987597 0.0201572 -10.0901 0.00903192 -0.0189818 0.999779 6.49996 0 0 0 1 
0.987279 0.158943 -0.00420338 -10.935 -0.158835 0.987117 0.0192553 -9.95843 0.00720973 -0.0183428 0.999806 6.58938 0 0 0 1 
0.986778 0.162059 -0.0024257 -11.0719 -0.161988 0.986622 0.0183289 -9.82479 0.0053636 -0.0176936 0.999829 6.68004 0 0 0 1 
0.986259 0.165208 -0.000634811 -11.2095 -0.165172 0.986112 0.0173748 -9.68992 0.00349644 -0.0170312 0.999849 6.77153 0 0 0 1 
0.985721 0.168383 0.00116761 -11.3463 -0.168379 0.985586 0.0163964 -9.55352 0.00161009 -0.0163588 0.999865 6.86395 0 0 0 1 
0.985165 0.171585 0.00297927 -11.4835 -0.17161 0.985045 0.015392 -9.41624 -0.000293679 -0.0156749 0.999877 6.95704 0 0 0 1 
0.98459 0.174812 0.00479787 -11.6221 -0.174863 0.984488 0.0143603 -9.2787 -0.00221309 -0.014978 0.999885 7.05051 0 0 0 1 
0.983997 0.17806 0.00662176 -11.762 -0.178135 0.983916 0.0133026 -9.14103 -0.00414659 -0.0142693 0.99989 7.14434 0 0 0 1 
0.983386 0.181329 0.0084488 -11.9042 -0.181424 0.983329 0.0122184 -9.00383 -0.0060924 -0.0135482 0.99989 7.2383 0 0 0 1 
0.982757 0.184618 0.0102751 -12.0497 -0.184729 0.982727 0.011105 -8.86767 -0.00804746 -0.0128116 0.999886 7.33201 0 0 0 1 
0.982109 0.187923 0.0121008 -12.1984 -0.188046 0.98211 0.00996628 -8.73261 -0.0100114 -0.0120635 0.999877 7.4256 0 0 0 1 
0.981445 0.191239 0.0139223 -12.35 -0.191371 0.981478 0.00880275 -8.59879 -0.011981 -0.0113037 0.999864 7.5189 0 0 0 1 
0.980763 0.194566 0.0157382 -12.5054 -0.194702 0.980833 0.00761478 -8.4667 -0.013955 -0.0105325 0.999847 7.61177 0 0 0 1 
0.980065 0.197902 0.0175462 -12.6658 -0.198038 0.980173 0.00640188 -8.33682 -0.0159314 -0.00974908 0.999826 7.70398 0 0 0 1 
0.97935 0.201245 0.0193442 -12.832 -0.201378 0.9795 0.00516438 -8.20962 -0.0179084 -0.00895324 0.9998 7.79537 0 0 0 1 
0.978621 0.204585 0.0211315 -13.0012 -0.20471 0.978815 0.00390987 -8.08433 -0.019884 -0.00815213 0.999769 7.88628 0 0 0 1 
0.977875 0.20793 0.0229048 -13.1782 -0.208043 0.978116 0.00263123 -7.96263 -0.0218565 -0.0073382 0.999734 7.976 0 0 0 1 
0.977117 0.211268 0.0246629 -13.36 -0.211364 0.977406 0.00133638 -7.84373 -0.0238234 -0.00651866 0.999695 8.06484 0 0 0 1 
0.976345 0.214601 0.0264042 -13.5489 -0.214676 0.976685 2.3306e-05 -7.72844 -0.0257836 -0.0056911 0.999651 8.1525 0 0 0 1 
0.975561 0.21792 0.0281268 -13.7432 -0.21797 0.975955 -0.00130258 -7.61641 -0.0277343 -0.00486006 0.999604 8.23908 0 0 0 1 
0.974766 0.221227 0.0298294 -13.945 -0.221248 0.975214 -0.00264253 -7.5084 -0.0296747 -0.00402384 0.999552 8.32431 0 0 0 1 
0.97396 0.224519 0.0315111 -14.1551 -0.224506 0.974465 -0.00399497 -7.40481 -0.0316034 -0.0031835 0.999495 8.40809 0 0 0 1 
0.973145 0.227789 0.0331693 -14.3719 -0.227738 0.973708 -0.00535586 -7.30526 -0.0335173 -0.00234189 0.999435 8.49041 0 0 0 1 
0.972323 0.231034 0.0348033 -14.5963 -0.230941 0.972945 -0.00672355 -7.21014 -0.0354151 -0.00150006 0.999372 8.57115 0 0 0 1 
0.971494 0.234252 0.0364117 -14.829 -0.234113 0.972176 -0.00809679 -7.11983 -0.0372953 -0.000658474 0.999304 8.65015 0 0 0 1 
0.97066 0.237437 0.0379941 -15.0695 -0.237248 0.971403 -0.00947235 -7.03431 -0.0391566 0.000180393 0.999233 8.72741 0 0 0 1 
0.969821 0.240587 0.0395493 -15.3186 -0.240345 0.970627 -0.0108484 -6.95397 -0.0409976 0.00101555 0.999159 8.80277 0 0 0 1 
0.96898 0.2437 0.0410747 -15.5771 -0.2434 0.969849 -0.0122257 -6.87921 -0.0428157 0.00184891 0.999081 8.87586 0 0 0 1 
0.968139 0.24677 0.0425716 -15.8444 -0.246409 0.96907 -0.0135992 -6.81 -0.0446108 0.0026759 0.999001 8.94682 0 0 0 1 
0.967298 0.249791 0.0440379 -16.1202 -0.249367 0.968293 -0.014967 -6.7464 -0.0463802 0.00349598 0.998918 9.01545 0 0 0 1 
0.96644 0.252835 0.0454708 -16.4075 -0.252342 0.9675 -0.0163822 -6.68576 -0.048135 0.00435824 0.998831 9.08045 0 0 0 1 
0.965549 0.255967 0.0468691 -16.7072 -0.255396 0.966671 -0.0178934 -6.6247 -0.0498871 0.00530676 0.998741 9.14098 0 0 0 1 
0.964623 0.259184 0.0482314 -17.0191 -0.258527 0.965807 -0.0194989 -6.56324 -0.051636 0.00633998 0.998646 9.19697 0 0 0 1 
0.963665 0.262478 0.0495593 -17.3416 -0.261727 0.964909 -0.0211923 -6.50104 -0.0533827 0.00745133 0.998546 9.24878 0 0 0 1 
0.962672 0.26585 0.0508529 -17.677 -0.264996 0.963976 -0.0229759 -6.43876 -0.055129 0.00864241 0.998442 9.29616 0 0 0 1 
0.961648 0.26929 0.0521119 -18.0224 -0.268325 0.963008 -0.0248419 -6.37575 -0.0568739 0.00990619 0.998332 9.33943 0 0 0 1 
0.960592 0.272798 0.0533371 -18.3787 -0.271712 0.962006 -0.0267896 -6.31233 -0.0586188 0.0112416 0.998217 9.37854 0 0 0 1 
0.959504 0.276366 0.05453 -18.7445 -0.27515 0.960969 -0.0288132 -6.24816 -0.0603646 0.0126424 0.998096 9.41381 0 0 0 1 
0.958386 0.279991 0.0556895 -19.1205 -0.278637 0.959899 -0.0309124 -6.18361 -0.0621115 0.0141088 0.997969 9.44503 0 0 0 1 
0.957238 0.283666 0.0568173 -19.504 -0.282164 0.958796 -0.0330792 -6.118 -0.0638596 0.0156329 0.997836 9.47269 0 0 0 1 
0.956061 0.287389 0.0579142 -19.8971 -0.285731 0.957659 -0.0353147 -6.05199 -0.0656111 0.0172151 0.997697 9.49656 0 0 0 1 
0.954856 0.291156 0.0589798 -20.2982 -0.289331 0.95649 -0.0376143 -5.98528 -0.0673652 0.0188516 0.99755 9.51679 0 0 0 1 
0.953623 0.294959 0.0600158 -20.7069 -0.292959 0.955289 -0.0399737 -5.91789 -0.069123 0.0205377 0.997397 9.53355 0 0 0 1 
0.952364 0.298794 0.0610236 -21.1216 -0.29661 0.954058 -0.0423873 -5.84948 -0.0708851 0.022268 0.997236 9.54717 0 0 0 1 
0.95108 0.30266 0.0620027 -21.5443 -0.300282 0.952795 -0.044857 -5.78076 -0.0726523 0.0240443 0.997067 9.55724 0 0 0 1 
0.949772 0.306546 0.0629554 -21.971 -0.303965 0.951505 -0.0473712 -5.71075 -0.0744238 0.0258556 0.996891 9.56457 0 0 0 1 
0.94844 0.310451 0.063883 -22.4037 -0.307659 0.950186 -0.0499313 -5.64015 -0.0762019 0.0277026 0.996707 9.5689 0 0 0 1 
0.947087 0.314371 0.0647856 -22.8418 -0.311359 0.948839 -0.052534 -5.56899 -0.0779863 0.0295827 0.996515 9.57024 0 0 0 1 
0.945713 0.3183 0.0656651 -23.2838 -0.315059 0.947467 -0.055173 -5.49699 -0.0797771 0.0314894 0.996315 9.569 0 0 0 1 
0.94432 0.322232 0.0665238 -23.7291 -0.318754 0.946071 -0.0578437 -5.42419 -0.0815754 0.0334183 0.996107 9.56541 0 0 0 1 
0.94291 0.326164 0.0673617 -24.1774 -0.322441 0.944651 -0.0605435 -5.35065 -0.0833804 0.0353669 0.99589 9.55947 0 0 0 1 
0.941485 0.330087 0.0681816 -24.6268 -0.326111 0.943212 -0.0632639 -5.27611 -0.0851923 0.0373272 0.995665 9.55173 0 0 0 1 
0.940044 0.334004 0.0689849 -25.0794 -0.329767 0.941752 -0.0660077 -5.20125 -0.0870135 0.0393012 0.995432 9.54186 0 0 0 1 
0.938591 0.337904 0.069773 -25.5321 -0.333398 0.940275 -0.0687644 -5.12555 -0.0888416 0.0412794 0.99519 9.5305 0 0 0 1 
0.937127 0.341785 0.070548 -25.9856 -0.337003 0.938782 -0.0715328 -5.04937 -0.090678 0.0432603 0.99494 9.51763 0 0 0 1 
0.935654 0.34564 0.071313 -26.4382 -0.340576 0.937276 -0.0743046 -4.97249 -0.0925227 0.0452359 0.994682 9.50385 0 0 0 1 
0.934174 0.349465 0.0720689 -26.8894 -0.344112 0.93576 -0.0770758 -4.89502 -0.0943744 0.0472025 0.994417 9.48929 0 0 0 1 
0.932688 0.353257 0.072818 -27.3397 -0.347609 0.934234 -0.0798451 -4.81736 -0.0962348 0.0491584 0.994144 9.47394 0 0 0 1 
0.931199 0.35701 0.0735637 -27.7875 -0.351061 0.932702 -0.0826037 -4.73931 -0.0981034 0.0510952 0.993864 9.45846 0 0 0 1 
0.929709 0.360721 0.074307 -28.232 -0.354465 0.931166 -0.0853479 -4.66098 -0.0999789 0.0530095 0.993576 9.443 0 0 0 1 
0.92822 0.364383 0.0750514 -28.6728 -0.357815 0.92963 -0.0880714 -4.58252 -0.101862 0.0548951 0.993283 9.42797 0 0 0 1 
0.926735 0.367991 0.0758001 -29.108 -0.361107 0.928096 -0.090766 -4.50372 -0.103751 0.0567441 0.992983 9.41404 0 0 0 1 
0.925254 0.371544 0.0765542 -29.5394 -0.36434 0.926567 -0.0934337 -4.42537 -0.105647 0.0585581 0.992678 9.40081 0 0 0 1 
0.923782 0.375032 0.077318 -29.9627 -0.367506 0.925047 -0.0960578 -4.34669 -0.107548 0.0603217 0.992368 9.38971 0 0 0 1 
0.92232 0.378454 0.0780946 -30.3797 -0.370602 0.923539 -0.0986398 -4.26843 -0.109454 0.0620354 0.992054 9.38051 0 0 0 1 
0.92087 0.381806 0.0788859 -30.7898 -0.373627 0.922045 -0.101174 -4.19079 -0.111365 0.0636946 0.991736 9.37347 0 0 0 1 
0.919435 0.385082 0.0796957 -31.1912 -0.376573 0.92057 -0.103652 -4.11362 -0.11328 0.0652902 0.991416 9.3694 0 0 0 1 
0.918017 0.388278 0.080528 -31.5831 -0.379439 0.919117 -0.106067 -4.0371 -0.115198 0.0668155 0.991093 9.36883 0 0 0 1 
0.916619 0.391389 0.0813846 -31.965 -0.38222 0.91769 -0.108413 -3.96142 -0.117117 0.0682663 0.990769 9.37203 0 0 0 1 
0.915245 0.394408 0.0822705 -32.3348 -0.384911 0.916293 -0.110679 -3.8865 -0.119036 0.0696312 0.990445 9.38001 0 0 0 1 
0.913895 0.397336 0.0831879 -32.6944 -0.387512 0.914929 -0.112868 -3.81308 -0.120958 0.070913 0.990122 9.39234 0 0 0 1 
0.912573 0.400164 0.0841413 -33.0407 -0.390016 0.913603 -0.114965 -3.74083 -0.122877 0.0720972 0.9898 9.41035 0 0 0 1 
0.91128 0.40289 0.0851337 -33.3741 -0.392422 0.912318 -0.116968 -3.67023 -0.124794 0.0731819 0.98948 9.4341 0 0 0 1 
0.910021 0.405507 0.0861693 -33.6928 -0.394723 0.911079 -0.118865 -3.60121 -0.126708 0.0741568 0.989164 9.46452 0 0 0 1 
0.908799 0.408008 0.0872537 -33.9957 -0.396915 0.909892 -0.120647 -3.5341 -0.128616 0.0750118 0.988853 9.50234 0 0 0 1 
0.907613 0.410399 0.0883849 -34.2844 -0.399003 0.908754 -0.122322 -3.46912 -0.130521 0.0757551 0.988547 9.54698 0 0 0 1 
0.906467 0.412668 0.0895709 -34.5561 -0.400977 0.907675 -0.123871 -3.4064 -0.132419 0.076369 0.988247 9.59984 0 0 0 1 
0.905366 0.414807 0.0908165 -34.81 -0.402832 0.906659 -0.125285 -3.34624 -0.134309 0.076845 0.987955 9.66156 0 0 0 1 
0.90431 0.416817 0.092123 -35.0458 -0.404568 0.905708 -0.126562 -3.28872 -0.13619 0.0771816 0.987672 9.73233 0 0 0 1 
0.903304 0.418688 0.0934958 -35.2613 -0.406178 0.904829 -0.127689 -3.23387 -0.13806 0.0773662 0.987398 9.81325 0 0 0 1 
0.90235 0.420418 0.0949389 -35.458 -0.407661 0.904023 -0.128665 -3.1825 -0.13992 0.0773982 0.987133 9.90405 0 0 0 1 
0.901447 0.422008 0.0964512 -35.6329 -0.409018 0.903293 -0.129483 -3.1337 -0.141767 0.0772719 0.98688 10.0057 0 0 0 1 
0.900603 0.42344 0.098044 -35.7857 -0.410235 0.902648 -0.130128 -3.08866 -0.1436 0.0769721 0.986638 10.119 0 0 0 1 
0.899816 0.424721 0.0997146 -35.9173 -0.411319 0.902086 -0.130605 -3.04726 -0.145422 0.0765055 0.986407 10.2434 0 0 0 1 
0.89909 0.425841 0.101468 -36.0253 -0.412263 0.901612 -0.130901 -3.00949 -0.147228 0.07586 0.986189 10.38 0 0 0 1 
0.898431 0.426788 0.103312 -36.108 -0.413056 0.901235 -0.130999 -2.97579 -0.149018 0.0750201 0.985985 10.5298 0 0 0 1 
0.897837 0.427565 0.105245 -36.166 -0.413703 0.900951 -0.130907 -2.946 -0.150792 0.073993 0.985792 10.6923 0 0 0 1 
0.897311 0.428165 0.10727 -36.1972 -0.414199 0.900766 -0.130611 -2.92007 -0.152548 0.0727674 0.985613 10.8685 0 0 0 1 
0.896853 0.428589 0.109387 -36.2039 -0.414546 0.900678 -0.130119 -2.89855 -0.15429 0.0713511 0.985446 11.0573 0 0 0 1 
0.896473 0.428813 0.111609 -36.181 -0.414725 0.900699 -0.129398 -2.88148 -0.156014 0.0697147 0.985292 11.2611 0 0 0 1 
0.896133 0.42891 0.113938 -36.1469 -0.414796 0.90079 -0.12854 -2.86964 -0.157767 0.0679282 0.985137 11.4749 0 0 0 1 
0.8958 0.42895 0.116376 -36.1167 -0.414817 0.90091 -0.127624 -2.86305 -0.159589 0.0660511 0.984971 11.6952 0 0 0 1 
0.895478 0.428925 0.118922 -36.0895 -0.414782 0.901065 -0.126642 -2.86193 -0.161477 0.0640787 0.984794 11.9222 0 0 0 1 
0.895163 0.42884 0.121569 -36.0663 -0.414698 0.901249 -0.125603 -2.8661 -0.163428 0.0620205 0.984604 12.1551 0 0 0 1 
0.894855 0.428698 0.12431 -36.0456 -0.414567 0.901461 -0.124505 -2.87487 -0.165435 0.059879 0.984401 12.3939 0 0 0 1 
0.894556 0.428491 0.127143 -36.0266 -0.414385 0.901705 -0.123341 -2.88846 -0.167496 0.0576491 0.984186 12.6388 0 0 0 1 
0.894261 0.428232 0.130058 -36.0112 -0.414163 0.901972 -0.122127 -2.9065 -0.169608 0.0553481 0.983956 12.8886 0 0 0 1 
0.893974 0.427909 0.133055 -35.9961 -0.413893 0.902269 -0.120847 -2.92869 -0.171763 0.0529636 0.983713 13.1443 0 0 0 1 
0.893691 0.427536 0.136123 -35.9831 -0.413587 0.902586 -0.119517 -2.95468 -0.17396 0.0505127 0.983456 13.4046 0 0 0 1 
0.893414 0.427105 0.13926 -35.9716 -0.41324 0.902928 -0.118129 -2.98468 -0.176195 0.0479906 0.983185 13.6696 0 0 0 1 
0.893139 0.426625 0.142456 -35.9608 -0.41286 0.903288 -0.116691 -3.01781 -0.178462 0.0454071 0.982898 13.9391 0 0 0 1 
0.89287 0.426088 0.145711 -35.95 -0.412443 0.903671 -0.115196 -3.0543 -0.180759 0.0427574 0.982598 14.213 0 0 0 1 
0.892604 0.425502 0.149017 -35.9401 -0.411995 0.904071 -0.113651 -3.09396 -0.183081 0.040051 0.982282 14.4907 0 0 0 1 
0.89234 0.424868 0.152367 -35.9296 -0.411518 0.904487 -0.112057 -3.13611 -0.185424 0.0372909 0.981951 14.7721 0 0 0 1 
0.892082 0.424179 0.155761 -35.9177 -0.411007 0.904922 -0.110405 -3.18095 -0.187783 0.0344719 0.981605 15.0575 0 0 0 1 
0.891825 0.423448 0.159187 -35.9062 -0.410474 0.905369 -0.108713 -3.22812 -0.190157 0.0316112 0.981245 15.3455 0 0 0 1 
0.891573 0.422663 0.162645 -35.8919 -0.40991 0.905832 -0.106965 -3.27729 -0.192539 0.028697 0.98087 15.6371 0 0 0 1 
0.891322 0.421839 0.166125 -35.8765 -0.409328 0.906305 -0.105176 -3.3281 -0.194928 0.0257464 0.98048 15.9312 0 0 0 1 
0.891074 0.420968 0.169626 -35.8593 -0.40872 0.90679 -0.10334 -3.38074 -0.197318 0.0227543 0.980075 16.2277 0 0 0 1 
0.890828 0.420059 0.173138 -35.8394 -0.408097 0.907282 -0.101466 -3.4343 -0.199707 0.0197313 0.979657 16.5263 0 0 0 1 
0.890585 0.419105 0.17666 -35.8161 -0.407452 0.907785 -0.0995445 -3.48897 -0.202089 0.0166723 0.979225 16.8271 0 0 0 1 
0.890346 0.418112 0.180185 -35.7902 -0.406791 0.908294 -0.0975858 -3.54457 -0.204463 0.0135872 0.97878 17.1292 0 0 0 1 
0.890109 0.417083 0.183707 -35.7603 -0.406117 0.908808 -0.0955902 -3.60035 -0.206823 0.0104792 0.978322 17.4328 0 0 0 1 
0.889877 0.416011 0.187225 -35.7253 -0.405423 0.90933 -0.0935506 -3.65648 -0.209167 0.00734344 0.977852 17.7378 0 0 0 1 
0.889648 0.414908 0.190729 -35.6868 -0.404719 0.909854 -0.0914815 -3.71266 -0.211492 0.00419499 0.977371 18.0432 0 0 0 1 
0.889424 0.413769 0.194215 -35.6425 -0.404002 0.910381 -0.0893777 -3.76826 -0.213792 0.00103139 0.976879 18.3493 0 0 0 1 
0.889205 0.412597 0.19768 -35.5925 -0.403274 0.910911 -0.0872418 -3.82324 -0.216065 -0.00214331 0.976377 18.6557 0 0 0 1 
0.888991 0.411395 0.201118 -35.5373 -0.402537 0.911442 -0.0850799 -3.87746 -0.218308 -0.00532194 0.975865 18.9616 0 0 0 1 
0.888784 0.410162 0.204523 -35.4748 -0.401789 0.911973 -0.0828886 -3.93027 -0.220518 -0.00850525 0.975346 19.2674 0 0 0 1 
0.888584 0.408901 0.207892 -35.4053 -0.401034 0.912504 -0.0806734 -3.98154 -0.22269 -0.0116867 0.974819 19.5724 0 0 0 1 
0.88839 0.407615 0.211219 -35.3292 -0.400273 0.913033 -0.078439 -4.03119 -0.224822 -0.0148606 0.974286 19.876 0 0 0 1 
0.888205 0.406302 0.214499 -35.2442 -0.399503 0.913561 -0.0761825 -4.07853 -0.226911 -0.0180273 0.973749 20.1785 0 0 0 1 
0.88803 0.404965 0.217728 -35.1507 -0.398727 0.914087 -0.0739099 -4.12345 -0.228953 -0.0211798 0.973207 20.479 0 0 0 1 
0.887864 0.403609 0.220901 -35.0491 -0.397946 0.914609 -0.0716262 -4.16586 -0.230947 -0.0243124 0.972663 20.7772 0 0 0 1 
0.887709 0.402232 0.224013 -34.9373 -0.397159 0.915127 -0.0693308 -4.20503 -0.232887 -0.0274232 0.972117 21.073 0 0 0 1 
0.887567 0.400835 0.22706 -34.8154 -0.396367 0.915642 -0.0670275 -4.24091 -0.234773 -0.0305079 0.971571 21.3658 0 0 0 1 
0.887436 0.399425 0.230037 -34.6839 -0.395572 0.916151 -0.0647236 -4.27339 -0.236601 -0.0335582 0.971027 21.655 0 0 0 1 
0.88732 0.397999 0.232939 -34.5406 -0.394772 0.916657 -0.0624175 -4.30176 -0.238367 -0.0365735 0.970486 21.9406 0 0 0 1 
0.887218 0.39656 0.235763 -34.3858 -0.393967 0.917156 -0.0601159 -4.32593 -0.240071 -0.039547 0.969949 22.2218 0 0 0 1 
0.887131 0.395114 0.238503 -34.2199 -0.39316 0.91765 -0.0578252 -4.34585 -0.24171 -0.0424713 0.969419 22.4981 0 0 0 1 
0.887062 0.393657 0.241155 -34.0406 -0.392348 0.918138 -0.0555445 -4.36083 -0.24328 -0.0453454 0.968896 22.7694 0 0 0 1 
0.88701 0.392195 0.243715 -33.8483 -0.391532 0.918621 -0.0532813 -4.37081 -0.244779 -0.0481614 0.968382 23.0348 0 0 0 1 
0.886975 0.390731 0.246179 -33.6435 -0.390714 0.919096 -0.0510424 -4.37573 -0.246206 -0.0509123 0.967879 23.2938 0 0 0 1 
0.886961 0.389266 0.248542 -33.4239 -0.389892 0.919565 -0.0488297 -4.37494 -0.247558 -0.0535944 0.96739 23.5461 0 0 0 1 
0.886966 0.387802 0.2508 -33.1899 -0.389067 0.920028 -0.0466487 -4.36843 -0.248833 -0.056202 0.966914 23.791 0 0 0 1 
0.886992 0.386345 0.252949 -32.9419 -0.388239 0.920483 -0.0445088 -4.35619 -0.250031 -0.0587257 0.966455 24.0277 0 0 0 1 
0.88704 0.384893 0.254984 -32.6777 -0.387408 0.920932 -0.0424112 -4.33759 -0.251147 -0.0611625 0.966015 24.2559 0 0 0 1 
0.88711 0.383453 0.256903 -32.3979 -0.386574 0.921374 -0.0403645 -4.31268 -0.252182 -0.0635044 0.965594 24.4748 0 0 0 1 
0.887202 0.382029 0.2587 -32.1029 -0.38574 0.921809 -0.0383775 -4.28149 -0.253134 -0.0657424 0.965195 24.6835 0 0 0 1 
0.887319 0.38062 0.260373 -31.7904 -0.384902 0.922237 -0.0364522 -4.2435 -0.254 -0.0678732 0.96482 24.8817 0 0 0 1 
0.887459 0.379232 0.261916 -31.4611 -0.384063 0.922658 -0.0345987 -4.19878 -0.25478 -0.0698873 0.96447 25.0685 0 0 0 1 
0.887622 0.377871 0.263326 -31.1154 -0.383224 0.923072 -0.0328257 -4.14745 -0.255473 -0.0717762 0.964148 25.243 0 0 0 1 
0.88781 0.376538 0.2646 -30.7514 -0.382385 0.923478 -0.0311389 -4.08905 -0.256077 -0.0735337 0.963855 25.4046 0 0 0 1 
0.888022 0.375237 0.265734 -30.3695 -0.381547 0.923877 -0.0295459 -4.02377 -0.256592 -0.0751524 0.963594 25.5525 0 0 0 1 
0.888257 0.373975 0.266723 -29.9703 -0.380712 0.924268 -0.0280583 -3.95179 -0.257017 -0.0766216 0.963365 25.6858 0 0 0 1 
0.888518 0.372754 0.267565 -29.5518 -0.379879 0.924652 -0.0266812 -3.87276 -0.25735 -0.0779354 0.96317 25.8036 0 0 0 1 
0.888801 0.37158 0.268256 -29.1149 -0.379051 0.925026 -0.0254255 -3.78694 -0.257591 -0.0790844 0.963012 25.9053 0 0 0 1 
0.889107 0.370459 0.268792 -28.6599 -0.378231 0.925392 -0.0243017 -3.69462 -0.25774 -0.0800586 0.962892 25.9896 0 0 0 1 
0.889436 0.369394 0.269169 -28.1852 -0.377419 0.925749 -0.0233159 -3.59558 -0.257796 -0.0808517 0.962811 26.056 0 0 0 1 
0.889786 0.368391 0.269385 -27.6914 -0.376618 0.926096 -0.0224799 -3.49018 -0.257757 -0.0814529 0.96277 26.1033 0 0 0 1 
0.890143 0.36743 0.26952 -27.1892 -0.375826 0.926435 -0.0217482 -3.38279 -0.257684 -0.0819336 0.962749 26.138 0 0 0 1 
0.89049 0.366485 0.269659 -26.6889 -0.375037 0.92677 -0.0210679 -3.27753 -0.257633 -0.0823714 0.962725 26.1675 0 0 0 1 
0.890829 0.365556 0.269803 -26.1903 -0.374251 0.927102 -0.0204381 -3.17439 -0.257606 -0.082767 0.962699 26.1916 0 0 0 1 
0.891158 0.364642 0.26995 -25.6936 -0.373468 0.92743 -0.0198584 -3.07337 -0.257601 -0.0831209 0.962669 26.2105 0 0 0 1 
0.891479 0.363744 0.270102 -25.1987 -0.372689 0.927755 -0.0193283 -2.97449 -0.257619 -0.0834334 0.962638 26.2243 0 0 0 1 
0.891791 0.362862 0.270258 -24.7055 -0.371914 0.928076 -0.0188471 -2.87773 -0.257659 -0.0837052 0.962603 26.233 0 0 0 1 
0.892095 0.361996 0.270419 -24.2141 -0.371143 0.928393 -0.0184145 -2.78309 -0.257721 -0.0839366 0.962567 26.2367 0 0 0 1 
0.892389 0.361145 0.270584 -23.7245 -0.370376 0.928707 -0.0180298 -2.69059 -0.257805 -0.084128 0.962528 26.2353 0 0 0 1 
0.892675 0.36031 0.270753 -23.2366 -0.369612 0.929018 -0.0176927 -2.6002 -0.25791 -0.08428 0.962486 26.2291 0 0 0 1 
1 0 0 0 0 1 0 0 0 0 1 0 0 0 0 1 
1 0 0 0 0 1 0 0 0 0 1 0 0 0 0 1 
1 0 0 0 0 1 0 0 0 0 1 0 0 0 0 1 
1 0 0 0 0 1 0 0 0 0 1 0 0 0 0 1 
1 0 0 0 0 1 0 0 0 0 1 0 0 0 0 1 
1 0 0 0 0 1 0 0 0 0 1 0 0 0 0 1 
1 0 0 0 0 1 0 0 0 0 1 0 0 0 0 1 
1 0 0 0 0 1 0 0 0 0 1 0 0 0 0 1 
1 0 0 0 0 1 0 0 0 0 1 0 0 0 0 1 
1 0 0 0 0 1 0 0 0 0 1 0 0 0 0 1 
1 0 0 0 0 1 0 0 0 0 1 0 0 0 0 1 
1 0 0 0 0 1 0 0 0 0 1 0 0 0 0 1 
1 0 0 0 0 1 0 0 0 0 1 0 0 0 0 1 
1 0 0 0 0 1 0 0 0 0 1 0 0 0 0 1 
1 0 0 0 0 1 0 0 0 0 1 0 0 0 0 1 
1 0 0 0 0 1 0 0 0 0 1 0 0 0 0 1 
1 0 0 0 0 1 0 0 0 0 1 0 0 0 0 1 
1 0 0 0 0 1 0 0 0 0 1 0 0 0 0 1 
1 0 0 0 0 1 0 0 0 0 1 0 0 0 0 1 
1 0 0 0 0 1 0 0 0 0 1 0 0 0 0 1 
1 0 0 0 0 1 0 0 0 0 1 0 0 0 0 1 
1 0 0 0 0 1 0 0 0 0 1 0 0 0 0 1 
1 0 0 0 0 1 0 0 0 0 1 0 0 0 0 1 
1 0 0 0 0 1 0 0 0 0 1 0 0 0 0 1 
1 0 0 0 0 1 0 0 0 0 1 0 0 0 0 1 
1 0 0 0 0 1 0 0 0 0 1 0 0 0 0 1 
1 0 0 0 0 1 0 0 0 0 1 0 0 0 0 1 
1 0 0 0 0 1 0 0 0 0 1 0 0 0 0 1 
1 0 0 0 0 1 0 0 0 0 1 0 0 0 0 1 
1 0 0 0 0 1 0 0 0 0 1 0 0 0 0 1 
1 0 0 0 0 1 0 0 0 0 1 0 0 0 0 1 
1 0 0 0 0 1 0 0 0 0 1 0 0 0 0 1 
1 0 0 0 0 1 0 0 0 0 1 0 0 0 0 1 
1 0 0 0 0 1 0 0 0 0 1 0 0 0 0 1 
1 0 0 0 0 1 0 0 0 0 1 0 0 0 0 1 
1 0 0 0 0 1 0 0 0 0 1 0 0 0 0 1 
1 0 0 0 0 1 0 0 0 0 1 0 0 0 0 1 
1 0 0 0 0 1 0 0 0 0 1 0 0 0 0 1 
1 0 0 0 0 1 0 0 0 0 1 0 0 0 0 1 
1 0 0 0 0 1 0 0 0 0 1 0 0 0 0 1 
1 0 0 0 0 1 0 0 0 0 1 0 0 0 0 1 
1 0 0 0 0 1 0 0 0 0 1 0 0 0 0 1 
1 0 0 0 0 1 0 0 0 0 1 0 0 0 0 1 
1 0 0 0 0 1 0 0 0 0 1 0 0 0 0 1 
1 0 0 0 0 1 0 0 0 0 1 0 0 0 0 1 
1 0 0 0 0 1 0 0 0 0 1 0 0 0 0 1 
1 0 0 0 0 1 0 0 0 0 1 0 0 0 0 1 
1 0 0 0 0 1 0 0 0 0 1 0 0 0 0 1 
1 0 0 0 0 1 0 0 0 0 1 0 0 0 0 1 
1 0 0 0 0 1 0 0 0 0 1 0 0 0 0 1 
1 0 0 0 0 1 0 0 0 0 1 0 0 0 0 1 
1 0 0 0 0 1 0 0 0 0 1 0 0 0 0 1 
1 0 0 0 0 1 0 0 0 0 1 0 0 0 0 1 
1 0 0 0 0 1 0 0 0 0 1 0 0 0 0 1 
1 0 0 0 0 1 0 0 0 0 1 0 0 0 0 1 
1 0 0 0 0 1 0 0 0 0 1 0 0 0 0 1 
1 0 0 0 0 1 0 0 0 0 1 0 0 0 0 1 
1 0 0 0 0 1 0 0 0 0 1 0 0 0 0 1 
1 0 0 0 0 1 0 0 0 0 1 0 0 0 0 1 
1 0 0 0 0 1 0 0 0 0 1 0 0 0 0 1 
1 0 0 0 0 1 0 0 0 0 1 0 0 0 0 1 
1 0 0 0 0 1 0 0 0 0 1 0 0 0 0 1 
1 0 0 0 0 1 0 0 0 0 1 0 0 0 0 1 
1 0 0 0 0 1 0 0 0 0 1 0 0 0 0 1 
1 0 0 0 0 1 0 0 0 0 1 0 0 0 0 1 
1 0 0 0 0 1 0 0 0 0 1 0 0 0 0 1 
1 0 0 0 0 1 0 0 0 0 1 0 0 0 0 1 
1 0 0 0 0 1 0 0 0 0 1 0 0 0 0 1 
1 0 0 0 0 1 0 0 0 0 1 0 0 0 0 1 
1 0 0 0 0 1 0 0 0 0 1 0 0 0 0 1 
1 0 0 0 0 1 0 0 0 0 1 0 0 0 0 1 
1 0 0 0 0 1 0 0 0 0 1 0 0 0 0 1 
1 0 0 0 0 1 0 0 0 0 1 0 0 0 0 1 
1 0 0 0 0 1 0 0 0 0 1 0 0 0 0 1 
1 0 0 0 0 1 0 0 0 0 1 0 0 0 0 1 
1 0 0 0 0 1 0 0 0 0 1 0 0 0 0 1 
1 0 0 0 0 1 0 0 0 0 1 0 0 0 0 1 
1 0 0 0 0 1 0 0 0 0 1 0 0 0 0 1 
1 0 0 0 0 1 0 0 0 0 1 0 0 0 0 1 
1 0 0 0 0 1 0 0 0 0 1 0 0 0 0 1 
1 0 0 0 0 1 0 0 0 0 1 0 0 0 0 1 
1 0 0 0 0 1 0 0 0 0 1 0 0 0 0 1 
1 0 0 0 0 1 0 0 0 0 1 0 0 0 0 1 
1 0 0 0 0 1 0 0 0 0 1 0 0 0 0 1 
1 0 0 0 0 1 0 0 0 0 1 0 0 0 0 1 
1 0 0 0 0 1 0 0 0 0 1 0 0 0 0 1 
1 0 0 0 0 1 0 0 0 0 1 0 0 0 0 1 
1 0 0 0 0 1 0 0 0 0 1 0 0 0 0 1 
1 0 0 0 0 1 0 0 0 0 1 0 0 0 0 1 
1 0 0 0 0 1 0 0 0 0 1 0 0 0 0 1 
1 0 0 0 0 1 0 0 0 0 1 0 0 0 0 1 
1 0 0 0 0 1 0 0 0 0 1 0 0 0 0 1 
1 0 0 0 0 1 0 0 0 0 1 0 0 0 0 1 
1 0 0 0 0 1 0 0 0 0 1 0 0 0 0 1 
1 0 0 0 0 1 0 0 0 0 1 0 0 0 0 1 
1 0 0 0 0 1 0 0 0 0 1 0 0 0 0 1 
1 0 0 0 0 1 0 0 0 0 1 0 0 0 0 1 
1 0 0 0 0 1 0 0 0 0 1 0 0 0 0 1 
1 0 0 0 0 1 0 0 0 0 1 0 0 0 0 1 
1 0 0 0 0 1 0 0 0 0 1 0 0 0 0 1 
1 0 0 0 0 1 0 0 0 0 1 0 0 0 0 1 
1 0 0 0 0 1 0 0 0 0 1 0 0 0 0 1 
1 0 0 0 0 1 0 0 0 0 1 0 0 0 0 1 
1 0 0 0 0 1 0 0 0 0 1 0 0 0 0 1 
1 0 0 0 0 1 0 0 0 0 1 0 0 0 0 1 
1 0 0 0 0 1 0 0 0 0 1 0 0 0 0 1 
1 0 0 0 0 1 0 0 0 0 1 0 0 0 0 1 
1 0 0 0 0 1 0 0 0 0 1 0 0 0 0 1 
1 0 0 0 0 1 0 0 0 0 1 0 0 0 0 1 
1 0 0 0 0 1 0 0 0 0 1 0 0 0 0 1 
1 0 0 0 0 1 0 0 0 0 1 0 0 0 0 1 
1 0 0 0 0 1 0 0 0 0 1 0 0 0 0 1 
1 0 0 0 0 1 0 0 0 0 1 0 0 0 0 1 
1 0 0 0 0 1 0 0 0 0 1 0 0 0 0 1 
1 0 0 0 0 1 0 0 0 0 1 0 0 0 0 1 
1 0 0 0 0 1 0 0 0 0 1 0 0 0 0 1 
1 0 0 0 0 1 0 0 0 0 1 0 0 0 0 1 
1 0 0 0 0 1 0 0 0 0 1 0 0 0 0 1 
1 0 0 0 0 1 0 0 0 0 1 0 0 0 0 1 
1 0 0 0 0 1 0 0 0 0 1 0 0 0 0 1 
1 0 0 0 0 1 0 0 0 0 1 0 0 0 0 1 
1 0 0 0 0 1 0 0 0 0 1 0 0 0 0 1 
1 0 0 0 0 1 0 0 0 0 1 0 0 0 0 1 
1 0 0 0 0 1 0 0 0 0 1 0 0 0 0 1 
1 0 0 0 0 1 0 0 0 0 1 0 0 0 0 1 
1 0 0 0 0 1 0 0 0 0 1 0 0 0 0 1 
1 0 0 0 0 1 0 0 0 0 1 0 0 0 0 1 
1 0 0 0 0 1 0 0 0 0 1 0 0 0 0 1 
1 0 0 0 0 1 0 0 0 0 1 0 0 0 0 1 
1 0 0 0 0 1 0 0 0 0 1 0 0 0 0 1 
1 0 0 0 0 1 0 0 0 0 1 0 0 0 0 1 
1 0 0 0 0 1 0 0 0 0 1 0 0 0 0 1 
1 0 0 0 0 1 0 0 0 0 1 0 0 0 0 1 
1 0 0 0 0 1 0 0 0 0 1 0 0 0 0 1 
1 0 0 0 0 1 0 0 0 0 1 0 0 0 0 1 
1 0 0 0 0 1 0 0 0 0 1 0 0 0 0 1 
1 0 0 0 0 1 0 0 0 0 1 0 0 0 0 1 
1 0 0 0 0 1 0 0 0 0 1 0 0 0 0 1 
1 0 0 0 0 1 0 0 0 0 1 0 0 0 0 1 
1 0 0 0 0 1 0 0 0 0 1 0 0 0 0 1 
1 0 0 0 0 1 0 0 0 0 1 0 0 0 0 1 
1 0 0 0 0 1 0 0 0 0 1 0 0 0 0 1 
1 0 0 0 0 1 0 0 0 0 1 0 0 0 0 1 
1 0 0 0 0 1 0 0 0 0 1 0 0 0 0 1 
1 0 0 0 0 1 0 0 0 0 1 0 0 0 0 1 
1 0 0 0 0 1 0 0 0 0 1 0 0 0 0 1 
1 0 0 0 0 1 0 0 0 0 1 0 0 0 0 1 
1 0 0 0 0 1 0 0 0 0 1 0 0 0 0 1 
1 0 0 0 0 1 0 0 0 0 1 0 0 0 0 1 
1 0 0 0 0 1 0 0 0 0 1 0 0 0 0 1 
1 0 0 0 0 1 0 0 0 0 1 0 0 0 0 1 
1 0 0 0 0 1 0 0 0 0 1 0 0 0 0 1 
1 0 0 0 0 1 0 0 0 0 1 0 0 0 0 1 
1 0 0 0 0 1 0 0 0 0 1 0 0 0 0 1 
1 0 0 0 0 1 0 0 0 0 1 0 0 0 0 1 
1 0 0 0 0 1 0 0 0 0 1 0 0 0 0 1 
1 0 0 0 0 1 0 0 0 0 1 0 0 0 0 1 
1 0 0 0 0 1 0 0 0 0 1 0 0 0 0 1 
1 0 0 0 0 1 0 0 0 0 1 0 0 0 0 1 
1 0 0 0 0 1 0 0 0 0 1 0 0 0 0 1 
1 0 0 0 0 1 0 0 0 0 1 0 0 0 0 1 
1 0 0 0 0 1 0 0 0 0 1 0 0 0 0 1 
1 0 0 0 0 1 0 0 0 0 1 0 0 0 0 1 
1 0 0 0 0 1 0 0 0 0 1 0 0 0 0 1 
1 0 0 0 0 1 0 0 0 0 1 0 0 0 0 1 
1 0 0 0 0 1 0 0 0 0 1 0 0 0 0 1 
1 0 0 0 0 1 0 0 0 0 1 0 0 0 0 1 
1 0 0 0 0 1 0 0 0 0 1 0 0 0 0 1 
1 0 0 0 0 1 0 0 0 0 1 0 0 0 0 1 
1 0 0 0 0 1 0 0 0 0 1 0 0 0 0 1 
1 0 0 0 0 1 0 0 0 0 1 0 0 0 0 1 
1 0 0 0 0 1 0 0 0 0 1 0 0 0 0 1 
1 0 0 0 0 1 0 0 0 0 1 0 0 0 0 1 
1 0 0 0 0 1 0 0 0 0 1 0 0 0 0 1 
1 0 0 0 0 1 0 0 0 0 1 0 0 0 0 1 
1 0 0 0 0 1 0 0 0 0 1 0 0 0 0 1 
1 0 0 0 0 1 0 0 0 0 1 0 0 0 0 1 
1 0 0 0 0 1 0 0 0 0 1 0 0 0 0 1 
1 0 0 0 0 1 0 0 0 0 1 0 0 0 0 1 
1 0 0 0 0 1 0 0 0 0 1 0 0 0 0 1 
1 0 0 0 0 1 0 0 0 0 1 0 0 0 0 1 
1 0 0 0 0 1 0 0 0 0 1 0 0 0 0 1 
1 0 0 0 0 1 0 0 0 0 1 0 0 0 0 1 
1 0 0 0 0 1 0 0 0 0 1 0 0 0 0 1 
1 0 0 0 0 1 0 0 0 0 1 0 0 0 0 1 
1 0 0 0 0 1 0 0 0 0 1 0 0 0 0 1 
1 0 0 0 0 1 0 0 0 0 1 0 0 0 0 1 
1 0 0 0 0 1 0 0 0 0 1 0 0 0 0 1 
1 0 0 0 0 1 0 0 0 0 1 0 0 0 0 1 
1 0 0 0 0 1 0 0 0 0 1 0 0 0 0 1 
1 0 0 0 0 1 0 0 0 0 1 0 0 0 0 1 
1 0 0 0 0 1 0 0 0 0 1 0 0 0 0 1 
1 0 0 0 0 1 0 0 0 0 1 0 0 0 0 1 
1 0 0 0 0 1 0 0 0 0 1 0 0 0 0 1 
1 0 0 0 0 1 0 0 0 0 1 0 0 0 0 1 
1 0 0 0 0 1 0 0 0 0 1 0 0 0 0 1 
1 0 0 0 0 1 0 0 0 0 1 0 0 0 0 1 
1 0 0 0 0 1 0 0 0 0 1 0 0 0 0 1 
1 0 0 0 0 1 0 0 0 0 1 0 0 0 0 1 
1 0 0 0 0 1 0 0 0 0 1 0 0 0 0 1 
1 0 0 0 0 1 0 0 0 0 1 0 0 0 0 1 
1 0 0 0 0 1 0 0 0 0 1 0 0 0 0 1 
1 0 0 0 0 1 0 0 0 0 1 0 0 0 0 1 
1 0 0 0 0 1 0 0 0 0 1 0 0 0 0 1 
1 0 0 0 0 1 0 0 0 0 1 0 0 0 0 1 
1 0 0 0 0 1 0 0 0 0 1 0 0 0 0 1 
1 0 0 0 0 1 0 0 0 0 1 0 0 0 0 1 
1 0 0 0 0 1 0 0 0 0 1 0 0 0 0 1 
1 0 0 0 0 1 0 0 0 0 1 0 0 0 0 1 
1 0 0 0 0 1 0 0 0 0 1 0 0 0 0 1 
1 0 0 0 0 1 0 0 0 0 1 0 0 0 0 1 
1 0 0 0 0 1 0 0 0 0 1 0 0 0 0 1 
1 0 0 0 0 1 0 0 0 0 1 0 0 0 0 1 
1 0 0 0 0 1 0 0 0 0 1 0 0 0 0 1 
1 0 0 0 0 1 0 0 0 0 1 0 0 0 0 1 
1 0 0 0 0 1 0 0 0 0 1 0 0 0 0 1 
1 0 0 0 0 1 0 0 0 0 1 0 0 0 0 1 
1 0 0 0 0 1 0 0 0 0 1 0 0 0 0 1 
1 0 0 0 0 1 0 0 0 0 1 0 0 0 0 1 
1 0 0 0 0 1 0 0 0 0 1 0 0 0 0 1 
1 0 0 0 0 1 0 0 0 0 1 0 0 0 0 1 
1 0 0 0 0 1 0 0 0 0 1 0 0 0 0 1 
1 0 0 0 0 1 0 0 0 0 1 0 0 0 0 1 
1 0 0 0 0 1 0 0 0 0 1 0 0 0 0 1 
1 0 0 0 0 1 0 0 0 0 1 0 0 0 0 1 
1 0 0 0 0 1 0 0 0 0 1 0 0 0 0 1 
1 0 0 0 0 1 0 0 0 0 1 0 0 0 0 1 
1 0 0 0 0 1 0 0 0 0 1 0 0 0 0 1 
1 0 0 0 0 1 0 0 0 0 1 0 0 0 0 1 
1 0 0 0 0 1 0 0 0 0 1 0 0 0 0 1 
1 0 0 0 0 1 0 0 0 0 1 0 0 0 0 1 
